GUESS    :MOVING_SM
STARTTIME:1287581223461
ENDTIME  :1287581236823
LOCATION :Location[mProvider=network,mTime=1287581212018,mLatitude=55.74737635,mLongitude=12.378756975,mHasAltitude=false,mAltitude=0.0,mHasSpeed=false,mSpeed=0.0,mHasBearing=false,mBearing=0.0,mHasAccuracy=true,mAccuracy=127.0,mExtras=Bundle[mParcelledData.dataSize=148]]
ADDRESS :

0.81
0.41
0.23
0.49
0.08
0.34
0.33
0.10
0.24
0.13
0.06
0.16
0.10
0.03
0.10
0.20
0.11
0.13
0.23
0.04
0.14
0.22
0.08
0.16
0.10
0.06
0.23
0.14
0.03
0.16
0.06
0.07
0.14
0.09
0.04
0.04
0.07
0.04
0.09
0.08
0.07
0.02
0.04
0.04
0.00
0.04
0.02
0.04
0.05
0.10
0.06
0.03
0.05
0.07
0.03
0.04
0.01
0.08
0.10
0.05
0.04
0.05
0.01
0.02
0.05
0.04
0.03
0.07
0.05
0.06
0.11
0.05
0.00
0.10
0.06
0.07
0.06
0.04
0.08
0.07
0.05
0.05
0.02
0.03
0.01
0.05
0.04
0.03
0.01
0.07
0.04
0.07
0.09
0.04
0.06
0.07
0.02
0.04
0.01
0.07
0.07
0.02
0.03
0.07
0.08
0.03
0.06
0.05
0.02
0.01
0.05
0.02
0.04
0.04
0.03
0.07
0.07
0.07
0.05
0.02
0.06
0.06
0.04
0.05
0.01
0.07
0.10
0.04
