GUESS    :IDLE
STARTTIME:1287581708835
ENDTIME  :1287581723114
LOCATION :Location[mProvider=network,mTime=1287581694767,mLatitude=55.7335666,mLongitude=12.3863783,mHasAltitude=false,mAltitude=0.0,mHasSpeed=false,mSpeed=0.0,mHasBearing=false,mBearing=0.0,mHasAccuracy=true,mAccuracy=68.0,mExtras=Bundle[mParcelledData.dataSize=148]]
ADDRESS :

0.11
0.01
0.03
0.00
0.01
0.01
0.03
0.02
0.01
0.01
0.01
0.02
0.01
0.02
0.02
0.02
0.01
0.01
0.00
0.01
0.02
0.01
0.01
0.01
0.00
0.01
0.01
0.00
0.01
0.01
0.01
0.00
0.00
0.01
0.01
0.01
0.01
0.00
0.00
0.00
0.00
0.01
0.00
0.01
0.01
0.00
0.01
0.00
0.00
0.00
0.01
0.00
0.00
0.01
0.00
0.00
0.01
0.00
0.01
0.01
0.01
0.00
0.00
0.00
0.01
0.00
0.01
0.00
0.01
0.01
0.01
0.01
0.00
0.00
0.01
0.00
0.02
0.00
0.00
0.01
0.00
0.01
0.00
0.00
0.01
0.01
0.00
0.01
0.00
0.00
0.01
0.01
0.01
0.01
0.00
0.00
0.01
0.01
0.01
0.01
0.01
0.00
0.01
0.00
0.01
0.00
0.00
0.00
0.00
0.01
0.01
0.01
0.01
0.01
0.00
0.01
0.01
0.01
0.01
0.00
0.00
0.00
0.00
0.00
0.01
0.01
0.00
0.00
