GUESS    :MOVING_SM
STARTTIME:1287580771482
ENDTIME  :1287580785458
LOCATION :Location[mProvider=network,mTime=1287580783692,mLatitude=55.749603300000004,mLongitude=12.376726900000001,mHasAltitude=false,mAltitude=0.0,mHasSpeed=false,mSpeed=0.0,mHasBearing=false,mBearing=0.0,mHasAccuracy=true,mAccuracy=49.0,mExtras=Bundle[mParcelledData.dataSize=148]]
ADDRESS :

0.30
0.68
5.75
4.07
3.42
2.03
1.35
2.60
0.50
1.68
0.74
0.99
0.67
0.44
1.02
1.83
2.48
5.11
5.03
4.99
1.77
7.94
2.62
2.11
0.91
1.63
1.14
3.72
2.49
1.40
1.50
2.83
3.85
1.99
2.03
2.56
2.11
1.62
0.79
1.58
2.91
1.53
2.10
1.27
0.72
1.61
1.91
2.57
0.57
1.35
0.23
0.82
0.63
0.50
0.31
0.35
0.38
0.34
0.34
0.19
0.31
0.25
0.30
0.23
0.11
0.39
0.19
0.22
0.11
0.38
0.93
1.16
0.44
0.30
0.31
0.07
0.20
0.08
0.08
0.11
0.12
0.12
0.33
0.16
0.15
0.08
0.07
0.20
0.08
0.11
0.19
0.11
0.22
0.31
0.27
0.23
0.27
0.15
0.38
0.34
0.34
0.15
0.15
0.39
0.63
0.61
0.84
0.54
0.95
0.68
0.67
0.37
0.31
0.54
0.14
0.61
1.04
0.64
0.42
1.02
1.57
1.05
1.05
0.53
0.99
0.60
0.26
1.29
0.61
0.27
0.22
0.22
0.19
0.22
0.35
0.19
0.29
0.74
0.41
0.16
0.46
0.27
0.23
0.12
0.23
0.15
0.56
0.49
0.78
0.98
0.37
0.53
0.25
0.39
0.46
0.42
0.42
0.56
0.23
0.46
0.35
0.35
0.31
0.11
0.31
0.38
0.49
0.56
1.42
1.21
1.25
1.09
1.65
0.23
0.57
0.87
1.25
0.65
0.56
1.24
0.91
0.30
0.61
0.44
0.54
0.19
0.57
0.74
0.78
1.95
1.16
0.63
0.69
1.16
0.53
1.61
0.65
0.84
0.20
0.27
0.26
0.49
0.86
0.42
0.25
0.82
0.50
0.79
0.33
0.03
0.25
0.15
0.23
0.23
0.18
0.20
0.12
0.22
0.26
0.16
0.19
0.15
0.11
0.05
0.10
0.20
0.20
0.16
0.04
0.08
0.16
0.25
0.11
0.31
0.14
0.19
0.15
0.15
0.08
0.12
0.11
0.07
0.11
0.12
0.16
0.12
0.18
0.23
0.19
0.11
0.19
0.30
0.27
0.07
0.11
0.60
