GUESS    :WALKING
STARTTIME:1287581791025
ENDTIME  :1287581804004
LOCATION :Location[mProvider=network,mTime=1287581754906,mLatitude=55.7335176,mLongitude=12.386356150000001,mHasAltitude=false,mAltitude=0.0,mHasSpeed=false,mSpeed=0.0,mHasBearing=false,mBearing=0.0,mHasAccuracy=true,mAccuracy=68.0,mExtras=Bundle[mParcelledData.dataSize=148]]
ADDRESS :

1.23
0.42
0.65
0.16
0.52
0.29
0.46
0.53
0.59
0.87
1.42
0.82
0.89
0.74
1.25
1.61
1.25
0.61
1.08
3.50
4.25
1.69
3.69
0.50
1.63
1.50
0.83
1.89
0.35
1.73
0.83
0.42
0.33
0.27
0.86
0.68
1.99
2.76
2.62
1.16
2.00
1.69
1.04
0.95
0.76
0.46
0.89
2.15
1.38
1.63
2.26
1.04
0.84
0.35
0.59
0.44
0.15
0.34
0.12
0.08
0.16
0.19
0.19
0.16
0.22
0.14
0.08
0.19
0.23
0.26
0.61
0.53
0.39
0.27
0.22
0.80
0.89
0.54
0.84
0.74
0.26
0.31
0.23
0.30
0.60
0.95
0.64
0.65
0.19
0.99
0.46
0.64
0.80
1.44
1.27
0.61
1.06
0.65
2.08
1.74
1.18
2.30
1.48
1.05
1.54
1.73
1.40
0.97
1.42
3.38
3.11
4.67
4.44
2.71
2.68
1.12
0.76
0.72
0.18
1.63
0.67
3.11
0.35
2.07
1.02
0.84
1.05
0.23
2.08
1.48
1.24
0.97
2.03
3.28
4.34
2.07
3.45
3.30
2.29
0.74
3.64
4.06
4.69
2.93
6.25
5.94
2.87
2.08
2.56
1.38
1.59
1.27
0.80
1.85
0.93
0.44
0.98
2.32
4.32
3.19
7.89
8.24
3.64
6.20
4.21
4.52
1.87
2.53
1.66
1.50
1.02
5.61
5.13
2.63
5.41
4.36
7.55
3.57
1.29
1.62
1.10
0.86
3.08
3.06
7.93
4.14
15.51
3.95
3.68
1.65
4.75
4.29
4.06
7.16
3.99
2.86
2.71
1.76
2.41
1.04
1.39
0.76
1.77
2.08
1.53
2.60
0.72
1.27
0.97
0.93
0.89
2.03
1.72
0.53
2.98
2.23
5.80
6.39
7.25
4.10
5.24
0.84
0.95
2.90
4.55
5.37
6.44
7.63
6.95
8.20
2.49
3.57
0.59
1.54
3.31
1.24
2.96
4.21
4.56
3.28
5.24
2.90
6.96
3.98
3.91
2.57
5.01
6.09
2.94
11.21
14.60
5.75
9.00
3.39
8.46
2.38
