GUESS    :MOVING_ME
STARTTIME:1287581963745
ENDTIME  :1287581976725
LOCATION :Location[mProvider=network,mTime=1287581934988,mLatitude=55.7335666,mLongitude=12.3863783,mHasAltitude=false,mAltitude=0.0,mHasSpeed=false,mSpeed=0.0,mHasBearing=false,mBearing=0.0,mHasAccuracy=true,mAccuracy=68.0,mExtras=Bundle[mParcelledData.dataSize=148]]
ADDRESS :

15.88
3.45
8.50
4.67
5.16
1.92
5.43
1.18
3.31
3.55
2.48
6.05
3.91
7.00
6.40
6.81
1.73
3.46
1.01
2.55
2.76
3.80
4.25
7.21
4.56
5.56
3.70
7.57
1.78
5.01
0.72
1.87
1.08
0.84
2.94
1.61
1.18
1.01
2.18
3.26
1.54
0.76
1.29
0.65
1.08
1.20
0.63
0.56
0.65
0.60
0.93
1.16
0.50
1.38
3.60
3.46
3.60
1.65
2.47
2.29
1.42
1.12
0.60
1.87
1.12
1.48
0.50
1.25
1.20
1.08
3.16
2.11
5.08
6.74
4.73
5.34
0.69
3.45
1.25
1.65
2.72
3.68
0.72
4.60
5.18
3.12
6.47
6.40
3.53
4.14
2.45
1.23
2.68
0.76
0.15
1.38
0.80
3.06
1.89
4.84
4.54
4.41
1.29
2.64
0.76
0.98
1.88
2.60
1.84
2.64
5.30
3.11
2.76
2.37
1.62
0.45
1.32
0.65
1.13
0.91
1.24
0.08
0.68
0.25
0.35
0.69
0.57
0.42
0.93
1.42
0.95
1.02
1.33
0.87
1.47
1.73
2.48
0.76
1.43
0.91
1.54
1.04
0.44
0.65
1.42
1.36
3.38
3.68
5.43
4.20
4.52
2.94
3.34
2.10
3.79
3.02
0.91
0.98
0.84
0.89
3.17
2.12
3.11
5.16
2.96
1.50
2.21
0.50
1.40
0.75
0.57
1.46
2.21
1.50
1.58
5.67
0.99
5.69
3.27
1.63
1.51
4.30
3.68
1.92
1.14
1.62
0.68
0.34
0.54
1.65
0.60
0.91
1.55
1.91
4.63
1.42
3.69
5.52
4.45
4.40
1.65
2.72
0.69
0.99
2.34
2.48
0.61
2.37
4.77
3.68
6.24
2.15
5.56
2.52
4.10
1.62
2.04
1.12
0.78
2.18
0.68
4.14
1.65
5.18
1.42
3.79
2.47
3.16
1.63
0.84
1.31
1.68
2.30
1.57
3.36
1.29
1.92
0.75
1.99
0.50
0.50
0.14
0.25
0.53
0.63
0.29
0.50
0.38
0.23
0.35
0.14
0.11
0.30
1.12
1.74
0.97
