GUESS    :WALKING
STARTTIME:1287582016125
ENDTIME  :1287582029034
LOCATION :Location[mProvider=network,mTime=1287581995127,mLatitude=55.7334686,mLongitude=12.386334,mHasAltitude=false,mAltitude=0.0,mHasSpeed=false,mSpeed=0.0,mHasBearing=false,mBearing=0.0,mHasAccuracy=true,mAccuracy=75.0,mExtras=Bundle[mParcelledData.dataSize=148]]
ADDRESS :

3.32
0.17
0.94
1.15
0.58
0.63
0.10
0.09
0.39
0.54
0.14
0.43
0.37
0.11
0.32
0.17
0.39
0.91
0.15
0.78
0.37
0.50
1.27
0.36
0.36
0.39
0.12
0.17
0.24
0.16
0.16
0.30
0.19
0.14
0.12
0.25
0.13
0.09
0.07
0.28
0.25
0.15
0.23
0.25
0.15
0.03
0.03
0.19
0.18
0.25
0.04
0.09
0.23
0.05
0.15
0.17
0.13
0.05
0.12
0.20
0.15
0.17
0.16
0.16
0.27
0.03
0.07
0.20
0.12
0.07
0.15
0.05
0.08
0.02
0.05
0.23
0.12
0.20
0.18
0.14
0.19
0.32
0.39
0.10
0.23
0.22
0.15
0.07
0.02
0.09
0.15
0.15
0.21
0.18
0.13
0.03
0.13
0.12
0.24
0.21
0.23
0.16
0.10
0.45
0.18
0.07
0.37
0.07
0.25
0.14
0.08
0.05
0.15
0.25
0.23
0.18
0.04
0.20
0.24
0.22
0.48
0.16
0.23
0.21
0.11
0.18
0.21
0.11
