GUESS    :WALKING
STARTTIME:1288533694947
ENDTIME  :1288533708703
LOCALSPD :0.0
LONGSPD  :0.0
LOCATION :Location[mProvider=network,mTime=1288533705760,mLatitude=55.745827,mLongitude=12.369069,mHasAltitude=false,mAltitude=0.0,mHasSpeed=false,mSpeed=0.0,mHasBearing=false,mBearing=0.0,mHasAccuracy=true,mAccuracy=619.0,mExtras=Bundle[mParcelledData.dataSize=148]]
ADDRESS :

0.48
0.23
0.04
0.39
0.33
0.53
0.56
0.42
0.34
0.19
0.12
0.39
0.15
0.38
0.59
0.49
0.39
0.12
0.18
0.67
0.31
0.15
0.19
0.18
0.49
0.27
0.27
0.16
0.46
0.35
0.16
0.79
0.22
0.53
0.19
0.41
0.03
0.25
0.15
0.18
0.15
0.04
0.42
0.03
0.64
0.39
0.34
0.78
0.23
1.51
0.64
1.10
0.65
0.31
0.84
0.25
0.72
0.67
0.57
0.46
0.37
0.53
0.57
0.15
0.12
0.45
1.04
0.54
0.45
0.54
0.46
0.93
0.49
0.65
0.69
0.72
0.31
0.46
0.41
0.38
0.72
0.30
0.60
0.91
0.98
1.14
0.93
1.06
1.20
0.74
3.68
3.15
5.34
5.20
2.94
1.46
1.04
1.48
1.39
1.35
0.86
0.83
0.68
0.42
2.91
1.96
2.37
2.22
3.09
3.61
2.15
1.95
2.41
1.91
4.97
2.33
6.06
5.18
3.84
4.26
18.88
11.69
3.91
2.42
4.79
1.42
1.76
0.95
1.33
1.10
1.42
0.53
1.61
1.44
4.86
4.93
4.22
3.88
4.10
6.97
6.12
5.35
3.58
1.42
3.60
9.37
6.39
9.38
7.25
4.67
6.93
4.49
3.00
1.87
1.46
3.45
0.80
3.00
4.70
3.49
7.78
11.69
13.65
3.64
1.70
2.67
2.72
7.78
4.17
3.99
1.31
7.06
5.68
3.19
4.67
3.45
0.84
1.17
4.48
4.41
5.94
4.73
14.15
11.02
11.03
8.55
4.18
14.12
10.77
15.12
3.99
5.68
2.70
3.51
28.66
14.86
18.12
8.66
9.92
7.42
3.21
1.10
2.37
3.83
3.43
6.37
5.24
7.80
14.71
10.95
11.43
1.16
3.49
1.73
27.46
15.20
21.15
10.80
5.68
6.66
2.45
2.03
3.73
1.43
1.14
2.48
2.34
2.08
12.99
9.98
14.93
5.37
3.36
4.88
14.79
16.62
22.19
10.04
8.36
2.53
2.71
0.44
1.17
1.51
1.57
1.44
1.12
2.11
4.02
13.59
7.46
5.71
3.47
10.37
7.44
11.58
