GUESS    :WALKING
STARTTIME:1288534029915
ENDTIME  :1288534044554
LOCALSPD :0.0
LONGSPD  :0.0
LOCATION :Location[mProvider=network,mTime=1288534015411,mLatitude=55.745827,mLongitude=12.369069,mHasAltitude=false,mAltitude=0.0,mHasSpeed=false,mSpeed=0.0,mHasBearing=false,mBearing=0.0,mHasAccuracy=true,mAccuracy=619.0,mExtras=Bundle[mParcelledData.dataSize=148]]
ADDRESS :

1.54
1.49
0.23
0.40
0.12
0.18
0.08
0.16
0.06
0.06
0.16
0.09
0.19
0.17
0.11
0.12
0.29
0.19
0.18
0.30
0.15
0.28
0.24
0.28
0.40
0.36
0.23
0.06
0.11
0.15
0.10
0.07
0.04
0.08
0.10
0.11
0.03
0.05
0.08
0.09
0.03
0.04
0.07
0.06
0.08
0.04
0.06
0.07
0.10
0.06
0.10
0.02
0.12
0.10
0.04
0.07
0.08
0.03
0.11
0.10
0.07
0.03
0.01
0.03
0.02
0.05
0.12
0.07
0.05
0.06
0.20
0.27
0.25
0.12
0.05
0.11
0.08
0.07
0.05
0.03
0.08
0.08
0.03
0.08
0.08
0.16
0.07
0.03
0.03
0.08
0.08
0.09
0.07
0.22
0.14
0.10
0.12
0.13
0.13
0.11
0.05
0.12
0.11
0.11
0.06
0.07
0.10
0.03
0.07
0.09
0.05
0.12
0.25
0.17
0.11
0.17
0.12
0.11
0.13
0.19
0.19
0.15
0.05
0.10
0.09
0.02
0.09
0.03
