GUESS    :WALKING
STARTTIME:1288534247903
ENDTIME  :1288534261093
LOCALSPD :0.0
LONGSPD  :0.0
LOCATION :Location[mProvider=network,mTime=1288534257306,mLatitude=55.740442,mLongitude=12.376823,mHasAltitude=false,mAltitude=0.0,mHasSpeed=false,mSpeed=0.0,mHasBearing=false,mBearing=0.0,mHasAccuracy=true,mAccuracy=872.0,mExtras=Bundle[mParcelledData.dataSize=148]]
ADDRESS :

0.26
0.19
0.35
0.04
0.19
0.08
0.16
0.07
0.31
0.34
0.49
0.61
0.69
0.42
0.80
1.80
1.24
0.57
2.81
1.62
1.59
1.53
0.35
0.97
0.87
0.80
0.42
0.49
0.23
0.38
0.37
0.45
0.04
0.35
0.37
0.41
0.61
0.45
0.54
0.68
0.42
1.29
0.83
1.95
1.53
0.80
1.88
1.93
0.69
1.92
1.89
0.91
1.32
1.20
0.76
0.95
3.01
1.70
1.61
0.74
0.33
1.18
1.38
2.72
1.24
1.57
0.59
0.50
0.45
1.58
0.53
1.57
1.16
0.48
1.46
0.44
0.83
0.38
0.45
0.63
0.45
1.39
0.45
2.10
1.54
3.60
14.78
7.27
8.29
4.66
1.18
2.62
3.72
1.54
1.38
1.54
2.03
2.68
0.61
1.84
1.89
2.56
3.42
11.99
16.13
9.08
4.06
1.74
0.74
0.59
1.36
1.88
0.38
1.65
0.69
0.44
0.89
0.33
0.49
0.33
0.50
0.18
0.22
0.11
0.38
0.12
0.12
0.18
0.14
0.15
0.07
0.14
0.30
0.22
0.07
0.11
0.18
0.11
0.39
0.42
0.11
0.15
0.44
0.60
2.78
1.57
1.65
0.91
0.41
0.97
0.50
0.15
0.42
0.64
0.50
0.61
0.46
0.75
1.38
0.69
0.53
0.38
0.53
1.46
0.78
1.33
1.65
0.87
1.42
1.92
0.78
0.46
1.28
1.28
0.86
0.87
1.10
2.51
1.83
2.00
0.89
1.69
1.76
1.50
0.95
2.45
2.72
3.65
3.17
1.29
2.18
0.98
1.16
1.31
0.89
0.41
0.27
1.31
0.76
1.13
0.61
0.82
0.30
0.78
1.57
1.24
1.95
0.46
1.02
0.57
1.65
0.97
1.40
0.91
0.83
0.39
0.60
0.67
1.02
0.93
1.24
0.82
1.68
2.45
0.93
1.14
1.72
1.40
1.32
0.69
0.72
1.04
0.49
1.38
0.42
1.33
0.11
0.68
0.91
0.89
1.16
1.20
0.74
0.54
1.10
0.34
0.39
0.45
0.65
0.48
0.80
0.60
0.46
0.89
0.82
0.08
