GUESS    :MOVING_SM
STARTTIME:1288532189565
ENDTIME  :1288532203164
LOCALSPD :0.0
LONGSPD  :-1.0
LOCATION :Location[mProvider=network,mTime=1288532169663,mLatitude=55.745827,mLongitude=12.369069,mHasAltitude=false,mAltitude=0.0,mHasSpeed=false,mSpeed=0.0,mHasBearing=false,mBearing=0.0,mHasAccuracy=true,mAccuracy=619.0,mExtras=Bundle[mParcelledData.dataSize=148]]
ADDRESS :

0.15
0.11
0.12
0.07
0.08
0.20
0.31
0.20
0.31
0.11
0.20
0.25
0.65
0.61
0.16
0.38
0.04
0.04
0.12
0.15
0.27
0.18
0.16
0.23
0.23
0.27
0.19
0.54
0.30
0.27
0.27
0.23
0.74
0.22
0.53
0.31
0.38
0.27
0.07
0.50
0.26
0.19
0.53
0.14
0.19
0.19
0.23
0.16
0.31
0.07
0.23
0.35
0.15
0.19
0.12
0.08
0.38
0.08
0.34
0.38
0.27
0.37
0.25
0.69
0.16
0.38
0.12
0.50
0.30
0.19
0.12
0.23
0.46
0.15
0.30
0.30
0.07
0.11
0.60
0.22
0.46
0.22
0.11
0.23
0.08
0.23
0.25
0.19
0.27
0.22
0.15
0.12
0.04
0.16
0.19
0.10
0.20
0.19
0.29
0.08
0.30
0.23
0.26
0.23
0.26
0.14
0.15
0.23
0.15
0.38
0.26
0.34
0.30
0.08
0.16
0.20
0.49
0.23
0.46
0.30
0.11
0.08
0.22
0.20
0.34
0.15
0.33
0.16
0.11
0.11
0.04
0.12
0.23
0.20
0.41
0.12
0.31
0.19
0.04
0.12
0.23
0.39
0.78
0.20
0.42
0.52
0.27
0.42
0.50
0.27
0.44
0.15
0.20
0.53
0.34
0.27
0.23
0.19
0.12
0.46
0.15
0.23
0.38
0.19
0.30
0.15
0.30
0.35
0.04
0.04
0.08
0.04
0.04
0.04
0.23
0.30
0.12
0.12
0.15
0.11
0.04
0.03
0.07
0.12
0.08
0.16
0.12
0.08
0.12
0.08
0.11
0.19
0.08
0.16
0.04
0.16
0.08
0.04
0.12
0.08
0.12
0.08
0.04
0.04
0.04
0.04
0.04
0.08
0.08
0.08
0.04
0.08
0.04
0.12
0.16
0.08
0.08
0.08
0.16
0.16
0.08
0.04
0.19
0.15
0.04
0.12
0.04
0.04
0.08
0.08
0.08
0.08
0.08
0.08
0.08
0.16
0.12
0.12
0.07
0.11
0.08
0.12
0.12
0.04
0.16
0.08
0.08
0.04
0.04
0.04
0.08
0.04
0.04
0.04
0.08
0.08
