GUESS    :MOVING_SM
STARTTIME:1288532417035
ENDTIME  :1288532429933
LOCALSPD :0.0
LONGSPD  :0.0
LOCATION :Location[mProvider=network,mTime=1288532402804,mLatitude=55.745827,mLongitude=12.369069,mHasAltitude=false,mAltitude=0.0,mHasSpeed=false,mSpeed=0.0,mHasBearing=false,mBearing=0.0,mHasAccuracy=true,mAccuracy=619.0,mExtras=Bundle[mParcelledData.dataSize=148]]
ADDRESS :

0.74
0.69
0.46
0.76
1.12
1.31
1.61
1.23
0.84
0.65
0.27
0.60
0.26
0.16
0.61
0.12
1.74
0.60
1.39
0.57
0.80
0.61
0.33
0.45
0.95
0.30
0.57
0.27
0.38
0.19
0.34
0.22
0.26
0.39
0.04
0.27
0.11
0.08
0.26
0.37
0.34
0.11
0.15
0.19
0.08
0.23
0.14
0.33
0.11
0.11
0.07
0.07
0.08
0.19
0.15
0.07
0.03
0.18
0.26
0.07
0.07
0.04
0.08
0.19
0.11
0.04
0.19
0.12
0.15
0.27
0.20
0.23
0.11
0.25
0.11
0.11
0.04
0.07
0.07
0.18
0.08
0.14
0.19
0.11
0.15
0.08
0.08
0.04
0.07
0.22
0.19
0.16
0.25
0.34
0.12
0.04
0.12
0.99
0.65
0.22
0.30
0.23
0.35
0.31
0.35
0.29
0.16
0.04
0.12
0.12
0.12
0.04
0.08
0.07
0.12
0.08
0.04
0.04
0.07
0.07
0.07
0.04
0.04
0.15
0.07
0.12
0.08
0.12
0.08
0.07
0.11
0.12
0.16
0.19
0.11
0.08
0.16
0.19
0.08
0.15
0.12
0.12
0.27
0.25
0.19
0.15
0.19
0.15
0.11
0.20
0.12
0.34
0.19
0.49
0.52
0.46
0.34
0.34
0.11
0.45
0.76
0.57
0.23
0.27
0.16
0.12
0.11
0.20
0.27
0.08
0.30
0.19
0.12
0.08
0.26
1.23
1.72
1.44
0.61
0.15
0.22
0.07
0.23
0.15
0.23
0.16
0.18
0.11
0.12
0.23
0.08
0.31
0.14
0.20
0.19
0.15
0.07
0.22
1.43
2.17
1.12
0.25
0.16
0.08
0.11
0.23
0.35
0.31
0.33
0.46
0.08
0.23
0.22
1.53
2.76
2.30
0.87
0.26
0.16
0.19
0.23
0.19
0.27
0.30
0.20
0.22
0.19
0.26
0.23
0.23
0.12
0.57
1.08
0.80
0.50
0.74
0.35
0.22
0.20
0.19
0.15
0.15
0.12
0.19
0.22
0.23
0.30
0.03
0.16
0.20
0.18
0.23
0.34
0.30
0.26
0.53
