GUESS    :MOVING_SM
STARTTIME:1288532672825
ENDTIME  :1288532685793
LOCALSPD :0.0
LONGSPD  :0.0
LOCATION :Location[mProvider=network,mTime=1288532642938,mLatitude=55.744994,mLongitude=12.367166,mHasAltitude=false,mAltitude=0.0,mHasSpeed=false,mSpeed=0.0,mHasBearing=false,mBearing=0.0,mHasAccuracy=true,mAccuracy=680.0,mExtras=Bundle[mParcelledData.dataSize=148]]
ADDRESS :

2.53
1.25
0.63
1.08
2.30
0.19
1.35
1.77
2.23
0.76
0.26
0.49
0.72
0.64
0.52
0.26
0.19
0.19
0.15
0.12
0.26
0.04
0.03
0.10
0.11
0.15
0.11
0.15
0.11
0.14
0.03
0.14
0.12
0.11
0.11
0.11
0.15
0.14
0.04
0.08
0.15
0.08
0.16
0.16
0.08
0.41
0.15
0.39
0.31
0.19
0.31
0.12
0.29
0.41
0.86
0.65
2.06
0.72
0.45
1.29
1.10
0.08
0.83
0.72
1.57
3.00
3.76
1.25
0.29
0.46
0.08
0.16
0.52
0.37
0.41
0.23
0.20
0.34
0.34
0.31
0.12
0.33
0.27
1.14
0.50
0.50
0.65
0.27
0.23
0.39
0.46
1.14
0.86
1.69
1.92
1.18
1.38
0.48
0.18
0.99
0.94
0.89
1.16
1.61
1.23
1.06
1.76
0.82
0.50
1.88
1.31
0.57
0.94
0.95
1.38
1.42
0.53
1.39
0.68
1.04
1.23
1.18
0.72
0.76
0.30
1.40
1.74
3.06
1.80
6.93
3.16
3.26
1.97
1.21
1.02
1.35
0.69
0.89
0.22
1.13
1.31
0.12
0.69
0.31
0.15
0.31
0.76
0.68
0.63
0.30
0.15
0.27
0.27
0.59
0.61
2.00
1.50
0.38
0.31
0.42
0.35
0.15
0.72
0.25
0.04
0.16
0.22
0.25
0.04
0.16
0.19
0.23
0.05
0.07
0.10
0.07
0.19
0.11
0.41
0.30
0.35
0.19
0.30
0.30
0.34
0.31
0.19
0.16
0.15
1.44
1.28
0.35
0.07
1.24
0.61
3.26
4.52
1.53
1.21
4.37
5.60
3.17
1.01
0.27
0.50
0.18
0.34
0.30
0.31
1.12
0.42
0.65
0.23
0.04
0.38
0.31
0.86
0.25
0.44
0.71
3.27
2.96
0.42
1.10
0.60
0.59
4.49
5.20
2.25
0.41
0.18
0.07
0.26
0.16
0.19
0.15
0.30
0.04
0.19
0.15
0.89
0.65
0.37
0.19
0.27
0.19
0.42
0.11
0.79
2.11
2.30
1.18
1.27
0.39
0.12
0.29
