GUESS    :MOVING_SM
STARTTIME:1288532751574
ENDTIME  :1288532764903
LOCALSPD :0.0
LONGSPD  :0.0
LOCATION :Location[mProvider=network,mTime=1288532763025,mLatitude=55.744994,mLongitude=12.367166,mHasAltitude=false,mAltitude=0.0,mHasSpeed=false,mSpeed=0.0,mHasBearing=false,mBearing=0.0,mHasAccuracy=true,mAccuracy=680.0,mExtras=Bundle[mParcelledData.dataSize=148]]
ADDRESS :

0.18
0.29
0.14
0.19
0.80
0.76
1.50
2.81
1.18
2.12
1.02
2.07
1.50
1.13
1.88
1.06
0.44
0.64
0.80
0.76
0.93
0.76
1.57
1.84
4.59
2.44
2.36
3.75
0.67
0.99
0.68
0.31
1.10
0.15
0.26
0.68
0.44
0.31
1.10
0.26
0.97
0.34
1.74
1.05
0.78
0.84
1.08
2.23
2.03
0.34
0.76
2.56
1.27
0.80
0.30
0.42
0.64
1.59
1.81
1.05
0.53
0.82
1.23
0.15
0.42
0.19
0.08
0.04
0.22
0.10
0.23
0.90
0.89
0.48
0.78
0.63
0.79
0.57
0.23
1.05
0.67
0.99
2.66
0.53
3.09
2.03
1.18
1.88
0.39
1.83
1.18
2.14
0.98
2.64
0.68
1.69
2.23
2.67
1.65
0.57
0.69
1.80
1.23
1.14
1.33
0.65
1.72
1.72
0.20
1.72
1.42
0.33
1.21
0.95
2.86
0.84
0.91
0.86
0.27
2.08
2.90
1.35
0.54
0.89
0.74
0.63
0.49
0.63
1.16
1.16
0.84
0.87
0.61
0.45
0.34
0.23
0.12
0.08
0.20
0.11
0.45
0.72
0.65
0.12
0.75
0.44
0.42
0.30
0.84
0.98
0.34
0.18
0.31
0.69
0.42
1.09
0.19
0.53
0.61
1.46
1.38
1.72
1.48
0.78
0.78
0.37
5.01
2.83
0.69
0.45
1.10
0.44
0.12
0.19
0.22
0.11
0.46
0.22
0.33
0.20
0.12
0.65
0.52
0.84
1.35
0.49
0.59
0.30
0.60
0.54
0.50
0.27
0.44
0.30
0.31
0.23
0.16
0.31
0.37
0.39
0.53
0.33
0.23
0.19
0.23
0.23
0.03
0.11
0.08
0.12
0.08
0.23
0.12
0.08
0.15
0.12
0.12
0.12
0.16
0.27
0.29
0.15
0.34
0.25
0.16
0.12
0.29
0.75
0.84
0.38
0.30
0.59
0.19
0.97
4.44
5.09
1.53
3.08
2.30
1.96
1.92
0.90
1.73
1.02
1.61
1.46
1.50
1.76
1.01
0.34
0.72
1.38
1.73
0.84
2.07
5.90
