GUESS    :IDLE
STARTTIME:1288533136474
ENDTIME  :1288533150233
LOCALSPD :0.0
LONGSPD  :0.0
LOCATION :Location[mProvider=network,mTime=1288533105303,mLatitude=55.740442,mLongitude=12.376823,mHasAltitude=false,mAltitude=0.0,mHasSpeed=false,mSpeed=0.0,mHasBearing=false,mBearing=0.0,mHasAccuracy=true,mAccuracy=872.0,mExtras=Bundle[mParcelledData.dataSize=148]]
ADDRESS :

0.15
0.08
0.11
0.19
0.11
0.19
0.11
0.15
0.04
0.15
0.11
0.19
0.23
0.12
0.14
0.05
0.11
0.04
0.03
0.04
0.12
0.11
0.18
0.07
0.10
0.03
0.10
0.14
0.03
0.11
0.12
0.10
0.16
0.10
0.11
0.11
0.18
0.11
0.08
0.07
0.12
0.11
0.19
0.15
0.08
0.15
0.15
0.14
0.03
0.03
0.04
0.12
0.04
0.11
0.07
0.11
0.04
0.15
0.08
0.04
0.15
0.15
0.14
0.07
0.19
0.07
0.14
0.11
0.14
0.12
0.15
0.14
0.08
0.11
0.07
0.05
0.19
0.12
0.12
0.16
0.04
0.07
0.20
0.18
0.04
0.19
0.20
0.15
0.19
0.19
0.19
0.12
0.25
0.25
0.11
0.07
0.15
0.04
0.11
0.12
0.08
0.04
0.08
0.04
0.18
0.11
0.16
0.08
0.08
0.19
0.34
0.29
0.34
0.22
0.22
0.57
0.34
0.27
0.11
0.03
0.07
0.27
0.20
0.30
0.31
0.46
0.65
0.63
0.99
0.46
0.50
0.59
0.59
0.12
0.16
0.20
0.08
0.15
0.12
0.12
0.11
0.29
0.07
0.18
0.12
0.15
0.12
0.15
0.10
0.11
0.08
0.05
0.11
0.07
0.07
0.07
0.12
0.23
0.19
0.12
0.14
0.19
0.15
0.04
0.07
0.14
0.11
0.19
0.26
0.23
0.23
0.08
0.07
0.07
0.15
0.03
0.22
0.22
0.31
0.14
0.16
0.18
0.12
0.08
0.08
0.12
0.12
0.08
0.11
0.11
0.12
0.04
0.04
0.12
0.12
0.31
0.15
0.03
0.11
0.08
0.08
0.04
0.16
0.20
0.12
0.11
0.07
0.08
0.20
0.12
0.20
0.16
0.12
0.12
0.16
0.11
0.30
0.14
0.08
0.08
0.11
0.11
0.08
0.08
0.15
0.04
0.20
0.07
0.14
0.04
0.11
0.08
0.08
0.16
0.25
0.20
0.04
0.16
0.16
0.16
0.16
0.16
0.08
0.08
0.08
0.04
0.04
0.11
0.07
0.12
0.16
0.04
0.16
0.08
0.19
0.27
