GUESS    :IDLE
STARTTIME:1288533191124
ENDTIME  :1288533204743
LOCALSPD :0.0
LONGSPD  :0.0
LOCATION :Location[mProvider=network,mTime=1288533162950,mLatitude=55.744994,mLongitude=12.367166,mHasAltitude=false,mAltitude=0.0,mHasSpeed=false,mSpeed=0.0,mHasBearing=false,mBearing=0.0,mHasAccuracy=true,mAccuracy=680.0,mExtras=Bundle[mParcelledData.dataSize=148]]
ADDRESS :

0.10
0.01
0.01
0.01
0.00
0.00
0.01
0.01
0.01
0.00
0.00
0.00
0.00
0.01
0.00
0.00
0.00
0.00
0.01
0.01
0.01
0.01
0.00
0.00
0.01
0.00
0.00
0.00
0.01
0.01
0.00
0.01
0.01
0.00
0.00
0.00
0.01
0.01
0.01
0.01
0.01
0.00
0.00
0.01
0.01
0.00
0.00
0.00
0.00
0.00
0.00
0.00
0.01
0.01
0.01
0.00
0.00
0.00
0.01
0.01
0.01
0.00
0.00
0.00
0.01
0.01
0.01
0.00
0.01
0.01
0.00
0.01
0.01
0.01
0.00
0.01
0.01
0.01
0.00
0.00
0.00
0.00
0.00
0.00
0.00
0.01
0.00
0.01
0.00
0.00
0.01
0.01
0.01
0.00
0.00
0.01
0.01
0.01
0.01
0.01
0.00
0.01
0.01
0.00
0.01
0.01
0.01
0.00
0.00
0.00
0.00
0.00
0.00
0.00
0.01
0.01
0.00
0.00
0.00
0.00
0.00
0.01
0.01
0.00
0.01
0.00
0.01
0.00
