GUESS    :MOVING_SM
STARTTIME:1288469420943
ENDTIME  :1288469433901
LOCALSPD :0.0
LONGSPD  :2.8622549
LOCATION :Location[mProvider=network,mTime=1288469406332,mLatitude=55.7715187,mLongitude=12.502347100000001,mHasAltitude=false,mAltitude=0.0,mHasSpeed=false,mSpeed=0.0,mHasBearing=false,mBearing=0.0,mHasAccuracy=true,mAccuracy=60.0,mExtras=Bundle[mParcelledData.dataSize=148]]
ADDRESS :

0.96
0.10
0.52
0.22
0.36
0.13
0.28
0.14
0.25
0.14
0.21
0.14
0.10
0.14
0.08
0.11
0.01
0.12
0.07
0.04
0.01
0.07
0.04
0.06
0.06
0.07
0.02
0.12
0.05
0.07
0.10
0.08
0.05
0.06
0.10
0.06
0.07
0.04
0.12
0.07
0.14
0.07
0.13
0.08
0.12
0.05
0.01
0.04
0.03
0.02
0.05
0.06
0.04
0.07
0.06
0.03
0.05
0.08
0.05
0.05
0.04
0.01
0.04
0.09
0.09
0.03
0.03
0.08
0.05
0.04
0.03
0.09
0.01
0.07
0.05
0.05
0.05
0.07
0.06
0.12
0.04
0.05
0.02
0.04
0.03
0.06
0.03
0.08
0.10
0.10
0.02
0.05
0.03
0.01
0.01
0.07
0.02
0.05
0.02
0.02
0.05
0.06
0.03
0.01
0.03
0.03
0.05
0.05
0.04
0.13
0.05
0.06
0.03
0.06
0.07
0.02
0.11
0.01
0.11
0.04
0.06
0.03
0.04
0.04
0.04
0.05
0.08
0.02
