GUESS    :IDLE
STARTTIME:1288470538844
ENDTIME  :1288470553461
LOCALSPD :0.0
LONGSPD  :0.9299059
LOCATION :Location[mProvider=network,mTime=1288470540601,mLatitude=55.749570125000005,mLongitude=12.376560975,mHasAltitude=false,mAltitude=0.0,mHasSpeed=false,mSpeed=0.0,mHasBearing=false,mBearing=0.0,mHasAccuracy=true,mAccuracy=50.0,mExtras=Bundle[mParcelledData.dataSize=148]]
ADDRESS :

0.08
0.01
0.00
0.00
0.00
0.00
0.00
0.01
0.01
0.00
0.00
0.01
0.01
0.00
0.01
0.00
0.01
0.00
0.01
0.00
0.00
0.01
0.00
0.01
0.01
0.01
0.00
0.01
0.00
0.01
0.01
0.01
0.01
0.01
0.01
0.01
0.01
0.01
0.00
0.01
0.01
0.01
0.00
0.00
0.00
0.00
0.01
0.01
0.00
0.01
0.01
0.00
0.01
0.01
0.00
0.01
0.00
0.00
0.00
0.01
0.00
0.01
0.00
0.01
0.00
0.00
0.00
0.00
0.01
0.00
0.01
0.00
0.00
0.00
0.01
0.01
0.00
0.01
0.00
0.00
0.00
0.00
0.00
0.00
0.00
0.00
0.00
0.00
0.00
0.00
0.00
0.00
0.01
0.00
0.00
0.01
0.00
0.00
0.01
0.00
0.00
0.00
0.00
0.00
0.00
0.00
0.00
0.00
0.00
0.00
0.00
0.00
0.00
0.00
0.00
0.00
0.01
0.00
0.00
0.01
0.00
0.00
0.01
0.00
0.00
0.00
0.00
0.00
