GUESS    :MOVING_SM
STARTTIME:1288470727408
ENDTIME  :1288470742570
LOCALSPD :0.0
LONGSPD  :0.0
LOCATION :Location[mProvider=network,mTime=1288470723096,mLatitude=55.749545260000005,mLongitude=12.37648392,mHasAltitude=false,mAltitude=0.0,mHasSpeed=false,mSpeed=0.0,mHasBearing=false,mBearing=0.0,mHasAccuracy=true,mAccuracy=50.0,mExtras=Bundle[mParcelledData.dataSize=148]]
ADDRESS :

0.61
0.68
0.84
1.04
1.18
0.79
0.25
1.46
1.95
0.65
0.04
0.61
0.26
0.63
0.76
0.49
0.37
0.82
0.42
0.29
0.38
0.19
0.22
0.42
0.31
0.26
0.39
0.30
0.08
0.11
0.07
0.15
0.08
0.12
0.07
0.08
0.11
0.19
0.11
0.12
0.08
0.08
0.03
0.12
0.16
0.08
0.15
0.16
0.18
0.15
0.18
0.08
0.08
0.12
0.16
0.07
0.46
1.31
1.88
1.48
2.53
2.02
1.31
3.70
5.26
1.72
2.94
3.08
2.38
3.24
5.45
8.02
3.54
1.61
5.20
3.49
2.14
2.45
3.30
0.83
1.20
1.53
4.06
4.71
1.04
0.03
0.11
0.15
0.08
0.04
0.14
0.05
0.12
0.12
0.04
0.04
0.04
0.03
0.07
0.08
0.07
0.07
0.08
0.07
0.15
0.12
0.04
0.07
0.07
0.16
0.08
0.07
0.03
0.03
0.11
0.04
0.04
0.04
0.07
0.04
0.11
0.15
0.11
0.04
0.07
0.15
0.11
0.07
0.03
0.08
0.04
0.07
0.10
0.07
0.10
0.04
0.04
0.07
0.03
0.07
0.07
0.14
0.11
0.08
0.08
0.11
0.08
0.11
0.11
0.15
0.08
0.04
0.03
0.07
0.12
0.11
0.12
0.08
0.11
0.08
0.08
0.07
0.07
0.11
0.08
0.08
0.03
0.07
0.07
0.03
0.07
0.11
0.03
0.14
0.11
0.04
0.04
0.04
0.04
0.04
0.04
0.04
0.08
0.07
0.07
0.07
0.03
0.07
0.03
0.04
0.08
0.03
0.07
0.03
0.11
0.08
0.07
0.07
0.11
0.03
0.07
0.11
0.03
0.07
0.08
0.18
0.10
0.08
0.15
0.11
0.11
0.07
0.04
0.04
0.04
0.04
0.04
0.04
0.04
0.04
0.04
0.08
0.08
0.08
0.08
0.15
0.11
0.04
0.07
0.07
0.08
0.08
0.08
0.04
0.12
0.08
0.08
0.08
0.12
0.04
0.11
0.11
0.04
0.03
0.07
0.08
0.03
0.07
0.07
0.04
0.07
0.07
0.08
0.11
0.08
0.08
