GUESS    :MOVING_SM
STARTTIME:1288468867342
ENDTIME  :1288468880271
LOCALSPD :0.0
LONGSPD  :9.062447
LOCATION :Location[mProvider=network,mTime=1288468854967,mLatitude=55.763818,mLongitude=12.456663,mHasAltitude=false,mAltitude=0.0,mHasSpeed=false,mSpeed=0.0,mHasBearing=false,mBearing=0.0,mHasAccuracy=true,mAccuracy=868.0,mExtras=Bundle[mParcelledData.dataSize=148]]
ADDRESS :

0.08
0.61
0.15
0.18
0.71
0.35
0.11
0.20
0.31
0.54
0.48
0.35
0.23
0.65
0.27
0.34
0.34
0.20
0.69
0.35
0.15
0.23
0.23
0.46
0.11
0.67
0.46
0.15
0.27
0.34
0.18
0.53
0.34
0.74
0.26
0.95
0.65
0.04
0.31
0.23
0.54
0.38
0.46
0.31
0.38
0.25
0.08
0.39
0.19
0.23
0.19
0.08
0.20
0.16
0.16
0.15
0.12
0.18
0.30
0.57
0.38
0.12
0.12
0.12
0.27
0.39
0.39
0.23
0.08
0.08
0.15
0.11
0.38
0.23
0.34
0.07
0.30
0.44
0.16
0.23
0.11
0.19
0.44
0.04
0.16
0.12
0.27
0.46
0.19
0.15
0.12
0.56
0.29
0.20
0.04
0.20
0.20
0.20
0.27
0.23
0.25
0.25
0.16
0.16
0.20
0.19
0.15
0.16
0.29
0.29
0.29
0.20
0.29
0.46
0.50
0.08
0.07
0.19
0.08
0.30
0.44
0.31
0.11
0.42
0.30
0.27
0.35
0.26
0.12
0.46
0.19
0.11
0.34
0.22
0.08
0.08
0.31
0.30
0.49
0.20
0.05
0.22
0.07
0.27
0.34
0.26
0.11
0.34
0.53
0.19
0.15
0.07
0.39
0.19
0.31
0.16
0.30
0.16
0.38
0.18
0.22
0.19
0.12
0.07
0.11
0.04
0.19
0.04
0.25
0.20
0.15
0.27
0.11
0.19
0.31
0.39
0.31
0.46
0.31
0.31
0.03
0.10
0.15
0.23
0.03
0.42
0.39
0.23
0.11
0.12
0.08
0.19
0.38
0.27
0.27
0.34
0.42
0.16
0.19
0.22
0.38
0.42
0.54
0.15
0.30
0.22
0.52
0.35
0.12
0.23
0.23
0.18
0.04
0.42
0.27
0.34
0.25
0.31
0.15
0.22
0.20
0.23
0.16
0.31
0.19
0.56
0.30
0.12
0.26
0.11
0.16
0.11
0.20
0.78
1.05
0.31
0.57
1.01
0.35
0.27
0.27
0.75
0.27
0.38
0.42
0.72
0.23
0.33
0.52
0.12
0.44
0.56
0.31
0.49
0.27
0.26
