GUESS    :MOVING_SM
STARTTIME:1288469025322
ENDTIME  :1288469038281
LOCALSPD :7.7503557
LONGSPD  :12.543692
LOCATION :Location[mProvider=network,mTime=1288468990135,mLatitude=55.76509508888889,mLongitude=12.484961588888888,mHasAltitude=false,mAltitude=0.0,mHasSpeed=false,mSpeed=0.0,mHasBearing=false,mBearing=0.0,mHasAccuracy=true,mAccuracy=54.0,mExtras=Bundle[mParcelledData.dataSize=148]]
ADDRESS :

0.23
0.27
0.54
0.30
0.15
0.23
0.15
0.23
0.34
0.19
0.12
0.20
0.23
0.15
0.29
0.27
0.07
0.23
0.31
0.04
0.22
0.04
0.15
0.07
0.12
0.23
0.16
0.45
0.42
0.15
0.12
0.35
0.35
0.23
0.23
0.56
0.41
0.15
0.08
0.16
0.27
0.27
0.12
0.42
0.11
0.11
0.07
0.15
0.22
0.19
0.23
0.12
0.16
0.03
0.04
0.38
0.10
0.15
0.08
0.16
0.11
0.10
0.26
0.34
0.08
0.23
0.27
0.27
0.08
0.16
0.35
0.46
0.30
0.15
0.15
0.11
0.15
0.27
0.23
0.22
0.33
0.35
0.69
0.27
0.22
0.27
0.42
0.23
0.23
0.23
0.12
0.15
0.59
0.22
0.49
0.19
0.30
0.42
0.31
0.45
0.42
0.31
0.72
0.42
0.46
0.27
0.60
0.61
0.29
0.26
0.15
0.19
0.20
0.15
0.15
0.19
0.19
0.12
0.16
0.08
0.12
0.42
0.12
0.15
0.12
0.29
0.11
0.04
0.15
0.16
0.12
0.16
0.16
0.16
0.38
0.16
0.23
0.23
0.15
0.34
0.20
0.16
0.35
0.19
0.22
0.23
0.08
0.15
0.10
0.11
0.41
0.38
0.35
0.37
0.95
0.69
0.34
0.34
0.52
0.42
0.20
0.08
0.18
0.61
0.30
0.59
0.15
0.72
0.46
0.46
0.53
0.53
0.34
0.16
0.19
0.12
0.54
0.46
0.04
0.20
0.22
0.19
0.19
0.15
0.11
0.07
0.27
0.15
0.29
0.31
0.31
0.04
0.35
0.15
0.08
0.15
0.04
0.27
0.38
0.15
0.15
0.16
0.26
0.49
0.07
0.45
0.23
0.34
0.15
0.14
0.14
0.11
0.10
0.04
0.10
0.10
0.11
0.27
0.42
0.38
0.07
0.23
0.72
0.46
0.79
0.48
0.44
0.22
0.38
0.65
0.42
0.54
0.60
0.27
0.53
0.34
0.99
0.20
0.18
0.46
0.64
0.20
0.89
0.46
0.16
0.35
0.49
0.33
0.49
0.38
0.39
0.11
0.34
0.27
0.08
0.23
