GUESS    :MOVING_SM
STARTTIME:1288469064892
ENDTIME  :1288469077831
LOCALSPD :0.0
LONGSPD  :10.873693
LOCATION :Location[mProvider=network,mTime=1288469049376,mLatitude=55.76509508888889,mLongitude=12.484961588888888,mHasAltitude=false,mAltitude=0.0,mHasSpeed=false,mSpeed=0.0,mHasBearing=false,mBearing=0.0,mHasAccuracy=true,mAccuracy=54.0,mExtras=Bundle[mParcelledData.dataSize=148]]
ADDRESS :

0.57
0.25
0.11
0.34
0.27
0.20
0.34
0.65
0.48
0.14
0.72
0.42
0.23
0.39
0.11
0.23
0.18
0.19
0.12
0.11
0.29
0.38
0.45
0.48
0.23
0.39
0.39
0.35
0.41
0.16
0.60
0.34
0.11
0.31
0.33
0.86
0.52
0.53
0.34
0.31
0.27
0.27
0.26
0.31
0.16
0.22
0.44
0.07
0.03
0.19
0.37
0.31
0.31
0.19
0.12
0.34
0.53
0.37
0.23
0.08
0.12
0.12
0.34
0.12
0.69
0.42
0.42
0.48
0.29
0.31
0.12
0.68
0.53
0.20
0.33
0.30
0.38
0.20
0.19
0.23
0.16
0.19
0.15
0.11
0.16
0.07
0.27
0.08
0.48
0.16
0.38
0.34
0.19
0.22
0.08
0.33
0.05
0.07
0.14
0.18
0.45
0.07
0.52
0.60
0.25
0.26
0.23
0.22
0.38
0.15
0.39
0.50
0.27
0.38
0.20
0.39
0.08
0.27
0.23
0.15
0.19
0.12
0.15
0.11
0.16
0.23
0.20
0.30
0.19
0.25
0.34
0.19
0.12
0.30
0.23
0.07
0.15
0.16
0.18
0.10
0.07
0.38
0.42
0.14
0.31
0.11
0.44
0.12
0.63
0.30
0.12
0.26
0.20
0.45
0.12
0.34
0.38
0.76
0.38
0.65
0.04
0.99
0.26
0.86
0.22
0.26
0.30
0.65
0.12
0.31
0.30
0.45
0.31
0.12
0.30
0.11
0.35
0.20
0.20
0.29
0.49
0.69
0.78
0.42
0.19
0.76
0.31
0.15
0.99
0.83
0.19
0.30
0.30
0.16
0.19
0.34
0.49
0.68
0.99
2.08
0.35
0.26
1.18
1.54
1.40
1.77
1.42
0.38
0.64
1.27
0.31
0.45
0.61
0.16
0.27
0.29
0.44
0.30
0.31
0.59
0.31
0.38
0.23
0.42
0.49
0.35
0.33
0.33
0.54
0.63
0.27
0.20
0.07
0.26
0.37
0.16
0.14
0.38
0.30
0.49
0.31
0.25
0.08
0.11
0.18
0.30
0.38
0.16
0.25
0.20
0.27
0.23
0.11
0.19
0.30
0.15
