GUESS    :MOVING_SM
STARTTIME:1288469196211
ENDTIME  :1288469209551
LOCALSPD :6.560708
LONGSPD  :10.064986
LOCATION :Location[mProvider=network,mTime=1288469168124,mLatitude=55.76768022,mLongitude=12.498347800000001,mHasAltitude=false,mAltitude=0.0,mHasSpeed=false,mSpeed=0.0,mHasBearing=false,mBearing=0.0,mHasAccuracy=true,mAccuracy=60.0,mExtras=Bundle[mParcelledData.dataSize=148]]
ADDRESS :

0.85
0.55
0.58
0.51
0.53
0.49
0.52
0.42
0.53
0.57
0.51
0.51
0.52
0.49
0.45
0.43
0.41
0.40
0.38
0.44
0.37
0.35
0.41
0.31
0.28
0.32
0.34
0.33
0.30
0.23
0.27
0.27
0.22
0.18
0.21
0.17
0.24
0.20
0.15
0.16
0.12
0.12
0.13
0.09
0.13
0.08
0.08
0.07
0.05
0.02
0.06
0.03
0.03
0.04
0.04
0.02
0.04
0.01
0.07
0.02
0.04
0.04
0.04
0.05
0.02
0.04
0.05
0.06
0.06
0.08
0.04
0.06
0.10
0.08
0.07
0.08
0.07
0.09
0.11
0.11
0.09
0.05
0.08
0.08
0.08
0.10
0.09
0.09
0.09
0.07
0.07
0.09
0.06
0.07
0.11
0.07
0.07
0.08
0.11
0.09
0.06
0.06
0.13
0.10
0.08
0.09
0.06
0.13
0.10
0.07
0.11
0.04
0.09
0.04
0.04
0.07
0.02
0.07
0.09
0.09
0.09
0.08
0.07
0.07
0.02
0.04
0.01
0.03
