GUESS    :MOVING_SM
STARTTIME:1288469288612
ENDTIME  :1288469302121
LOCALSPD :0.0
LONGSPD  :4.014989
LOCATION :Location[mProvider=network,mTime=1288469286199,mLatitude=55.771662049999996,mLongitude=12.5021150125,mHasAltitude=false,mAltitude=0.0,mHasSpeed=false,mSpeed=0.0,mHasBearing=false,mBearing=0.0,mHasAccuracy=true,mAccuracy=59.0,mExtras=Bundle[mParcelledData.dataSize=148]]
ADDRESS :

0.53
0.38
0.26
0.69
0.80
0.31
0.46
0.65
0.29
0.25
0.12
0.11
0.26
0.27
0.27
0.15
0.16
0.19
0.22
0.11
0.15
0.03
0.14
0.11
0.03
0.07
0.18
0.11
0.08
0.07
0.04
0.04
0.04
0.08
0.15
0.08
0.04
0.08
0.08
0.07
0.03
0.08
0.08
0.04
0.08
0.10
0.14
0.12
0.15
0.04
0.11
0.07
0.07
0.11
0.03
0.08
0.14
0.07
0.11
0.08
0.12
0.12
0.08
0.07
0.11
0.12
0.15
0.11
0.15
0.12
0.11
0.04
0.11
0.12
0.11
0.05
0.03
0.12
0.04
0.11
0.07
0.12
0.08
0.03
0.07
0.07
0.04
0.03
0.08
0.07
0.04
0.08
0.04
0.07
0.10
0.03
0.03
0.11
0.12
0.07
0.05
0.04
0.11
0.15
0.15
0.12
0.08
0.11
0.04
0.07
0.07
0.11
0.08
0.15
0.12
0.12
0.03
0.08
0.04
0.15
0.15
0.11
0.04
0.08
0.04
0.07
0.15
0.15
0.14
0.11
0.03
0.11
0.27
0.04
0.04
0.15
0.12
0.27
0.20
0.33
0.08
0.11
0.16
0.04
0.14
0.10
0.03
0.27
0.08
0.11
0.15
0.04
0.16
0.12
0.12
0.07
0.04
0.20
0.23
0.35
0.04
0.16
0.08
0.27
0.08
0.08
0.25
0.26
0.37
0.26
0.48
0.19
0.34
0.19
0.48
0.15
0.19
0.23
0.23
0.23
0.08
0.35
0.44
0.27
0.74
0.87
0.37
0.97
0.42
0.16
0.29
0.16
0.04
0.19
0.50
0.22
0.49
0.08
0.19
0.23
0.16
0.49
0.29
0.31
0.16
0.08
0.35
0.16
0.27
0.37
0.23
0.15
0.07
0.20
0.91
0.74
1.42
0.69
0.53
0.26
2.04
1.28
1.27
1.35
2.11
3.02
2.94
0.99
0.91
0.84
0.39
0.22
0.42
0.08
0.19
0.18
0.12
0.08
0.08
0.11
0.11
0.08
0.08
0.16
0.04
0.03
0.19
0.12
0.08
0.31
0.20
0.19
0.04
0.19
0.15
0.20
