GUESS    :MOVING_SM
STARTTIME:1288104353580
ENDTIME  :1288104368661
LOCALSPD :0.0
LONGSPD  :-1.0
LOCATION :Location[mProvider=network,mTime=1288104335032,mLatitude=55.78250246666667,mLongitude=12.514005544444444,mHasAltitude=false,mAltitude=0.0,mHasSpeed=false,mSpeed=0.0,mHasBearing=false,mBearing=0.0,mHasAccuracy=true,mAccuracy=53.0,mExtras=Bundle[mParcelledData.dataSize=148]]
ADDRESS :

0.03
0.04
0.11
0.04
0.04
0.03
0.11
0.07
0.07
0.08
0.16
0.12
0.12
0.04
0.04
0.04
0.04
0.04
0.04
0.04
0.16
0.11
0.15
0.04
0.04
0.04
0.04
0.12
0.08
0.12
0.08
0.04
0.04
0.23
0.23
0.04
0.16
0.12
0.08
0.04
0.03
0.08
0.11
0.08
0.16
0.12
0.12
0.08
0.08
0.08
0.08
0.08
0.04
0.04
0.12
0.04
0.08
0.04
0.12
0.04
0.04
0.08
0.16
0.19
0.07
0.11
0.11
0.18
0.19
0.26
0.16
0.20
0.15
0.19
0.12
0.08
0.12
0.12
0.08
0.12
0.12
0.08
0.08
0.04
0.12
0.16
0.16
0.08
0.16
0.04
0.04
0.08
0.12
0.04
0.04
0.16
0.20
0.08
0.08
0.16
0.04
0.12
0.08
0.04
0.08
0.16
0.12
0.12
0.08
0.04
0.12
0.12
0.04
0.20
0.12
0.08
0.12
0.08
0.12
0.25
0.16
0.08
0.08
0.12
0.08
0.04
0.08
0.08
0.19
0.07
0.26
0.16
0.23
0.27
0.34
0.04
0.27
0.53
0.25
0.99
0.57
0.27
0.27
0.22
0.25
0.19
0.26
0.35
0.20
0.23
0.07
0.22
0.11
0.35
0.16
0.11
0.19
0.16
0.12
0.20
0.19
0.15
0.23
0.15
0.04
0.27
0.29
1.18
0.57
0.99
0.90
0.54
0.86
0.44
0.44
0.99
0.91
0.57
0.30
0.50
0.86
0.61
0.61
0.72
0.46
0.27
0.46
0.18
0.19
0.34
0.04
0.49
0.19
0.44
0.14
0.30
0.26
0.22
0.37
0.35
0.27
0.15
0.46
0.23
0.08
0.15
0.18
0.15
0.08
0.27
0.07
0.22
0.25
0.12
0.15
0.07
0.20
0.08
0.16
0.12
0.12
0.12
0.19
0.11
0.25
0.12
0.12
0.16
0.12
0.08
0.07
0.11
0.12
0.12
0.08
0.16
0.08
0.08
0.16
0.12
0.04
0.08
0.04
0.07
0.15
0.08
0.12
0.12
0.04
0.08
0.12
0.04
0.04
0.08
0.04
0.04
