GUESS    :IDLE
STARTTIME:1288332889540
ENDTIME  :1288332903451
LOCALSPD :0.0
LONGSPD  :0.0
LOCATION :Location[mProvider=network,mTime=1288332892375,mLatitude=55.745725,mLongitude=12.397422,mHasAltitude=false,mAltitude=0.0,mHasSpeed=false,mSpeed=0.0,mHasBearing=false,mBearing=0.0,mHasAccuracy=true,mAccuracy=1581.0,mExtras=Bundle[mParcelledData.dataSize=148]]
ADDRESS :

0.04
0.11
0.07
0.08
0.12
0.08
0.08
0.12
0.16
0.12
0.04
0.08
0.16
0.12
0.12
0.16
0.12
0.04
0.12
0.11
0.11
0.12
0.12
0.08
0.08
0.12
0.08
0.08
0.12
0.08
0.12
0.04
0.12
0.04
0.04
0.16
0.12
0.08
0.12
0.12
0.16
0.16
0.08
0.04
0.08
0.04
0.08
0.04
0.04
0.08
0.16
0.12
0.08
0.08
0.08
0.16
0.04
0.25
0.16
0.16
0.20
0.08
0.08
0.12
0.16
0.04
0.04
0.08
0.08
0.16
0.16
0.12
0.08
0.04
0.08
0.16
0.12
0.04
0.08
0.08
0.04
0.08
0.04
0.12
0.08
0.12
0.12
0.04
0.04
0.12
0.04
0.04
0.08
0.08
0.12
0.08
0.12
0.12
0.04
0.04
0.12
0.12
0.08
0.12
0.08
0.08
0.08
0.08
0.11
0.11
0.04
0.08
0.04
0.04
0.08
0.12
0.12
0.12
0.04
0.16
0.16
0.08
0.12
0.08
0.04
0.04
0.08
0.04
0.08
0.16
0.04
0.08
0.08
0.12
0.04
0.08
0.20
0.08
0.04
0.16
0.08
0.20
0.16
0.12
0.20
0.16
0.16
0.08
0.12
0.04
0.08
0.08
0.12
0.04
0.04
0.08
0.12
0.25
0.16
0.08
0.04
0.08
0.04
0.08
0.08
0.04
0.12
0.08
0.08
0.08
0.16
0.16
0.08
0.08
0.12
0.12
0.12
0.20
0.12
0.08
0.08
0.16
0.04
0.16
0.16
0.12
0.12
0.08
0.08
0.12
0.04
0.20
0.08
0.08
0.08
0.08
0.08
0.04
0.04
0.12
0.08
0.12
0.12
0.12
0.04
0.04
0.12
0.04
0.15
0.15
0.04
0.08
0.12
0.04
0.08
0.20
0.20
0.12
0.08
0.08
0.08
0.08
0.08
0.08
0.04
0.08
0.12
0.12
0.08
0.08
0.12
0.12
0.08
0.16
0.12
0.08
0.08
0.20
0.08
0.08
0.08
0.08
0.08
0.12
0.08
0.04
0.04
0.97
1.23
1.28
0.98
0.56
0.26
0.35
0.38
0.26
