GUESS    :MOVING_SM
STARTTIME:1288333137882
ENDTIME  :1288333150920
LOCALSPD :0.0
LONGSPD  :3.3898602
LOCATION :Location[mProvider=network,mTime=1288333150524,mLatitude=55.755948,mLongitude=12.423188,mHasAltitude=false,mAltitude=0.0,mHasSpeed=false,mSpeed=0.0,mHasBearing=false,mBearing=0.0,mHasAccuracy=true,mAccuracy=1330.0,mExtras=Bundle[mParcelledData.dataSize=148]]
ADDRESS :

0.33
0.22
0.05
0.04
0.03
0.07
0.07
0.05
0.04
0.00
0.05
0.05
0.02
0.01
0.01
0.04
0.06
0.04
0.01
0.01
0.01
0.02
0.02
0.02
0.01
0.04
0.04
0.02
0.02
0.04
0.04
0.01
0.03
0.01
0.04
0.06
0.04
0.01
0.01
0.05
0.05
0.03
0.03
0.01
0.03
0.03
0.02
0.02
0.04
0.03
0.02
0.02
0.02
0.00
0.01
0.03
0.01
0.02
0.01
0.03
0.03
0.03
0.02
0.02
0.01
0.04
0.06
0.05
0.02
0.04
0.01
0.03
0.02
0.03
0.01
0.01
0.01
0.03
0.06
0.02
0.01
0.01
0.03
0.04
0.02
0.02
0.02
0.03
0.02
0.01
0.01
0.02
0.04
0.03
0.01
0.02
0.02
0.02
0.02
0.02
0.02
0.02
0.03
0.01
0.01
0.01
0.03
0.01
0.03
0.03
0.03
0.02
0.02
0.03
0.02
0.01
0.04
0.02
0.04
0.03
0.02
0.00
0.00
0.03
0.04
0.03
0.02
0.03
