GUESS    :MOVING_SM
STARTTIME:1288333398100
ENDTIME  :1288333411355
LOCALSPD :0.0
LONGSPD  :7.1786294
LOCATION :Location[mProvider=network,mTime=1288333407089,mLatitude=55.745922,mLongitude=12.464248,mHasAltitude=false,mAltitude=0.0,mHasSpeed=false,mSpeed=0.0,mHasBearing=false,mBearing=0.0,mHasAccuracy=true,mAccuracy=879.0,mExtras=Bundle[mParcelledData.dataSize=148]]
ADDRESS :

0.31
0.89
0.76
2.41
0.80
1.53
0.99
0.48
0.61
0.49
0.25
0.45
0.26
1.10
0.67
0.61
0.54
0.82
0.74
0.52
0.37
0.63
0.27
0.38
0.46
1.05
1.06
0.48
0.76
0.42
0.95
0.19
0.53
0.39
0.27
0.41
0.86
0.12
1.21
0.72
0.41
0.14
0.89
0.61
0.68
0.95
0.42
0.26
0.59
0.50
0.80
1.29
0.63
1.13
0.59
0.27
1.42
0.49
1.65
1.44
0.34
0.57
0.67
0.90
0.34
0.61
0.18
0.45
0.53
0.07
0.27
0.19
0.23
0.33
0.37
0.39
0.27
0.83
0.64
0.42
0.39
0.72
0.29
0.27
0.34
0.46
0.67
0.20
1.04
0.91
0.54
0.49
0.38
0.74
0.53
0.38
0.71
0.29
0.87
0.61
0.74
0.44
0.61
0.87
0.18
0.27
0.57
1.06
0.68
0.26
0.69
1.10
0.57
0.34
0.39
0.31
0.84
0.69
1.81
0.23
2.56
0.84
1.14
0.61
0.20
0.76
0.94
0.65
0.16
0.18
0.53
0.78
1.31
0.53
0.91
0.80
0.44
0.38
1.18
1.57
0.35
0.52
0.79
1.01
0.34
0.34
0.56
0.57
0.74
1.04
0.69
0.52
0.69
1.38
0.95
0.30
0.68
0.83
0.61
0.38
0.60
0.14
0.30
0.84
0.72
0.68
0.49
0.27
0.30
0.37
0.87
0.46
0.53
0.35
0.76
0.79
0.76
0.95
0.56
0.65
0.38
0.39
0.78
1.20
0.76
0.53
0.94
0.41
0.89
0.34
0.31
0.37
0.71
0.67
0.35
0.61
0.69
0.27
0.19
0.23
0.57
0.42
0.42
0.69
0.57
0.30
0.38
0.52
0.57
0.49
0.49
0.98
0.84
0.76
0.37
0.50
0.69
0.86
0.75
0.84
0.50
0.49
0.82
0.94
1.01
1.33
0.25
0.87
0.84
0.30
0.38
0.83
0.87
0.80
0.23
0.52
0.31
0.42
0.07
0.44
1.66
0.56
0.16
0.12
0.87
0.38
0.14
0.91
0.65
0.50
0.54
0.49
0.53
0.39
0.41
0.52
