GUESS    :MOVING_SM
STARTTIME:1288333502032
ENDTIME  :1288333514931
LOCALSPD :8.310479
LONGSPD  :8.38874
LOCATION :Location[mProvider=network,mTime=1288333475182,mLatitude=55.74832,mLongitude=12.491238,mHasAltitude=false,mAltitude=0.0,mHasSpeed=false,mSpeed=0.0,mHasBearing=false,mBearing=0.0,mHasAccuracy=true,mAccuracy=710.0,mExtras=Bundle[mParcelledData.dataSize=148]]
ADDRESS :

0.33
0.09
0.05
0.03
0.01
0.05
0.06
0.06
0.05
0.04
0.03
0.03
0.06
0.04
0.04
0.05
0.06
0.02
0.03
0.04
0.03
0.01
0.02
0.04
0.02
0.02
0.03
0.01
0.04
0.03
0.03
0.03
0.02
0.01
0.02
0.02
0.03
0.02
0.01
0.02
0.01
0.04
0.03
0.03
0.03
0.04
0.02
0.03
0.02
0.02
0.01
0.02
0.02
0.01
0.04
0.02
0.02
0.02
0.02
0.02
0.03
0.04
0.02
0.02
0.02
0.02
0.02
0.03
0.03
0.02
0.00
0.01
0.02
0.03
0.03
0.01
0.01
0.01
0.00
0.01
0.00
0.04
0.01
0.00
0.01
0.01
0.01
0.02
0.01
0.02
0.01
0.01
0.02
0.00
0.04
0.02
0.00
0.02
0.01
0.01
0.02
0.04
0.04
0.03
0.03
0.01
0.01
0.03
0.01
0.03
0.03
0.02
0.02
0.02
0.02
0.03
0.01
0.03
0.05
0.04
0.03
0.02
0.02
0.01
0.01
0.01
0.02
0.01
