GUESS    :MOVING_SM
STARTTIME:1288333644642
ENDTIME  :1288333657541
LOCALSPD :0.0
LONGSPD  :8.304107
LOCATION :Location[mProvider=network,mTime=1288333605105,mLatitude=55.756638,mLongitude=12.502409,mHasAltitude=false,mAltitude=0.0,mHasSpeed=false,mSpeed=0.0,mHasBearing=false,mBearing=0.0,mHasAccuracy=true,mAccuracy=664.0,mExtras=Bundle[mParcelledData.dataSize=148]]
ADDRESS :

0.64
0.38
0.79
1.06
0.86
1.31
0.84
1.39
0.64
1.31
0.38
0.86
0.69
0.42
1.12
1.27
0.27
1.01
0.69
0.34
0.46
0.16
0.61
2.72
0.94
0.89
1.40
1.20
0.57
0.27
0.80
0.23
0.54
0.74
1.23
0.48
1.06
0.84
0.48
0.91
1.02
0.31
1.18
0.89
0.34
0.50
0.53
0.38
0.44
0.30
1.10
0.99
0.57
0.61
0.57
1.35
0.46
0.48
0.53
1.73
0.59
1.33
0.78
1.43
0.61
0.44
0.57
0.49
0.60
0.30
0.22
0.15
0.80
1.06
0.61
0.78
0.59
0.93
0.30
0.65
1.53
1.25
1.01
0.97
0.60
0.41
0.61
0.20
1.23
0.91
0.54
0.35
0.93
1.36
1.13
0.82
0.33
0.30
0.53
0.50
1.04
0.82
1.35
1.27
0.53
1.01
1.14
0.71
0.44
0.68
0.65
1.02
0.49
1.42
0.65
0.23
0.68
0.12
0.08
0.30
0.22
0.57
0.89
0.69
1.31
1.65
0.78
0.46
0.33
0.64
1.25
0.44
1.35
0.74
0.65
0.30
1.14
1.33
0.53
0.72
0.99
0.68
0.65
0.54
0.23
0.26
0.35
0.71
0.84
0.44
0.42
0.33
0.91
0.91
0.72
0.80
0.61
0.23
0.45
0.76
0.76
1.18
0.39
0.78
0.29
0.18
0.37
0.26
1.09
0.68
0.35
0.79
0.48
0.38
0.61
0.46
0.67
0.65
0.53
0.30
0.46
0.12
1.06
0.45
0.27
0.97
0.50
0.44
0.35
1.28
0.82
0.56
0.54
0.31
1.20
0.89
0.63
0.67
0.63
1.09
0.37
0.23
0.65
0.72
0.78
0.39
0.42
0.65
0.82
0.42
0.34
0.71
0.19
0.39
0.95
0.72
0.42
0.84
0.46
2.49
1.08
0.80
0.64
0.18
1.21
0.50
0.46
0.42
0.54
0.60
0.49
0.45
0.95
0.31
0.67
0.76
0.97
0.65
0.34
0.42
1.18
0.75
1.04
1.08
1.77
1.61
1.24
0.54
0.39
1.04
0.74
0.31
0.59
0.57
0.84
0.64
