GUESS    :MOVING_SM
STARTTIME:1288333657542
ENDTIME  :1288333670541
LOCALSPD :NaN
LONGSPD  :8.304107
LOCATION :Location[mProvider=network,mTime=1288333605105,mLatitude=55.756638,mLongitude=12.502409,mHasAltitude=false,mAltitude=0.0,mHasSpeed=false,mSpeed=0.0,mHasBearing=false,mBearing=0.0,mHasAccuracy=true,mAccuracy=664.0,mExtras=Bundle[mParcelledData.dataSize=148]]
ADDRESS :

0.63
1.10
1.61
0.89
1.58
1.73
1.35
1.35
1.10
2.14
1.33
0.46
1.61
1.27
0.49
0.80
1.69
1.48
0.38
0.20
0.39
0.95
0.42
1.05
1.16
0.80
0.30
0.35
0.68
0.34
0.48
0.50
0.23
1.04
0.99
0.68
0.52
0.90
0.44
0.78
0.49
0.80
0.31
0.30
0.68
0.56
0.19
0.59
0.61
0.27
1.44
1.44
0.61
0.72
0.68
0.68
0.99
0.80
0.61
0.69
0.38
0.25
0.65
0.38
0.39
0.35
0.39
0.89
1.91
0.91
0.75
0.76
0.53
0.95
1.96
2.68
0.74
0.80
0.65
0.95
1.29
0.84
1.01
1.39
0.90
1.91
0.45
0.27
0.84
0.34
0.42
0.74
0.16
0.46
0.38
0.93
0.94
0.94
1.92
1.12
0.89
1.35
0.87
0.89
0.89
1.77
0.83
0.82
2.91
1.27
0.50
0.75
1.04
1.92
1.80
2.53
4.25
4.63
2.53
1.65
0.79
1.05
0.50
0.69
0.74
0.57
0.98
1.57
0.64
0.39
0.45
0.15
1.51
1.08
0.38
0.26
0.91
1.18
0.69
0.65
0.93
0.61
1.38
1.53
0.46
1.72
0.61
0.19
1.25
0.49
0.89
1.65
0.49
0.08
1.84
0.34
0.49
1.96
0.74
1.50
0.57
1.73
0.69
0.64
1.48
0.89
0.30
1.54
0.95
0.89
0.38
0.75
0.30
0.65
0.33
0.54
0.61
0.60
0.68
0.53
0.46
0.65
1.04
0.99
0.50
0.50
0.65
1.23
0.50
1.23
0.90
0.60
0.69
0.42
0.41
0.26
0.84
0.57
0.15
0.98
2.00
0.61
1.38
1.10
0.27
0.27
0.45
0.80
0.60
1.21
0.49
0.95
1.65
0.74
0.84
0.63
1.08
0.48
1.18
1.80
0.35
0.22
1.02
0.91
0.84
0.39
0.86
1.31
2.27
1.20
0.60
1.39
2.14
1.04
1.29
1.14
1.73
2.11
2.66
2.55
2.49
1.62
0.42
0.53
0.57
0.91
1.33
0.50
0.57
0.27
0.20
2.40
1.42
0.87
1.54
3.06
