GUESS    :MOVING_ME
STARTTIME:1288280116509
ENDTIME  :1288280129407
LOCALSPD :0.0
LONGSPD  :0.0
LOCATION :Location[mProvider=network,mTime=1288280092268,mLatitude=55.7495595,mLongitude=12.3767152,mHasAltitude=false,mAltitude=0.0,mHasSpeed=false,mSpeed=0.0,mHasBearing=false,mBearing=0.0,mHasAccuracy=true,mAccuracy=50.0,mExtras=Bundle[mParcelledData.dataSize=148]]
ADDRESS :

0.26
0.30
0.50
0.48
0.41
0.15
0.30
0.31
0.27
0.72
0.16
0.27
0.34
1.16
1.16
1.78
0.68
0.65
0.45
0.38
0.83
0.54
0.76
1.17
1.99
1.20
1.25
1.48
2.72
0.69
1.95
0.87
2.64
3.84
5.28
2.29
3.80
3.26
2.76
0.53
0.23
1.32
0.67
0.65
1.12
4.44
6.42
7.27
5.80
1.27
3.87
1.66
2.75
1.10
1.04
1.69
2.30
4.41
4.58
1.88
2.83
2.03
6.85
4.22
1.88
2.59
1.84
1.58
2.29
0.49
1.42
1.23
3.26
2.52
2.66
2.87
1.29
1.25
0.87
1.50
1.62
1.18
2.26
1.31
1.69
0.72
0.89
0.42
0.76
0.65
0.68
0.65
0.76
0.50
0.42
0.65
0.34
1.08
1.65
0.63
2.68
3.98
2.30
3.21
1.47
2.49
1.80
0.68
1.53
1.73
0.93
1.31
1.92
3.05
4.40
0.83
1.06
1.63
1.27
0.91
1.23
0.46
0.90
0.57
1.13
0.61
3.16
1.84
2.32
1.62
1.14
1.31
0.50
0.71
0.27
0.86
1.06
1.02
0.84
2.08
0.76
0.99
0.15
0.35
0.64
0.08
0.57
4.30
5.61
3.54
2.21
4.79
1.99
1.78
2.26
2.27
2.76
2.25
1.62
2.00
0.76
0.45
1.69
1.47
3.79
3.70
5.73
5.67
2.94
0.91
0.74
2.03
0.46
2.18
2.29
1.83
0.95
0.38
0.63
0.34
0.54
0.23
1.21
0.90
1.70
1.42
1.62
1.48
1.66
0.74
0.31
0.79
0.80
2.44
0.38
2.96
2.56
2.38
1.57
1.10
2.44
1.17
1.68
0.80
1.28
1.42
2.47
1.89
1.14
0.76
0.35
0.34
0.63
1.44
1.01
1.65
1.59
2.41
0.39
1.85
0.63
0.72
0.74
0.19
0.26
0.50
0.54
0.31
0.10
0.46
0.27
0.22
0.49
0.37
0.41
0.16
0.11
0.23
0.30
0.31
0.25
0.41
0.20
0.69
0.19
0.82
0.23
0.19
0.91
0.64
0.80
0.65
0.35
0.60
0.23
0.38
