GUESS    :WALKING
STARTTIME:1288280129408
ENDTIME  :1288280142307
LOCALSPD :0.0
LONGSPD  :0.0
LOCATION :Location[mProvider=network,mTime=1288280092268,mLatitude=55.7495595,mLongitude=12.3767152,mHasAltitude=false,mAltitude=0.0,mHasSpeed=false,mSpeed=0.0,mHasBearing=false,mBearing=0.0,mHasAccuracy=true,mAccuracy=50.0,mExtras=Bundle[mParcelledData.dataSize=148]]
ADDRESS :

0.20
0.63
0.16
1.04
0.84
0.35
0.16
0.12
0.27
0.19
0.72
0.52
0.42
0.26
0.57
0.46
0.27
0.15
0.19
0.30
0.59
0.54
0.19
0.42
0.18
0.26
0.19
0.61
0.41
0.50
0.42
0.54
0.54
0.50
0.42
0.49
0.23
0.61
0.29
0.50
0.87
0.72
1.35
0.82
0.50
0.45
0.22
0.27
0.45
0.34
0.34
0.54
0.41
0.76
0.38
0.79
0.93
0.50
1.01
0.68
1.73
0.46
0.69
0.74
0.29
0.76
0.49
0.49
0.84
1.35
1.18
3.91
5.01
2.79
4.10
4.14
4.29
3.31
1.96
2.86
2.29
2.53
4.05
4.43
9.08
3.65
1.01
1.92
2.72
1.35
2.38
1.21
3.11
2.34
3.60
2.45
6.93
4.30
1.39
6.54
2.23
3.72
3.66
2.42
4.79
3.43
5.20
10.83
3.61
3.88
4.26
3.02
2.29
1.33
1.05
2.85
1.36
4.84
7.06
4.36
3.60
5.78
3.09
2.41
2.26
2.19
3.95
3.01
5.56
7.93
3.26
3.79
3.11
4.24
0.49
1.20
1.74
3.31
2.57
4.33
8.81
0.93
2.40
3.92
2.56
1.25
2.53
1.57
5.05
3.30
5.01
10.11
2.71
2.22
4.09
2.37
0.95
2.62
1.78
2.81
3.47
3.60
7.08
2.83
3.46
6.33
4.55
4.28
1.02
2.81
4.90
2.64
4.92
10.07
7.53
2.52
4.33
1.81
0.29
1.72
2.42
4.21
2.03
4.22
8.01
3.19
3.88
8.81
4.10
3.27
1.80
4.52
2.83
7.00
8.88
1.05
2.37
4.59
3.95
3.49
2.21
0.87
3.45
2.15
4.02
8.12
1.73
3.36
4.17
2.41
0.74
2.76
6.44
6.24
9.07
11.77
3.11
3.87
2.75
2.79
2.86
2.94
1.23
3.75
2.02
3.75
7.08
3.11
2.62
7.82
3.17
1.89
1.48
1.81
4.25
5.50
7.97
10.77
5.54
1.50
3.41
3.15
2.72
1.80
1.55
3.34
2.00
4.94
8.27
2.56
3.32
6.07
3.34
1.10
2.10
2.29
