GUESS    :WALKING
STARTTIME:1288278828632
ENDTIME  :1288278841527
LOCALSPD :-1.0
LONGSPD  :-1.0
LOCATION :Location[mProvider=network,mTime=1288278816560,mLatitude=55.750864750000005,mLongitude=12.37756305,mHasAltitude=false,mAltitude=0.0,mHasSpeed=false,mSpeed=0.0,mHasBearing=false,mBearing=0.0,mHasAccuracy=true,mAccuracy=54.0,mExtras=Bundle[mParcelledData.dataSize=148]]
ADDRESS :

5.23
0.68
0.47
0.64
0.11
0.78
0.26
0.58
0.57
0.67
0.46
0.63
0.70
0.61
0.33
0.18
0.57
0.62
0.68
0.43
0.84
0.65
0.49
0.60
0.16
0.56
1.56
0.71
0.47
0.30
0.57
0.09
0.45
0.53
0.19
0.48
0.21
0.65
0.51
0.49
0.46
0.16
0.35
0.13
0.15
0.32
0.39
0.18
0.47
0.39
0.28
0.30
0.32
0.21
0.13
0.08
0.31
0.18
0.23
0.24
0.35
0.22
0.43
0.45
0.09
0.48
0.34
0.26
0.44
0.22
0.20
0.26
0.28
0.14
0.14
0.28
0.48
0.28
0.87
0.55
0.56
0.42
0.41
0.22
0.15
0.40
0.23
0.31
0.16
0.15
0.29
0.20
0.22
0.21
0.07
0.25
0.18
0.20
0.36
0.22
0.25
0.59
0.31
0.20
0.28
0.60
0.51
0.57
0.14
0.47
0.28
0.19
0.21
0.21
0.12
0.18
0.37
0.25
0.10
0.36
0.22
0.12
0.29
0.16
0.26
0.12
0.31
0.30
