GUESS    :WALKING
STARTTIME:1288279220438
ENDTIME  :1288279233348
LOCALSPD :0.0
LONGSPD  :0.11512889
LOCATION :Location[mProvider=network,mTime=1288279194061,mLatitude=55.74958026666667,mLongitude=12.376720666666666,mHasAltitude=false,mAltitude=0.0,mHasSpeed=false,mSpeed=0.0,mHasBearing=false,mBearing=0.0,mHasAccuracy=true,mAccuracy=50.0,mExtras=Bundle[mParcelledData.dataSize=148]]
ADDRESS :

2.00
0.45
0.89
1.08
0.68
0.74
1.58
0.90
0.57
0.99
0.45
0.87
1.72
1.04
0.15
0.76
1.47
1.77
1.42
0.30
0.39
1.92
0.72
0.61
0.65
0.65
0.57
2.57
2.98
2.45
3.91
3.08
3.28
6.59
7.00
5.28
2.23
2.03
2.19
1.72
2.81
0.72
13.05
9.85
9.00
20.58
13.17
23.44
15.34
3.47
1.80
6.14
5.58
10.71
32.89
29.98
15.13
22.56
19.53
4.33
17.31
14.44
4.54
0.86
2.87
14.27
45.31
19.23
22.96
19.29
4.64
3.21
4.41
29.69
19.83
23.37
12.11
10.11
3.70
1.88
9.60
28.30
29.02
11.22
5.41
6.93
3.05
2.91
2.40
2.30
6.69
26.21
22.68
5.37
12.05
10.75
7.45
3.15
4.21
2.15
3.99
3.55
4.85
2.89
5.67
3.60
4.94
3.95
2.22
2.51
2.76
4.77
6.61
9.34
4.93
4.58
3.19
0.80
1.12
3.95
4.15
6.46
5.35
7.75
4.73
15.60
15.39
1.73
4.78
2.72
2.41
4.10
8.46
5.42
6.52
4.06
7.72
8.00
2.45
1.33
3.15
5.37
3.00
3.77
10.04
3.95
6.32
5.58
3.04
1.46
3.30
6.63
2.45
5.79
11.11
0.46
4.45
5.75
1.91
2.53
1.39
4.60
3.57
3.12
7.59
9.38
6.40
4.90
4.47
2.14
3.96
2.34
6.29
2.98
5.20
5.43
2.37
3.27
3.41
0.95
1.68
2.60
4.60
2.94
5.22
7.49
2.26
4.14
1.95
2.22
2.37
2.81
4.41
1.69
9.62
4.93
7.74
4.54
3.60
1.61
2.62
1.32
2.37
3.32
3.19
6.44
3.84
5.78
3.61
2.22
1.87
1.58
1.99
3.50
2.52
4.09
1.73
1.87
2.23
1.92
0.95
1.35
1.72
1.91
1.50
2.11
1.25
1.87
1.08
1.06
1.31
2.04
1.16
1.42
1.57
0.68
1.02
0.84
0.84
0.89
0.46
0.61
0.64
0.83
0.97
0.57
0.26
1.04
0.59
0.74
0.23
0.18
0.16
0.12
0.30
0.53
