GUESS    :WALKING
STARTTIME:1288279246219
ENDTIME  :1288279259439
LOCALSPD :0.0
LONGSPD  :0.10512185
LOCATION :Location[mProvider=network,mTime=1288279251734,mLatitude=55.7495595,mLongitude=12.3767152,mHasAltitude=false,mAltitude=0.0,mHasSpeed=false,mSpeed=0.0,mHasBearing=false,mBearing=0.0,mHasAccuracy=true,mAccuracy=50.0,mExtras=Bundle[mParcelledData.dataSize=148]]
ADDRESS :

1.92
0.77
0.41
0.54
0.11
0.31
0.18
0.34
0.07
0.13
0.35
0.21
0.12
0.45
0.38
0.03
0.56
0.17
0.10
0.20
0.23
0.40
0.06
0.21
0.32
0.11
0.22
0.22
0.25
0.12
0.14
0.08
0.08
0.27
0.09
0.12
0.11
0.03
0.20
0.12
0.11
0.10
0.07
0.06
0.09
0.07
0.20
0.16
0.11
0.12
0.17
0.12
0.06
0.20
0.08
0.10
0.10
0.11
0.03
0.13
0.03
0.18
0.14
0.08
0.23
0.14
0.11
0.24
0.14
0.15
0.17
0.31
0.04
0.09
0.23
0.08
0.07
0.21
0.07
0.15
0.23
0.17
0.19
0.16
0.07
0.07
0.09
0.15
0.08
0.12
0.15
0.10
0.10
0.09
0.21
0.28
0.08
0.10
0.07
0.15
0.18
0.14
0.10
0.10
0.08
0.03
0.01
0.12
0.01
0.11
0.18
0.04
0.07
0.14
0.19
0.08
0.21
0.02
0.12
0.16
0.07
0.04
0.08
0.15
0.01
0.13
0.05
0.11
