GUESS    :MOVING_SM
STARTTIME:1288279311168
ENDTIME  :1288279324344
LOCALSPD :0.0
LONGSPD  :0.09243108
LOCATION :Location[mProvider=network,mTime=1288279311772,mLatitude=55.7495595,mLongitude=12.3767152,mHasAltitude=false,mAltitude=0.0,mHasSpeed=false,mSpeed=0.0,mHasBearing=false,mBearing=0.0,mHasAccuracy=true,mAccuracy=50.0,mExtras=Bundle[mParcelledData.dataSize=148]]
ADDRESS :

1.31
0.57
0.95
0.80
0.42
0.15
0.74
0.38
0.34
0.27
0.18
0.35
0.19
0.42
0.68
0.99
0.46
0.91
1.20
0.72
0.98
1.39
0.65
1.17
1.84
1.04
1.77
1.02
2.18
0.69
1.63
0.45
1.25
0.75
0.74
1.04
1.88
1.92
1.88
3.32
2.49
0.87
0.50
0.68
1.20
1.18
1.35
1.06
0.48
1.57
1.08
1.57
1.88
1.61
0.56
0.72
0.56
0.57
1.24
0.64
0.94
1.13
0.84
1.24
0.41
0.72
1.58
0.87
0.67
0.87
0.84
0.65
0.80
0.84
0.12
0.34
0.65
0.90
0.78
1.25
0.89
0.50
0.78
0.15
0.30
0.67
0.34
0.44
0.74
0.52
0.41
0.29
0.23
0.20
0.38
0.25
0.19
0.54
1.46
0.63
2.10
0.91
1.23
0.54
1.01
0.42
0.80
0.93
1.01
2.49
1.77
11.55
7.12
1.80
1.58
0.50
2.53
0.84
2.19
1.02
0.44
0.42
0.67
0.50
0.64
0.44
0.59
0.34
0.20
0.52
0.42
1.17
0.80
0.72
0.76
0.18
0.49
0.57
0.93
0.46
0.26
1.04
1.39
0.74
1.29
0.45
1.08
0.15
1.10
0.91
0.37
1.44
0.23
0.69
0.15
0.35
0.34
0.38
0.76
0.63
0.54
0.34
0.39
0.39
0.16
0.30
0.41
0.42
0.10
0.45
0.44
0.53
0.31
1.48
0.94
1.50
1.81
0.27
1.95
0.95
0.64
0.26
0.38
0.50
0.87
0.54
0.08
0.11
0.19
0.16
0.12
0.04
0.20
0.12
0.15
0.11
0.08
0.15
0.16
0.31
1.31
1.10
1.96
1.65
0.76
0.97
1.20
1.68
1.12
1.23
1.06
1.02
1.72
0.59
2.14
0.52
2.10
0.59
0.97
0.50
0.86
1.48
0.42
0.69
0.53
0.93
0.68
0.64
1.18
0.23
0.61
0.57
0.86
0.26
0.64
0.54
0.50
0.11
0.19
0.33
0.39
0.34
0.19
0.30
0.26
0.27
0.27
0.83
0.19
0.38
0.49
0.25
0.69
0.46
0.27
0.52
