GUESS    :MOVING_ME
STARTTIME:1288279324345
ENDTIME  :1288279337310
LOCALSPD :0.0
LONGSPD  :0.09243108
LOCATION :Location[mProvider=network,mTime=1288279311772,mLatitude=55.7495595,mLongitude=12.3767152,mHasAltitude=false,mAltitude=0.0,mHasSpeed=false,mSpeed=0.0,mHasBearing=false,mBearing=0.0,mHasAccuracy=true,mAccuracy=50.0,mExtras=Bundle[mParcelledData.dataSize=148]]
ADDRESS :

0.23
0.27
0.26
0.19
0.39
0.35
0.54
0.49
0.35
0.19
0.27
0.16
0.37
0.18
0.30
0.30
1.50
0.25
0.22
1.29
0.44
0.42
0.42
0.27
0.84
0.30
0.84
0.27
0.16
0.46
0.59
0.19
0.42
0.97
0.78
0.45
0.83
0.35
0.76
0.23
0.69
0.72
0.54
0.48
0.89
0.99
0.75
1.46
0.94
0.95
0.60
2.71
1.53
3.80
3.57
0.69
0.61
0.45
0.26
0.14
0.44
0.48
0.74
0.41
0.59
0.91
0.63
1.23
2.44
0.74
1.87
1.74
0.76
1.35
0.78
1.16
0.71
0.59
1.31
1.48
1.95
1.01
1.02
0.76
1.04
0.12
0.80
0.30
0.34
0.80
0.39
1.33
0.69
0.84
0.64
0.64
0.31
0.19
0.33
0.71
1.04
0.99
0.87
1.01
0.91
1.04
0.94
0.83
1.08
1.38
0.91
1.91
0.78
1.73
0.50
0.59
1.33
0.76
0.80
0.69
0.68
0.61
0.46
0.97
0.91
0.46
0.74
0.53
1.46
1.14
1.69
0.69
0.16
1.65
0.64
2.49
1.68
0.89
1.48
2.42
0.97
1.53
2.23
2.14
2.83
2.06
1.50
0.63
0.69
1.57
1.42
2.68
2.26
1.57
3.04
2.22
1.53
1.06
1.08
0.99
1.31
1.24
0.91
1.53
0.34
0.53
0.52
0.86
0.39
0.38
0.34
0.53
0.11
0.31
0.33
0.53
0.34
0.53
0.35
0.20
0.57
0.72
0.79
0.41
0.31
0.50
0.37
0.50
0.72
0.63
0.63
0.74
0.86
0.12
1.96
0.61
0.68
0.11
0.94
0.67
0.86
0.72
1.35
1.96
0.87
3.98
4.39
3.11
3.19
3.45
1.42
1.57
1.29
2.72
4.18
2.29
6.97
3.26
4.13
2.85
2.63
1.23
1.95
2.72
2.30
0.56
3.43
4.56
2.87
2.45
6.65
3.45
1.20
2.44
5.71
5.22
5.64
4.86
5.48
3.04
2.79
2.30
1.76
2.93
3.08
1.20
3.34
1.92
2.02
1.48
3.15
2.37
1.47
2.33
0.61
1.80
