GUESS    :WALKING
STARTTIME:1288278867327
ENDTIME  :1288278880576
LOCALSPD :0.0
LONGSPD  :-1.0
LOCATION :Location[mProvider=network,mTime=1288278878342,mLatitude=55.749963400000006,mLongitude=12.377316233333334,mHasAltitude=false,mAltitude=0.0,mHasSpeed=false,mSpeed=0.0,mHasBearing=false,mBearing=0.0,mHasAccuracy=true,mAccuracy=60.0,mExtras=Bundle[mParcelledData.dataSize=148]]
ADDRESS :

5.27
0.07
0.61
0.43
0.26
0.58
0.19
0.21
0.11
0.20
0.03
0.45
0.12
0.23
0.16
0.18
0.04
0.26
0.08
0.29
0.45
0.62
0.35
0.51
0.32
0.30
1.78
0.26
0.37
0.60
0.22
0.33
0.17
0.20
0.04
0.17
0.10
0.45
0.08
0.08
0.15
0.23
0.26
0.05
0.26
0.20
0.21
0.14
0.21
0.29
0.26
0.05
0.19
0.32
0.16
0.24
0.13
0.15
0.21
0.23
0.16
0.08
0.32
0.19
0.22
0.15
0.07
0.10
0.25
0.27
0.20
0.10
0.16
0.11
0.11
0.17
0.34
0.57
0.70
0.52
0.17
0.28
0.06
0.08
0.30
0.36
0.37
0.32
0.19
0.27
0.18
0.19
0.24
0.07
0.19
0.06
0.40
0.21
0.12
0.23
0.16
0.41
0.36
0.69
0.78
0.56
0.16
0.19
0.50
0.09
0.13
0.13
0.36
0.34
0.52
0.20
0.29
0.22
0.16
0.16
0.14
0.03
0.21
0.02
0.23
0.30
0.22
0.12
