GUESS    :WALKING
STARTTIME:1288278893651
ENDTIME  :1288278906659
LOCALSPD :0.0
LONGSPD  :-1.0
LOCATION :Location[mProvider=network,mTime=1288278881759,mLatitude=55.749963400000006,mLongitude=12.377316233333334,mHasAltitude=false,mAltitude=0.0,mHasSpeed=false,mSpeed=0.0,mHasBearing=false,mBearing=0.0,mHasAccuracy=true,mAccuracy=60.0,mExtras=Bundle[mParcelledData.dataSize=148]]
ADDRESS :

5.40
0.04
0.05
0.23
0.21
0.14
0.03
0.13
0.13
0.12
0.20
0.20
0.25
0.37
0.15
0.12
0.16
0.05
0.11
0.22
0.36
0.43
0.07
0.39
0.36
0.33
0.92
1.46
0.58
0.30
0.44
0.23
0.33
0.20
0.16
0.04
0.14
0.16
0.04
0.34
0.16
0.04
0.16
0.14
0.04
0.27
0.24
0.26
0.09
0.24
0.08
0.17
0.35
0.18
0.31
0.21
0.05
0.13
0.19
0.22
0.21
0.03
0.08
0.09
0.15
0.14
0.23
0.14
0.35
0.26
0.18
0.15
0.25
0.19
0.06
0.36
0.21
0.12
0.37
0.55
1.15
0.84
0.24
0.05
0.18
0.27
0.22
0.53
0.10
0.18
0.10
0.05
0.19
0.37
0.27
0.28
0.17
0.30
0.22
0.27
0.63
0.17
0.62
0.14
0.65
0.67
0.78
0.48
0.55
0.16
0.20
0.10
0.20
0.31
0.25
0.09
0.16
0.25
0.10
0.08
0.21
0.15
0.31
0.44
0.22
0.61
0.19
0.29
