GUESS    :MOVING_SM
STARTTIME:1288279894898
ENDTIME  :1288279907756
LOCALSPD :0.0
LONGSPD  :0.0
LOCATION :Location[mProvider=network,mTime=1288279852119,mLatitude=55.7496045,mLongitude=12.3767543,mHasAltitude=false,mAltitude=0.0,mHasSpeed=false,mSpeed=0.0,mHasBearing=false,mBearing=0.0,mHasAccuracy=true,mAccuracy=50.0,mExtras=Bundle[mParcelledData.dataSize=148]]
ADDRESS :

0.70
0.49
0.47
0.39
0.31
0.15
0.08
0.06
0.04
0.12
0.13
0.16
0.17
0.22
0.14
0.12
0.06
0.02
0.07
0.09
0.06
0.10
0.09
0.08
0.07
0.07
0.05
0.10
0.05
0.05
0.11
0.08
0.04
0.09
0.07
0.04
0.08
0.02
0.02
0.02
0.06
0.01
0.05
0.06
0.07
0.04
0.04
0.07
0.04
0.03
0.08
0.08
0.05
0.09
0.05
0.07
0.04
0.07
0.02
0.04
0.05
0.06
0.05
0.06
0.07
0.08
0.07
0.08
0.05
0.09
0.11
0.07
0.11
0.10
0.08
0.10
0.10
0.09
0.12
0.13
0.09
0.06
0.03
0.02
0.01
0.02
0.04
0.04
0.03
0.01
0.03
0.05
0.05
0.04
0.09
0.08
0.05
0.05
0.08
0.06
0.04
0.02
0.03
0.04
0.06
0.07
0.09
0.08
0.05
0.10
0.06
0.08
0.03
0.03
0.04
0.04
0.05
0.06
0.07
0.07
0.07
0.05
0.03
0.01
0.04
0.04
0.04
0.03
