GUESS    :MOVING_SM
STARTTIME:1289507513963
ENDTIME  :1289507528502
LOCALSPD :0.0
LONGSPD  :0.0
LOCATION :Location[mProvider=network,mTime=1289507504452,mLatitude=55.749555175,mLongitude=12.376701625,mHasAltitude=false,mAltitude=0.0,mHasSpeed=false,mSpeed=0.0,mHasBearing=false,mBearing=0.0,mHasAccuracy=true,mAccuracy=50.0,mExtras=Bundle[mParcelledData.dataSize=148]]
ADDRESS :

0.04
0.12
0.04
0.15
0.38
0.12
0.29
0.26
0.46
1.13
0.25
0.16
0.12
0.11
0.11
0.15
0.16
0.44
0.23
0.38
0.19
0.30
0.23
0.12
0.63
0.27
0.46
0.23
0.38
0.20
0.39
0.46
0.15
0.07
0.38
0.20
0.49
0.23
0.45
0.23
0.34
0.19
0.08
0.23
0.27
0.15
0.16
0.53
0.53
0.38
0.99
0.23
0.19
0.38
0.29
0.30
0.25
0.04
0.22
0.44
0.16
0.12
0.04
0.30
0.15
0.18
0.15
0.34
0.33
0.39
0.34
0.08
0.15
0.16
0.29
0.19
0.14
0.35
0.16
0.25
0.45
0.30
0.35
0.23
0.44
0.26
0.29
0.08
0.11
0.04
0.15
0.19
0.04
0.29
0.27
0.46
1.20
0.75
1.10
0.25
0.59
0.72
1.31
0.84
0.42
0.42
0.72
0.48
0.33
0.59
0.49
0.50
1.43
1.02
0.49
0.22
0.27
0.12
0.39
0.12
0.25
0.26
0.03
0.10
0.20
0.67
1.04
0.65
0.30
1.18
0.42
0.22
0.26
0.33
0.11
0.16
0.07
0.12
0.11
0.29
0.07
0.22
0.07
0.15
0.34
0.23
0.12
0.29
0.29
0.19
0.12
0.26
0.30
0.39
0.08
0.19
0.38
0.30
0.87
1.29
0.41
0.46
0.53
0.93
0.64
0.44
0.08
0.27
0.31
0.22
0.30
0.22
0.14
0.03
0.08
0.04
0.07
0.15
0.20
0.19
0.15
0.04
0.22
0.19
0.07
0.19
0.08
0.08
0.07
0.14
0.18
0.14
0.19
0.04
0.08
0.11
0.07
0.07
0.07
0.16
0.31
0.46
0.91
1.25
1.27
1.46
2.68
1.18
1.32
3.99
7.82
2.79
6.47
9.85
9.96
5.46
4.79
3.83
2.14
3.75
1.76
3.13
0.89
0.46
0.38
0.12
0.10
0.07
0.03
0.07
0.03
0.07
0.05
0.11
0.11
0.03
0.10
0.11
0.14
0.04
0.03
0.07
0.11
0.11
0.08
0.14
0.11
0.08
0.16
0.03
0.08
0.07
0.15
0.07
0.03
0.04
