GUESS    :MOVING_SM
STARTTIME:1289507609784
ENDTIME  :1289507625168
LOCALSPD :0.0
LONGSPD  :0.0
LOCATION :Location[mProvider=network,mTime=1289507594552,mLatitude=55.7495518,mLongitude=12.376704733333334,mHasAltitude=false,mAltitude=0.0,mHasSpeed=false,mSpeed=0.0,mHasBearing=false,mBearing=0.0,mHasAccuracy=true,mAccuracy=50.0,mExtras=Bundle[mParcelledData.dataSize=148]]
ADDRESS :

0.60
0.72
0.38
0.32
0.26
0.25
0.25
0.20
0.15
0.22
0.33
0.27
0.14
0.11
0.07
0.08
0.11
0.05
0.09
0.11
0.11
0.10
0.13
0.11
0.06
0.10
0.15
0.14
0.17
0.16
0.13
0.14
0.19
0.12
0.07
0.08
0.10
0.10
0.17
0.16
0.11
0.08
0.09
0.05
0.01
0.03
0.08
0.12
0.15
0.12
0.08
0.03
0.03
0.04
0.08
0.06
0.02
0.08
0.09
0.06
0.08
0.07
0.09
0.06
0.13
0.13
0.09
0.07
0.10
0.10
0.16
0.14
0.06
0.06
0.07
0.12
0.11
0.07
0.08
0.03
0.04
0.02
0.01
0.05
0.08
0.12
0.11
0.11
0.10
0.09
0.11
0.11
0.10
0.06
0.08
0.11
0.13
0.13
0.12
0.09
0.12
0.10
0.11
0.07
0.05
0.04
0.07
0.07
0.06
0.05
0.04
0.03
0.06
0.02
0.04
0.02
0.01
0.04
0.05
0.02
0.01
0.05
0.05
0.06
0.07
0.06
0.10
0.09
