GUESS    :MOVING_SM
STARTTIME:1290510187644
ENDTIME  :1290510203212
LOCALSPD :0.0
LONGSPD  :-1.0
LOCATION :Location[mProvider=network,mTime=1290510190060,mLatitude=55.74957426666666,mLongitude=12.376717400000002,mHasAltitude=false,mAltitude=0.0,mHasSpeed=false,mSpeed=0.0,mHasBearing=false,mBearing=0.0,mHasAccuracy=true,mAccuracy=50.0,mExtras=Bundle[mParcelledData.dataSize=148]]
ADDRESS :

0.16
0.27
0.34
0.35
0.46
0.15
0.35
0.16
0.38
0.31
0.30
0.19
0.26
0.08
0.45
0.19
0.39
0.04
0.38
0.11
0.07
0.46
0.27
0.26
0.08
0.05
0.05
0.20
0.34
0.67
0.22
0.64
0.12
0.20
0.37
0.22
0.23
0.22
0.48
0.35
0.50
0.37
0.42
0.57
0.04
0.23
0.45
0.15
0.16
0.57
0.19
0.46
0.23
0.26
0.05
0.18
0.30
0.42
0.46
0.26
0.11
0.20
0.18
0.39
0.18
0.49
0.50
0.34
0.35
0.23
0.26
0.20
0.30
0.16
0.16
0.08
0.11
0.12
0.31
0.42
0.34
0.30
0.20
0.49
0.38
0.54
0.35
0.23
0.35
0.12
0.30
0.10
0.08
0.18
0.22
0.44
0.25
0.56
0.27
0.38
0.29
0.34
0.19
0.15
0.38
0.34
0.15
0.15
0.05
0.19
0.15
0.03
0.04
0.15
0.18
0.03
0.19
0.04
0.20
0.15
0.31
0.34
0.22
0.19
0.41
0.07
0.15
0.18
0.14
0.07
0.20
0.11
0.23
0.15
0.11
0.10
0.22
0.08
0.34
0.18
0.11
0.45
0.53
0.72
0.99
0.78
0.80
1.01
0.34
0.52
0.23
2.15
0.50
1.27
2.52
1.12
0.61
1.50
2.75
4.88
1.96
1.01
0.61
0.22
0.46
0.93
0.54
0.89
6.85
18.92
6.47
3.49
3.11
1.62
1.08
1.87
1.53
1.54
0.78
0.61
0.74
0.97
0.38
0.97
0.53
0.46
0.38
0.42
0.18
0.34
1.29
2.02
3.20
3.17
2.23
1.44
0.89
0.16
1.16
0.80
0.23
1.14
0.27
0.93
0.72
0.76
0.22
0.31
0.18
0.39
0.20
0.23
0.11
0.25
0.16
0.07
0.53
0.57
0.50
0.46
0.69
0.15
0.29
0.30
0.35
0.19
0.31
0.22
0.31
0.07
0.07
0.33
0.25
0.15
0.11
0.19
0.11
0.11
0.14
0.18
0.15
0.16
0.15
0.08
0.23
0.19
0.23
0.08
0.08
0.04
0.08
0.19
0.15
0.25
0.16
0.16
