GUESS    :MOVING_SM
STARTTIME:1290622849670
ENDTIME  :1290622863997
LOCALSPD :-1.0
LONGSPD  :-1.0
LOCATION :Location[mProvider=network,mTime=1290622836695,mLatitude=55.74955208,mLongitude=12.37657768,mHasAltitude=false,mAltitude=0.0,mHasSpeed=false,mSpeed=0.0,mHasBearing=false,mBearing=0.0,mHasAccuracy=true,mAccuracy=50.0,mExtras=Bundle[mParcelledData.dataSize=148]]
ADDRESS :

0.47
0.30
0.20
0.32
0.11
0.16
0.10
0.16
0.14
0.06
0.18
0.08
0.14
0.17
0.01
0.12
0.04
0.09
0.13
0.08
0.10
0.04
0.10
0.05
0.07
0.04
0.07
0.07
0.07
0.06
0.09
0.09
0.09
0.07
0.14
0.08
0.09
0.12
0.03
0.06
0.08
0.02
0.06
0.04
0.08
0.07
0.01
0.03
0.02
0.05
0.02
0.06
0.06
0.02
0.04
0.06
0.05
0.02
0.02
0.02
0.02
0.02
0.01
0.04
0.04
0.03
0.06
0.02
0.05
0.05
0.02
0.01
0.02
0.02
0.04
0.05
0.04
0.05
0.05
0.02
0.06
0.03
0.04
0.05
0.05
0.03
0.00
0.08
0.08
0.05
0.07
0.03
0.04
0.05
0.02
0.02
0.02
0.04
0.02
0.05
0.02
0.05
0.05
0.03
0.03
0.02
0.02
0.00
0.01
0.03
0.04
0.04
0.03
0.07
0.07
0.02
0.05
0.03
0.01
0.04
0.02
0.02
0.03
0.03
0.05
0.04
0.05
0.04
