GUESS    :MOVING_SM
STARTTIME:1288898065144
ENDTIME  :1288898078893
LOCALSPD :0.0
LONGSPD  :0.0
LOCATION :Location[mProvider=network,mTime=1288898053928,mLatitude=55.744169,mLongitude=12.327759,mHasAltitude=false,mAltitude=0.0,mHasSpeed=false,mSpeed=0.0,mHasBearing=false,mBearing=0.0,mHasAccuracy=true,mAccuracy=850.0,mExtras=Bundle[mParcelledData.dataSize=148]]
ADDRESS :

0.63
0.13
0.00
0.06
0.13
0.07
0.06
0.06
0.01
0.05
0.09
0.02
0.02
0.02
0.06
0.05
0.05
0.06
0.06
0.09
0.03
0.04
0.05
0.03
0.08
0.05
0.06
0.03
0.06
0.08
0.07
0.08
0.05
0.04
0.03
0.11
0.07
0.02
0.02
0.07
0.03
0.03
0.03
0.03
0.02
0.04
0.02
0.06
0.05
0.01
0.02
0.01
0.03
0.03
0.06
0.01
0.03
0.05
0.02
0.02
0.02
0.02
0.01
0.06
0.02
0.04
0.03
0.07
0.00
0.03
0.03
0.01
0.04
0.02
0.01
0.04
0.03
0.05
0.06
0.03
0.03
0.05
0.05
0.06
0.02
0.06
0.04
0.03
0.02
0.06
0.02
0.05
0.02
0.05
0.01
0.03
0.04
0.06
0.06
0.05
0.03
0.03
0.01
0.04
0.02
0.03
0.06
0.01
0.04
0.03
0.01
0.01
0.02
0.04
0.04
0.01
0.03
0.05
0.04
0.03
0.00
0.01
0.02
0.03
0.02
0.02
0.03
0.04
