GUESS    :MOVING_SM
STARTTIME:1288898175093
ENDTIME  :1288898188422
LOCALSPD :10.2284565
LONGSPD  :2.2526922
LOCATION :Location[mProvider=network,mTime=1288898151617,mLatitude=55.7360191,mLongitude=12.362149,mHasAltitude=false,mAltitude=0.0,mHasSpeed=false,mSpeed=0.0,mHasBearing=false,mBearing=0.0,mHasAccuracy=true,mAccuracy=80.0,mExtras=Bundle[mParcelledData.dataSize=148]]
ADDRESS :

0.16
0.08
0.04
0.08
0.08
0.04
0.04
0.08
0.08
0.15
0.23
0.16
0.04
0.12
0.08
0.08
0.08
0.08
0.08
0.16
0.12
0.08
0.04
0.08
0.08
0.12
0.08
0.16
0.08
0.04
0.12
0.16
0.04
0.08
0.08
0.04
0.08
0.08
0.15
0.11
0.04
0.04
0.08
0.08
0.08
0.04
0.12
0.20
0.12
0.04
0.04
0.08
0.04
0.12
0.08
0.11
0.11
0.08
0.04
0.08
0.04
0.08
0.08
0.12
0.08
0.04
0.04
0.04
0.08
0.08
0.04
0.08
0.04
0.08
0.04
0.04
0.08
0.16
0.08
0.08
0.08
0.12
0.08
0.08
0.04
0.04
0.08
0.12
0.08
0.08
0.08
0.08
0.12
0.04
0.04
0.12
0.16
0.08
0.12
0.12
0.08
0.12
0.08
0.12
0.12
0.08
0.12
0.08
0.08
0.08
0.12
0.16
0.08
0.12
0.12
0.08
0.04
0.08
0.04
0.08
0.08
0.04
0.08
0.16
0.04
0.12
0.08
0.16
0.12
0.12
0.12
0.04
0.04
0.04
0.08
0.12
0.04
0.04
0.08
0.04
0.08
0.16
0.08
0.04
0.12
0.08
0.08
0.08
0.16
0.25
0.08
0.04
0.39
0.57
0.31
0.31
0.34
0.46
0.34
0.20
0.83
0.74
0.41
0.54
0.25
0.30
0.26
0.19
0.45
0.08
0.16
0.61
0.15
0.27
0.31
0.27
0.46
0.11
0.94
0.19
0.22
0.38
0.35
0.27
0.29
0.84
0.27
0.53
0.42
0.34
0.50
0.72
0.63
1.24
1.08
1.81
1.33
1.76
0.48
1.31
0.52
0.71
0.46
0.57
0.69
1.65
0.35
1.10
1.16
1.61
0.95
1.10
0.86
1.23
0.94
0.61
1.44
0.49
0.99
1.12
0.65
2.02
1.50
0.61
1.54
1.27
0.69
0.39
0.57
0.71
0.87
0.44
0.19
0.50
0.38
0.72
0.39
0.74
0.72
0.26
0.50
1.20
0.75
0.57
1.01
1.21
0.87
1.24
0.42
0.38
0.54
0.56
1.20
0.83
0.82
1.80
