GUESS    :IDLE
STARTTIME:1287995326959
ENDTIME  :1287995340748
LOCALSPD :0.0
LONGSPD  :-1.0
LOCATION :org.peterstrand.service.LocationWrapper@449b10d8
ADDRESS :

0.11
0.01
0.00
0.01
0.00
0.01
0.01
0.01
0.01
0.01
0.01
0.01
0.00
0.00
0.00
0.00
0.01
0.01
0.00
0.01
0.01
0.00
0.01
0.02
0.00
0.00
0.02
0.01
0.02
0.00
0.01
0.01
0.01
0.01
0.01
0.01
0.01
0.01
0.00
0.01
0.01
0.00
0.01
0.01
0.01
0.00
0.01
0.01
0.00
0.01
0.01
0.01
0.01
0.01
0.00
0.01
0.00
0.00
0.01
0.01
0.01
0.01
0.01
0.01
0.00
0.01
0.00
0.01
0.01
0.01
0.01
0.00
0.01
0.01
0.00
0.00
0.00
0.01
0.01
0.00
0.01
0.01
0.00
0.00
0.01
0.00
0.01
0.00
0.01
0.01
0.01
0.01
0.00
0.00
0.00
0.01
0.01
0.00
0.01
0.00
0.00
0.00
0.01
0.01
0.01
0.01
0.01
0.00
0.01
0.01
0.00
0.01
0.00
0.01
0.01
0.01
0.01
0.00
0.00
0.00
0.00
0.00
0.01
0.00
0.00
0.00
0.01
0.00
