GUESS    :MOVING_ME
STARTTIME:1288271624288
ENDTIME  :1288271637130
LOCALSPD :0.28319454
LONGSPD  :5.3912024
LOCATION :Location[mProvider=network,mTime=1288271595598,mLatitude=55.7544103,mLongitude=12.41194,mHasAltitude=false,mAltitude=0.0,mHasSpeed=false,mSpeed=0.0,mHasBearing=false,mBearing=0.0,mHasAccuracy=true,mAccuracy=265.0,mExtras=Bundle[mParcelledData.dataSize=148]]
ADDRESS :

1.82
0.42
0.35
0.25
0.17
0.05
0.16
0.14
0.23
0.07
0.12
0.26
0.19
0.16
0.10
0.18
0.05
0.06
0.26
0.14
0.09
0.14
0.10
0.08
0.08
0.20
0.16
0.07
0.12
0.20
0.17
0.11
0.13
0.09
0.18
0.10
0.08
0.01
0.10
0.18
0.04
0.14
0.07
0.10
0.03
0.10
0.14
0.05
0.09
0.09
0.07
0.05
0.13
0.13
0.09
0.07
0.07
0.07
0.05
0.09
0.06
0.01
0.06
0.05
0.05
0.17
0.13
0.08
0.04
0.16
0.16
0.11
0.06
0.04
0.02
0.11
0.13
0.14
0.11
0.10
0.06
0.12
0.10
0.11
0.12
0.16
0.15
0.05
0.09
0.14
0.10
0.09
0.03
0.13
0.06
0.12
0.12
0.04
0.04
0.14
0.14
0.12
0.08
0.06
0.11
0.04
0.06
0.05
0.13
0.14
0.07
0.17
0.14
0.15
0.18
0.03
0.09
0.15
0.10
0.18
0.07
0.11
0.14
0.02
0.07
0.07
0.25
0.15
