GUESS    :MOVING_ME
STARTTIME:1288270684691
ENDTIME  :1288270698441
LOCALSPD :4.3569975
LONGSPD  :3.3285604
LOCATION :Location[mProvider=network,mTime=1288270655566,mLatitude=55.76788478000001,mLongitude=12.49830658,mHasAltitude=false,mAltitude=0.0,mHasSpeed=false,mSpeed=0.0,mHasBearing=false,mBearing=0.0,mHasAccuracy=true,mAccuracy=60.0,mExtras=Bundle[mParcelledData.dataSize=148]]
ADDRESS :

1.83
1.13
2.68
2.45
1.85
2.29
3.92
4.59
3.64
3.17
3.39
3.15
1.31
1.01
1.04
1.84
2.41
1.69
2.53
1.16
1.87
1.08
1.42
2.25
2.17
2.68
1.57
0.67
2.49
3.06
3.26
1.88
1.18
1.42
1.76
2.38
1.13
1.31
1.18
2.06
1.57
1.76
2.67
4.56
2.41
2.60
1.81
2.49
1.85
3.38
3.87
4.18
1.59
1.95
0.48
2.52
3.02
2.93
2.07
1.54
2.87
1.97
4.17
0.79
1.23
2.45
0.97
0.69
2.33
3.24
2.52
3.42
2.64
2.26
1.28
1.74
2.56
1.33
3.62
2.22
1.39
0.79
2.41
1.27
1.01
2.26
0.93
4.85
0.87
6.96
3.85
3.34
3.11
2.41
4.29
2.60
0.42
1.21
3.34
4.06
3.87
2.49
0.69
2.06
2.00
2.30
0.93
2.71
4.25
5.86
4.37
4.02
1.54
2.07
2.56
2.53
0.80
1.36
2.57
0.93
1.40
1.23
2.87
2.79
1.61
2.72
1.32
2.12
2.51
2.64
1.95
3.60
1.16
3.08
1.78
1.89
1.92
2.76
0.64
1.62
3.02
1.78
1.59
1.38
0.57
1.61
2.87
2.91
2.78
6.91
9.78
7.00
3.91
6.33
2.40
1.92
0.99
5.83
0.90
2.33
3.88
2.64
1.96
3.79
0.74
1.84
1.81
1.38
0.65
1.46
1.57
4.88
2.08
0.74
1.25
1.39
1.44
2.30
1.63
0.87
2.22
2.45
1.59
4.78
1.36
6.69
2.41
1.99
1.91
2.23
3.15
1.14
2.10
0.83
3.80
2.30
1.23
2.49
1.51
2.18
1.99
2.63
1.46
2.30
3.62
2.87
1.50
1.61
2.07
3.80
2.98
1.21
2.75
2.98
1.58
3.00
1.88
3.79
4.29
1.57
2.26
1.02
2.67
2.49
1.18
1.50
1.69
1.80
1.87
0.76
2.60
0.95
2.10
1.80
1.51
2.26
2.18
1.33
2.03
2.04
1.16
1.72
2.68
2.49
1.58
0.41
1.91
1.18
1.08
2.85
2.21
1.05
2.57
1.38
0.94
1.12
