GUESS    :WALKING
STARTTIME:1288270975306
ENDTIME  :1288270988172
LOCALSPD :2.7766802
LONGSPD  :4.566934
LOCATION :Location[mProvider=network,mTime=1288270959826,mLatitude=55.761159,mLongitude=12.464397,mHasAltitude=false,mAltitude=0.0,mHasSpeed=false,mSpeed=0.0,mHasBearing=false,mBearing=0.0,mHasAccuracy=true,mAccuracy=759.0,mExtras=Bundle[mParcelledData.dataSize=148]]
ADDRESS :

2.21
0.45
0.59
0.34
0.36
0.62
0.14
0.31
0.11
0.01
0.19
0.25
0.24
0.42
0.26
0.22
0.13
0.27
0.32
0.32
0.31
0.10
0.15
0.12
0.22
0.09
0.07
0.10
0.15
0.08
0.06
0.18
0.08
0.16
0.06
0.09
0.03
0.12
0.15
0.13
0.07
0.12
0.07
0.16
0.24
0.18
0.39
0.15
0.19
0.19
0.15
0.29
0.09
0.20
0.22
0.14
0.05
0.01
0.27
0.17
0.23
0.21
0.14
0.26
0.15
0.15
0.09
0.20
0.24
0.10
0.21
0.14
0.11
0.15
0.17
0.08
0.06
0.13
0.09
0.16
0.15
0.13
0.14
0.09
0.11
0.13
0.12
0.15
0.10
0.21
0.09
0.11
0.05
0.14
0.10
0.18
0.11
0.05
0.09
0.09
0.08
0.11
0.05
0.11
0.06
0.10
0.07
0.17
0.01
0.03
0.01
0.29
0.09
0.15
0.15
0.12
0.08
0.05
0.01
0.06
0.09
0.09
0.11
0.06
0.18
0.10
0.09
0.06
