GUESS    :WALKING
STARTTIME:1288271273452
ENDTIME  :1288271286352
LOCALSPD :4.7354407
LONGSPD  :5.940912
LOCATION :Location[mProvider=network,mTime=1288271267304,mLatitude=55.763724,mLongitude=12.4402878,mHasAltitude=false,mAltitude=0.0,mHasSpeed=false,mSpeed=0.0,mHasBearing=false,mBearing=0.0,mHasAccuracy=true,mAccuracy=58.0,mExtras=Bundle[mParcelledData.dataSize=148]]
ADDRESS :

2.22
0.40
0.36
0.56
0.42
0.42
0.19
0.28
0.48
0.47
0.16
0.30
0.58
0.19
0.30
0.07
0.34
0.11
0.29
0.32
0.13
0.11
0.32
0.18
0.15
0.12
0.10
0.27
0.12
0.19
0.08
0.40
0.04
0.18
0.18
0.20
0.17
0.12
0.16
0.02
0.08
0.11
0.21
0.31
0.15
0.11
0.18
0.14
0.20
0.07
0.15
0.21
0.15
0.20
0.17
0.08
0.24
0.10
0.06
0.15
0.04
0.15
0.05
0.04
0.20
0.05
0.06
0.19
0.20
0.12
0.15
0.15
0.14
0.04
0.11
0.19
0.09
0.07
0.08
0.09
0.13
0.04
0.22
0.18
0.04
0.16
0.11
0.17
0.23
0.09
0.14
0.17
0.09
0.37
0.16
0.23
0.13
0.08
0.11
0.09
0.02
0.24
0.05
0.06
0.20
0.15
0.19
0.12
0.12
0.08
0.18
0.04
0.14
0.25
0.10
0.29
0.12
0.15
0.08
0.18
0.27
0.06
0.04
0.09
0.19
0.17
0.07
0.35
