GUESS    :MOVING_SM
STARTTIME:1290461700997
ENDTIME  :1290461715576
LOCALSPD :0.0
LONGSPD  :-1.0
LOCATION :Location[mProvider=network,mTime=1290461711009,mLatitude=55.749563675,mLongitude=12.376712900000001,mHasAltitude=false,mAltitude=0.0,mHasSpeed=false,mSpeed=0.0,mHasBearing=false,mBearing=0.0,mHasAccuracy=true,mAccuracy=50.0,mExtras=Bundle[mParcelledData.dataSize=148]]
ADDRESS :

0.11
0.07
0.12
0.19
0.19
0.04
0.23
0.08
0.19
0.08
0.23
0.10
0.23
0.12
0.15
0.11
0.08
0.65
0.61
3.79
6.07
2.36
1.58
2.47
5.04
3.83
3.21
4.37
1.42
3.76
2.22
2.98
1.46
3.53
2.87
4.94
3.42
2.71
3.68
5.33
4.81
5.05
1.12
2.57
2.79
2.30
1.33
0.23
0.12
0.20
0.16
0.08
0.12
0.04
0.08
0.12
0.12
0.16
0.12
0.16
0.12
0.04
0.04
0.04
0.12
0.12
0.08
0.04
0.04
0.12
0.15
0.11
0.08
0.25
0.08
0.08
0.12
0.12
0.08
0.11
0.23
0.12
0.08
0.04
0.08
0.12
0.12
0.04
0.04
0.08
0.16
0.12
0.16
0.16
0.16
0.23
0.27
0.12
0.04
0.04
0.16
0.12
0.16
0.12
0.16
0.08
0.08
0.04
0.12
0.16
0.08
0.04
0.04
0.04
0.12
0.08
0.16
0.08
0.16
0.12
0.12
0.20
0.12
0.12
0.25
0.20
0.04
0.08
0.16
0.16
0.16
0.12
0.12
0.08
0.12
0.12
0.04
0.04
0.04
0.04
0.04
0.12
0.12
0.04
0.08
0.04
0.08
0.04
0.04
0.04
0.04
0.04
0.04
0.08
0.08
0.08
0.12
0.23
0.31
0.12
0.12
0.08
0.08
0.04
0.04
0.08
0.08
0.04
0.08
0.08
0.08
0.04
0.08
0.04
0.12
0.04
0.08
0.08
0.04
0.12
0.08
0.04
0.04
0.04
0.08
0.04
0.04
0.08
0.04
0.04
0.08
0.04
0.12
0.12
0.08
0.12
0.04
0.08
0.12
0.16
0.12
0.08
0.20
0.12
0.08
0.04
0.04
0.04
0.08
0.08
0.12
0.12
0.08
0.04
0.04
0.04
0.04
0.04
0.04
0.08
0.04
0.12
0.08
0.04
0.12
0.04
0.08
0.04
0.12
0.08
0.12
0.04
0.16
0.12
0.08
0.12
0.04
0.04
0.12
0.12
0.16
0.12
0.08
0.04
0.04
0.08
0.08
0.12
0.08
0.12
0.12
0.08
0.04
0.04
0.16
0.12
