GUESS    :MOVING_SM
STARTTIME:1288608256008
ENDTIME  :1288608271211
LOCALSPD :-1.0
LONGSPD  :-1.0
LOCATION :Location[mProvider=network,mTime=1288608251448,mLatitude=55.78251023,mLongitude=12.51395238,mHasAltitude=false,mAltitude=0.0,mHasSpeed=false,mSpeed=0.0,mHasBearing=false,mBearing=0.0,mHasAccuracy=true,mAccuracy=53.0,mExtras=Bundle[mParcelledData.dataSize=148]]
ADDRESS :

0.31
0.42
0.34
0.30
0.28
0.37
0.41
0.39
0.34
0.24
0.19
0.24
0.27
0.29
0.26
0.16
0.07
0.08
0.13
0.15
0.13
0.09
0.07
0.07
0.08
0.05
0.03
0.08
0.13
0.16
0.14
0.09
0.04
0.09
0.16
0.20
0.18
0.14
0.07
0.08
0.16
0.19
0.18
0.14
0.06
0.07
0.13
0.17
0.17
0.13
0.05
0.06
0.12
0.17
0.17
0.11
0.05
0.04
0.11
0.16
0.15
0.11
0.04
0.04
0.10
0.13
0.14
0.10
0.04
0.05
0.09
0.12
0.11
0.08
0.03
0.07
0.12
0.13
0.12
0.06
0.02
0.07
0.13
0.16
0.13
0.09
0.01
0.06
0.12
0.15
0.15
0.11
0.04
0.04
0.10
0.13
0.13
0.10
0.05
0.04
0.08
0.10
0.11
0.09
0.06
0.05
0.07
0.09
0.09
0.06
0.05
0.06
0.09
0.10
0.08
0.05
0.04
0.07
0.10
0.11
0.08
0.05
0.03
0.06
0.10
0.11
0.10
0.05
