GUESS    :MOVING_SM
STARTTIME:1289454340667
ENDTIME  :1289454355769
LOCALSPD :0.0
LONGSPD  :-1.0
LOCATION :Location[mProvider=network,mTime=1289454353425,mLatitude=55.74957875,mLongitude=12.376729950000001,mHasAltitude=false,mAltitude=0.0,mHasSpeed=false,mSpeed=0.0,mHasBearing=false,mBearing=0.0,mHasAccuracy=true,mAccuracy=50.0,mExtras=Bundle[mParcelledData.dataSize=148]]
ADDRESS :

0.07
0.07
0.08
0.04
0.11
0.15
0.08
0.08
0.04
0.12
0.12
0.08
0.04
0.04
0.12
0.08
0.04
0.12
0.04
0.04
0.11
0.07
0.04
0.15
0.19
0.08
0.08
0.16
0.08
0.04
0.08
0.04
0.07
0.03
0.15
0.15
0.11
0.04
0.07
0.03
0.04
0.15
0.04
0.04
0.07
0.07
0.12
0.12
0.04
0.11
0.14
0.07
0.04
0.08
0.04
0.12
0.08
0.04
0.07
0.15
0.11
0.04
0.08
0.08
0.04
0.07
0.04
0.04
0.08
0.04
0.04
0.08
0.07
0.15
0.04
0.08
0.11
0.08
0.07
0.04
0.10
0.14
0.15
0.08
0.11
0.03
0.04
0.15
0.07
0.04
0.03
0.08
0.07
0.04
0.08
0.08
0.15
0.07
0.03
0.08
0.15
0.11
0.08
0.11
0.08
0.07
0.11
0.08
0.07
0.07
0.11
0.08
0.11
0.39
1.99
10.86
14.86
18.50
15.36
5.22
5.39
5.28
5.54
4.24
0.83
1.21
1.39
2.67
1.23
0.63
1.16
2.11
2.00
2.87
1.33
5.71
6.10
1.81
2.70
1.28
0.75
2.53
4.94
2.34
1.99
7.25
4.79
9.98
14.68
23.75
12.18
3.06
3.05
2.45
4.74
4.71
1.59
6.63
12.52
5.52
4.52
2.98
4.09
2.94
3.19
0.89
2.60
6.39
4.97
3.26
4.21
2.36
0.87
1.91
3.43
2.30
0.74
1.10
1.27
1.57
3.77
5.28
2.75
1.91
1.40
1.63
2.48
1.42
1.17
1.80
0.99
0.74
0.57
0.46
0.26
0.41
2.06
3.45
1.16
0.48
0.30
0.41
0.80
1.27
0.95
0.27
0.22
0.16
0.46
0.38
0.34
0.61
0.31
0.25
0.14
0.11
0.37
0.38
0.23
0.12
0.11
0.07
0.42
0.46
0.19
0.29
0.39
0.19
0.08
0.31
0.42
0.23
0.04
0.08
0.04
0.08
0.12
0.08
0.12
0.12
0.27
0.11
0.04
0.10
0.03
0.11
0.23
0.04
0.15
0.10
0.07
0.08
0.19
0.19
0.45
0.49
