GUESS    :MOVING_SM
STARTTIME:1289852136115
ENDTIME  :1289852150806
LOCALSPD :-1.0
LONGSPD  :-1.0
LOCATION :Location[mProvider=network,mTime=1289852110799,mLatitude=55.74965927999999,mLongitude=12.37652304,mHasAltitude=false,mAltitude=0.0,mHasSpeed=false,mSpeed=0.0,mHasBearing=false,mBearing=0.0,mHasAccuracy=true,mAccuracy=25.0,mExtras=Bundle[mParcelledData.dataSize=148]]
ADDRESS :

1.29
6.77
2.03
1.97
1.95
1.09
2.10
2.94
2.44
1.13
3.11
4.17
1.43
0.41
0.61
0.31
0.18
0.04
0.07
0.04
0.10
0.18
0.23
0.27
0.16
0.15
0.27
0.27
0.15
0.04
0.04
0.08
0.11
0.07
0.19
0.23
0.19
0.08
0.12
0.11
0.12
0.15
0.08
0.11
0.04
0.11
0.19
0.08
0.12
0.12
0.08
0.03
0.15
0.20
0.15
0.11
0.04
0.04
0.04
0.08
0.08
0.07
0.15
0.16
0.07
0.07
0.12
0.08
0.31
0.38
0.15
0.08
0.11
0.18
0.22
0.11
0.15
0.15
0.12
0.08
0.04
0.04
0.12
0.16
0.12
0.11
0.08
0.03
0.26
0.15
0.20
0.08
0.12
0.12
0.12
0.19
0.15
0.11
0.15
0.04
0.07
0.12
0.19
0.04
0.15
0.07
0.25
0.12
0.16
0.12
0.16
0.16
0.04
0.08
0.12
0.12
0.08
0.08
0.15
0.11
0.08
0.15
0.07
0.04
0.04
0.08
0.12
0.08
0.12
0.12
0.12
0.04
0.12
0.16
0.08
0.12
0.04
0.08
0.12
0.12
0.08
0.04
0.08
0.08
0.04
0.12
0.16
0.04
0.08
0.04
0.08
0.53
0.69
0.57
1.32
0.76
0.84
0.95
0.46
0.12
0.08
0.05
0.07
0.11
0.04
0.03
0.11
0.11
0.04
0.08
0.18
0.11
0.10
0.15
0.04
0.18
0.03
0.07
0.37
0.04
0.12
0.04
0.08
0.10
0.14
0.07
0.05
0.03
0.03
0.05
0.05
0.07
0.07
0.07
0.07
0.10
0.03
0.07
0.10
0.11
0.33
0.33
0.29
0.11
0.15
0.26
0.45
0.37
0.14
0.22
0.07
0.07
0.03
0.07
0.04
0.18
0.19
0.07
0.03
0.11
0.15
0.11
0.05
0.04
0.04
0.08
0.07
0.03
0.07
0.07
0.10
0.10
0.19
0.19
0.10
0.10
0.11
0.03
0.04
0.04
0.35
1.38
1.95
0.38
0.31
0.29
0.07
0.08
0.11
0.08
0.19
0.04
0.07
0.10
0.10
0.11
