GUESS    :MOVING_SM
STARTTIME:1288690158930
ENDTIME  :1288690173399
LOCALSPD :-1.0
LONGSPD  :-1.0
LOCATION :Location[mProvider=network,mTime=1288690145132,mLatitude=55.78251023,mLongitude=12.51395238,mHasAltitude=false,mAltitude=0.0,mHasSpeed=false,mSpeed=0.0,mHasBearing=false,mBearing=0.0,mHasAccuracy=true,mAccuracy=53.0,mExtras=Bundle[mParcelledData.dataSize=148]]
ADDRESS :

0.67
0.40
0.85
0.37
0.56
0.29
0.45
0.20
0.38
0.15
0.22
0.05
0.12
0.07
0.10
0.12
0.11
0.14
0.10
0.15
0.08
0.17
0.05
0.22
0.05
0.23
0.10
0.22
0.12
0.18
0.13
0.19
0.16
0.20
0.15
0.16
0.12
0.07
0.05
0.05
0.05
0.04
0.04
0.05
0.06
0.02
0.07
0.03
0.14
0.05
0.17
0.07
0.18
0.12
0.20
0.13
0.20
0.16
0.18
0.14
0.18
0.11
0.14
0.13
0.07
0.11
0.05
0.09
0.03
0.08
0.03
0.06
0.06
0.03
0.08
0.04
0.08
0.07
0.11
0.08
0.14
0.10
0.16
0.12
0.15
0.10
0.11
0.09
0.12
0.07
0.12
0.05
0.10
0.06
0.08
0.05
0.05
0.05
0.05
0.06
0.05
0.06
0.03
0.06
0.01
0.04
0.01
0.04
0.01
0.05
0.03
0.09
0.04
0.13
0.05
0.15
0.06
0.13
0.05
0.13
0.05
0.09
0.03
0.06
0.01
0.06
0.00
0.04
