GUESS    :MOVING_SM
STARTTIME:1289984520415
ENDTIME  :1289984533674
LOCALSPD :0.0
LONGSPD  :0.0
LOCATION :Location[mProvider=network,mTime=1289984511939,mLatitude=51.244628,mLongitude=4.420013,mHasAltitude=false,mAltitude=0.0,mHasSpeed=false,mSpeed=0.0,mHasBearing=false,mBearing=0.0,mHasAccuracy=true,mAccuracy=1151.0,mExtras=Bundle[mParcelledData.dataSize=148]]
ADDRESS :

0.36
0.30
0.23
0.16
0.08
0.18
0.14
0.25
0.17
0.14
0.18
0.07
0.14
0.17
0.21
0.21
0.18
0.19
0.09
0.13
0.12
0.13
0.12
0.10
0.10
0.06
0.07
0.09
0.06
0.12
0.11
0.10
0.10
0.06
0.10
0.03
0.07
0.07
0.05
0.09
0.02
0.06
0.03
0.04
0.07
0.02
0.05
0.05
0.04
0.06
0.02
0.05
0.03
0.04
0.04
0.03
0.05
0.02
0.02
0.02
0.05
0.05
0.03
0.03
0.02
0.02
0.03
0.04
0.05
0.04
0.04
0.04
0.01
0.05
0.02
0.03
0.03
0.02
0.01
0.01
0.05
0.04
0.04
0.05
0.03
0.04
0.01
0.03
0.03
0.03
0.05
0.03
0.03
0.03
0.02
0.03
0.02
0.05
0.06
0.05
0.05
0.03
0.01
0.01
0.00
0.02
0.03
0.03
0.01
0.01
0.01
0.03
0.02
0.05
0.05
0.04
0.05
0.05
0.02
0.04
0.04
0.04
0.05
0.03
0.05
0.04
0.04
0.05
