GUESS    :IDLE
STARTTIME:1289985299205
ENDTIME  :1289985313853
LOCALSPD :0.0
LONGSPD  :0.0
LOCATION :Location[mProvider=network,mTime=1289985308692,mLatitude=51.244628,mLongitude=4.420013,mHasAltitude=false,mAltitude=0.0,mHasSpeed=false,mSpeed=0.0,mHasBearing=false,mBearing=0.0,mHasAccuracy=true,mAccuracy=1151.0,mExtras=Bundle[mParcelledData.dataSize=148]]
ADDRESS :

0.27
0.14
0.19
0.18
0.12
0.08
0.12
0.12
0.08
0.12
0.08
0.08
0.08
0.04
0.04
0.04
0.04
0.04
0.12
0.16
0.07
0.11
0.04
0.08
0.26
0.22
0.12
0.04
0.04
0.08
0.12
0.03
0.11
0.08
0.08
0.04
0.04
0.08
0.12
0.04
0.08
0.08
0.04
0.04
0.08
0.04
0.08
0.12
0.04
0.04
0.04
0.08
0.08
0.04
0.04
0.07
0.07
0.04
0.12
0.08
0.07
0.03
0.04
0.08
0.04
0.07
0.07
0.12
0.11
0.07
0.08
0.12
0.12
0.08
0.16
0.04
0.08
0.08
0.12
0.08
0.08
0.04
0.08
0.16
0.12
0.07
0.11
0.12
0.16
0.33
0.16
0.08
0.20
0.15
0.15
0.11
0.11
0.20
0.08
0.08
0.16
0.08
0.12
0.08
0.16
0.25
0.08
0.08
0.20
0.16
0.16
0.04
0.12
0.04
0.27
0.19
0.16
0.04
0.25
0.12
0.08
0.08
0.04
0.08
0.16
0.38
0.38
0.20
0.08
0.04
0.11
0.23
0.12
0.08
0.04
0.12
0.04
0.16
0.08
0.12
0.12
0.16
0.08
0.08
0.08
0.08
0.04
0.08
0.12
0.12
0.10
0.19
0.19
0.07
0.11
0.16
0.07
0.08
0.19
0.31
0.22
0.33
0.03
1.61
1.06
1.69
2.03
0.18
0.82
0.37
0.12
0.19
0.22
0.14
0.08
0.08
0.08
0.04
0.04
0.04
0.07
0.19
0.18
0.04
0.12
0.26
0.26
0.23
0.42
0.61
0.61
0.30
0.31
0.26
0.46
0.23
0.29
0.37
0.22
0.14
0.15
0.07
0.07
0.08
0.03
0.04
0.08
0.04
0.08
0.04
0.08
0.08
0.08
0.04
0.04
0.11
0.14
0.11
0.04
0.08
0.07
0.11
0.11
0.15
0.12
0.07
0.10
0.07
0.08
0.07
0.07
0.04
0.08
0.11
0.03
0.03
0.03
0.05
0.19
0.15
0.04
0.03
0.05
0.05
0.07
0.11
0.07
0.08
0.03
0.04
0.04
0.04
0.07
0.07
0.11
0.11
