GUESS    :MOVING_SM
STARTTIME:1289982702415
ENDTIME  :1289982716807
LOCALSPD :0.0
LONGSPD  :0.0
LOCATION :Location[mProvider=network,mTime=1289982635654,mLatitude=51.2465456,mLongitude=4.4183466,mHasAltitude=false,mAltitude=0.0,mHasSpeed=false,mSpeed=0.0,mHasBearing=false,mBearing=0.0,mHasAccuracy=true,mAccuracy=92.0,mExtras=Bundle[mParcelledData.dataSize=148]]
ADDRESS :

0.27
0.26
0.31
0.16
0.16
0.23
0.72
1.18
0.75
0.11
0.08
0.35
0.27
0.15
0.30
0.16
0.97
0.23
0.31
0.16
0.63
0.22
0.10
0.52
0.64
0.23
0.54
0.76
0.39
0.46
0.20
0.31
0.48
0.39
0.16
0.37
0.33
0.16
0.49
0.34
0.57
0.42
0.30
0.19
0.74
1.27
1.23
0.82
1.51
0.31
1.12
1.46
0.31
0.46
0.46
0.61
0.31
0.39
0.54
0.26
0.59
0.12
0.22
0.11
0.49
0.18
0.30
0.39
0.08
0.23
0.23
0.57
0.41
0.50
0.46
0.35
0.18
0.30
0.49
0.39
0.12
0.12
0.18
0.45
0.27
0.30
0.46
0.67
0.07
0.45
0.46
0.08
0.19
0.31
0.50
0.83
0.56
0.42
0.42
0.59
0.30
0.42
0.80
0.99
0.23
0.23
0.20
0.75
0.52
0.25
0.20
0.50
0.27
0.30
0.03
0.16
0.30
0.50
0.41
0.86
0.84
0.18
0.49
0.27
0.15
0.31
0.63
0.46
0.83
0.68
0.68
0.72
0.15
0.16
0.23
0.59
0.26
0.57
0.31
0.57
0.56
0.39
0.26
0.23
0.15
0.22
0.30
0.53
0.60
0.48
0.57
0.37
0.08
0.41
0.15
0.22
0.59
0.46
0.54
0.97
0.38
0.22
0.72
0.76
0.37
0.22
0.39
0.54
0.49
0.04
0.29
0.30
0.26
0.68
0.46
0.19
0.50
0.72
0.04
0.99
1.65
1.04
0.64
0.15
0.46
0.53
0.04
0.37
0.46
0.69
0.11
0.20
0.41
0.26
0.18
0.18
0.68
0.50
0.30
0.20
0.04
0.39
0.34
0.34
0.59
0.61
0.30
0.34
0.57
0.50
0.15
0.30
0.08
0.91
0.78
0.12
0.15
0.19
0.16
0.18
0.07
0.08
0.11
0.19
0.38
0.20
0.38
0.45
0.89
0.35
0.31
0.39
0.20
0.30
0.52
0.50
0.15
0.31
0.19
0.42
0.57
0.57
0.30
0.15
0.22
0.52
0.16
0.20
0.42
0.15
0.41
0.23
0.26
0.26
0.35
0.42
