GUESS    :MOVING_SM
STARTTIME:1288357565240
ENDTIME  :1288357578398
LOCALSPD :58.916283
LONGSPD  :16.003212
LOCATION :Location[mProvider=network,mTime=1288357577484,mLatitude=55.550456,mLongitude=12.955416,mHasAltitude=false,mAltitude=0.0,mHasSpeed=false,mSpeed=0.0,mHasBearing=false,mBearing=0.0,mHasAccuracy=true,mAccuracy=1823.0,mExtras=Bundle[mParcelledData.dataSize=148]]
ADDRESS :

0.57
0.53
0.26
0.30
0.63
0.14
0.61
0.37
0.68
0.31
0.35
0.50
0.50
0.31
0.23
0.49
0.34
0.15
0.41
0.22
0.45
0.23
0.23
0.34
0.80
0.20
0.08
0.25
0.30
0.34
0.15
0.29
0.34
1.09
0.78
0.19
0.50
0.19
0.38
0.61
0.08
0.46
0.18
0.31
0.52
0.69
0.78
0.98
0.87
0.61
0.34
0.45
0.11
0.38
0.31
0.53
0.45
0.30
0.48
0.16
0.44
0.11
0.08
0.19
0.16
0.49
0.11
0.38
0.57
0.26
0.44
0.30
0.11
0.23
0.35
0.64
0.15
0.27
0.69
0.90
0.86
0.86
0.64
0.53
0.65
0.27
0.33
0.34
0.38
0.83
0.35
0.42
0.69
0.25
0.72
0.54
0.38
0.25
0.41
0.34
0.30
0.42
0.42
0.23
0.41
0.31
0.15
0.16
0.49
0.38
0.61
0.60
0.12
0.38
0.38
0.30
0.38
0.12
0.23
0.27
0.20
0.27
0.34
0.46
0.22
0.45
0.53
0.80
1.88
1.46
0.60
1.28
0.23
0.16
0.19
1.35
0.41
0.57
0.53
0.12
0.86
0.34
0.34
0.41
0.31
0.25
0.38
0.12
0.11
0.27
0.23
0.35
0.18
0.20
0.16
0.34
0.44
0.12
0.31
0.20
0.52
0.71
0.23
0.53
0.08
0.39
0.41
0.31
0.56
0.23
0.07
0.49
0.33
0.20
0.31
0.26
0.69
0.46
0.11
0.38
0.48
0.22
0.49
0.56
0.15
0.39
0.54
0.27
0.15
0.76
0.53
0.46
0.31
0.60
0.15
0.53
0.61
0.39
0.59
0.49
0.57
0.29
0.27
0.16
0.38
0.65
0.34
0.29
0.39
0.19
0.33
0.20
0.37
0.11
0.34
0.27
0.35
0.25
0.04
0.27
0.23
0.46
0.76
0.37
0.26
0.23
0.34
0.42
0.30
0.41
0.45
0.38
0.12
0.65
0.49
0.37
0.52
0.38
0.30
0.38
0.23
0.38
0.53
0.34
0.69
0.86
0.68
0.68
0.15
0.59
0.90
0.48
0.65
0.22
0.23
0.42
