GUESS    :MOVING_SM
STARTTIME:1288356368687
ENDTIME  :1288356381566
LOCALSPD :4.350975
LONGSPD  :-1.0
LOCATION :Location[mProvider=network,mTime=1288356336886,mLatitude=55.620137,mLongitude=12.491758,mHasAltitude=false,mAltitude=0.0,mHasSpeed=false,mSpeed=0.0,mHasBearing=false,mBearing=0.0,mHasAccuracy=true,mAccuracy=1598.0,mExtras=Bundle[mParcelledData.dataSize=148]]
ADDRESS :

0.62
0.14
0.10
0.14
0.08
0.07
0.08
0.06
0.02
0.09
0.15
0.09
0.10
0.05
0.02
0.01
0.06
0.03
0.04
0.06
0.01
0.01
0.05
0.08
0.07
0.05
0.07
0.02
0.07
0.05
0.00
0.01
0.10
0.05
0.03
0.03
0.01
0.05
0.04
0.05
0.02
0.02
0.08
0.01
0.08
0.05
0.05
0.07
0.03
0.03
0.02
0.06
0.05
0.02
0.03
0.05
0.04
0.05
0.02
0.07
0.05
0.05
0.03
0.04
0.02
0.06
0.07
0.04
0.06
0.02
0.04
0.04
0.01
0.01
0.02
0.03
0.02
0.09
0.01
0.02
0.05
0.04
0.01
0.02
0.03
0.01
0.00
0.02
0.03
0.02
0.03
0.03
0.04
0.10
0.07
0.03
0.07
0.05
0.06
0.01
0.02
0.02
0.06
0.05
0.03
0.04
0.04
0.03
0.03
0.02
0.01
0.04
0.02
0.02
0.05
0.03
0.04
0.08
0.02
0.04
0.03
0.06
0.03
0.05
0.07
0.02
0.05
0.07
