GUESS    :MOVING_SM
STARTTIME:1288358032070
ENDTIME  :1288358045078
LOCALSPD :NaN
LONGSPD  :19.976454
LOCATION :Location[mProvider=network,mTime=1288357978274,mLatitude=55.545224,mLongitude=13.141631,mHasAltitude=false,mAltitude=0.0,mHasSpeed=false,mSpeed=0.0,mHasBearing=false,mBearing=0.0,mHasAccuracy=true,mAccuracy=1569.0,mExtras=Bundle[mParcelledData.dataSize=148]]
ADDRESS :

0.46
0.95
0.60
0.61
0.31
0.42
0.34
0.63
0.61
0.63
0.54
0.57
0.67
0.34
0.31
0.76
0.80
0.41
0.80
0.19
0.34
0.33
0.31
0.57
0.64
0.38
0.84
0.67
0.61
0.37
0.53
0.84
0.89
0.63
0.35
0.18
0.15
0.38
0.54
0.44
0.53
0.34
0.48
0.53
0.59
0.46
0.48
0.11
0.19
0.64
0.23
0.15
0.57
0.74
0.42
0.74
0.80
0.57
0.27
0.60
0.42
0.14
0.26
0.31
0.61
0.33
0.18
0.50
0.27
0.20
0.20
0.27
0.54
0.31
0.23
0.18
0.37
0.41
0.11
0.26
0.16
0.50
0.48
0.71
0.23
0.20
0.61
0.93
0.80
0.60
0.38
0.57
0.50
0.64
0.27
0.23
0.46
0.04
0.46
0.42
0.65
0.15
0.15
0.67
0.31
0.57
0.35
0.19
0.30
0.16
0.19
0.82
0.46
0.44
1.18
0.76
0.91
1.36
0.14
0.56
0.34
0.34
0.97
0.54
0.15
0.34
0.72
0.56
0.99
0.27
0.57
0.68
0.59
1.53
0.53
0.65
1.01
0.23
0.15
0.19
0.37
0.25
0.72
0.42
0.67
0.53
0.50
0.42
1.04
0.19
0.35
1.01
0.50
0.27
1.42
3.34
4.48
4.30
2.11
0.38
1.33
0.84
1.39
1.31
0.54
1.57
0.56
0.93
0.74
1.25
0.71
0.61
0.46
0.37
0.25
0.16
0.61
0.23
0.63
0.61
0.38
0.30
0.50
0.15
0.76
0.45
0.78
0.26
0.22
0.64
0.15
0.90
0.39
0.11
0.42
0.42
0.35
0.82
0.49
0.46
0.56
0.19
1.27
0.27
0.84
1.42
0.93
0.49
1.01
1.01
0.53
0.41
0.54
0.38
0.59
0.26
0.25
0.48
0.42
0.12
0.46
0.45
0.12
0.57
0.18
0.46
0.38
1.01
0.90
0.84
0.75
0.30
0.50
0.50
0.59
0.57
0.56
0.68
0.31
0.87
0.15
0.57
0.53
0.48
0.27
0.82
0.20
0.33
0.27
0.37
0.19
0.35
0.50
0.76
0.61
0.30
