GUESS    :MOVING_SM
STARTTIME:1288358291440
ENDTIME  :1288358304419
LOCALSPD :0.0
LONGSPD  :22.794952
LOCATION :Location[mProvider=network,mTime=1288358245412,mLatitude=55.512747,mLongitude=13.271044,mHasAltitude=false,mAltitude=0.0,mHasSpeed=false,mSpeed=0.0,mHasBearing=false,mBearing=0.0,mHasAccuracy=true,mAccuracy=2963.0,mExtras=Bundle[mParcelledData.dataSize=148]]
ADDRESS :

0.65
0.53
0.86
0.30
0.35
0.27
0.50
0.26
0.11
0.19
0.23
0.31
0.19
0.16
0.30
0.16
0.53
0.19
0.57
0.69
0.33
0.14
0.14
0.59
0.34
0.46
0.35
0.44
0.08
0.83
0.75
0.80
1.27
1.10
0.27
0.25
0.46
0.39
0.19
0.23
0.67
0.27
1.14
0.64
0.26
1.12
1.84
0.93
0.16
1.46
1.61
0.84
0.33
0.15
1.12
0.19
0.38
0.27
0.35
0.95
0.38
0.42
0.15
0.42
0.38
0.49
0.38
0.74
0.48
0.45
0.38
0.41
0.34
0.27
0.25
0.35
0.53
0.53
0.35
0.38
0.42
0.38
0.15
0.12
0.35
0.35
0.38
0.67
0.57
1.18
0.45
0.54
0.49
0.19
0.11
0.44
0.19
0.49
0.26
0.15
0.61
0.30
0.16
0.38
0.26
0.15
0.27
0.23
0.23
0.63
0.63
0.69
0.65
0.34
0.37
0.69
0.08
0.20
0.22
0.35
0.15
0.27
0.23
0.15
0.27
0.50
0.69
0.27
0.61
0.95
0.42
0.54
0.38
0.89
0.44
0.27
0.35
0.50
0.54
0.34
0.91
0.89
0.35
0.16
0.16
0.31
0.57
0.23
0.11
1.04
0.23
0.31
0.53
0.83
0.30
0.22
0.57
0.29
0.50
0.42
0.07
0.20
0.30
0.23
0.04
0.12
0.08
0.42
0.15
0.23
0.34
0.54
0.46
0.39
0.78
0.33
0.18
0.39
0.38
0.11
0.69
0.50
0.44
0.26
0.74
0.71
0.69
0.80
0.54
0.23
0.27
0.39
0.44
0.22
0.61
0.30
0.79
0.48
0.49
0.37
0.16
0.54
0.12
0.31
0.20
0.16
0.41
0.27
0.12
0.30
0.30
0.22
0.39
0.23
0.46
0.42
0.15
0.11
0.20
0.35
0.11
0.45
0.86
1.05
0.89
0.52
0.25
0.23
0.76
0.59
0.53
0.68
1.05
0.67
0.30
0.16
0.30
0.26
0.57
0.74
0.57
0.61
0.34
0.54
0.57
0.57
0.19
0.19
0.41
0.11
0.16
0.49
0.34
0.16
0.53
0.15
