GUESS    :MOVING_SM
STARTTIME:1288358452668
ENDTIME  :1288358465728
LOCALSPD :0.0
LONGSPD  :15.155977
LOCATION :Location[mProvider=network,mTime=1288358447788,mLatitude=55.51192,mLongitude=13.327729,mHasAltitude=false,mAltitude=0.0,mHasSpeed=false,mSpeed=0.0,mHasBearing=false,mBearing=0.0,mHasAccuracy=true,mAccuracy=3646.0,mExtras=Bundle[mParcelledData.dataSize=148]]
ADDRESS :

0.65
0.30
0.74
0.48
0.45
0.26
0.71
0.46
0.34
0.49
0.44
0.65
0.57
0.38
0.49
0.30
1.16
0.50
0.41
1.24
0.46
0.74
0.65
0.44
0.37
0.50
0.54
0.42
1.04
1.44
0.65
0.23
0.76
1.16
1.08
0.68
1.32
0.83
0.31
0.27
0.34
0.42
0.23
0.45
0.23
0.23
0.44
0.29
0.53
0.49
0.15
0.46
0.61
0.11
0.60
0.16
0.95
0.50
0.35
0.34
0.22
0.72
0.59
0.31
0.18
0.49
0.14
0.50
0.59
0.27
0.23
0.53
0.60
0.89
0.22
0.26
0.80
0.22
0.04
0.35
0.26
0.22
0.30
0.31
0.12
0.38
0.33
0.07
0.31
0.45
0.74
0.30
0.46
0.56
0.38
0.34
0.19
0.50
0.18
0.22
0.35
0.15
0.34
0.15
0.15
0.49
0.27
0.41
0.15
0.57
0.34
0.12
0.44
0.31
0.31
0.44
0.76
0.53
0.69
0.52
0.54
0.65
0.74
0.27
0.50
0.68
0.68
0.63
0.11
0.38
0.42
0.30
0.19
0.44
0.50
0.26
0.42
0.14
0.45
0.26
0.15
0.38
0.18
0.31
0.31
0.50
0.54
0.08
0.12
0.19
0.30
0.34
0.23
0.23
0.16
0.27
0.31
0.11
0.76
0.39
0.30
0.30
0.23
0.74
0.35
0.27
0.30
0.38
0.03
0.19
0.31
0.60
0.20
0.35
0.19
0.61
0.35
0.35
0.41
0.07
0.19
0.27
0.38
0.35
0.93
0.53
0.35
0.29
0.11
0.42
0.27
0.22
0.26
0.03
0.26
0.30
0.31
0.39
0.27
0.16
0.33
0.19
0.22
0.27
0.20
0.04
0.12
0.08
0.41
0.20
0.16
0.22
0.26
0.11
0.18
0.34
0.19
0.15
0.37
0.38
0.19
0.25
0.11
0.44
0.44
0.69
0.46
0.38
0.57
0.15
0.15
0.38
0.19
0.19
0.27
0.12
0.29
0.12
0.33
0.60
0.31
0.44
0.54
0.44
0.11
0.15
0.16
0.11
0.29
0.19
0.44
0.12
0.08
0.15
0.23
0.03
