GUESS    :MOVING_SM
STARTTIME:1288358897417
ENDTIME  :1288358910817
LOCALSPD :0.0
LONGSPD  :9.93626
LOCATION :Location[mProvider=network,mTime=1288358858163,mLatitude=55.491099000000006,mLongitude=13.4351175,mHasAltitude=false,mAltitude=0.0,mHasSpeed=false,mSpeed=0.0,mHasBearing=false,mBearing=0.0,mHasAccuracy=true,mAccuracy=3000.0,mExtras=Bundle[mParcelledData.dataSize=148]]
ADDRESS :

0.63
0.25
0.15
0.16
0.05
0.07
0.09
0.05
0.05
0.02
0.05
0.08
0.06
0.02
0.04
0.04
0.03
0.02
0.02
0.06
0.04
0.06
0.02
0.04
0.06
0.07
0.03
0.03
0.03
0.05
0.03
0.06
0.03
0.03
0.06
0.03
0.03
0.06
0.09
0.07
0.02
0.02
0.03
0.03
0.06
0.09
0.02
0.03
0.04
0.02
0.04
0.03
0.04
0.07
0.04
0.02
0.09
0.06
0.03
0.04
0.02
0.04
0.03
0.03
0.03
0.01
0.06
0.06
0.03
0.02
0.03
0.02
0.01
0.04
0.06
0.03
0.03
0.02
0.04
0.03
0.03
0.01
0.04
0.04
0.04
0.03
0.02
0.01
0.02
0.03
0.04
0.02
0.01
0.03
0.04
0.04
0.02
0.03
0.08
0.03
0.06
0.00
0.04
0.03
0.04
0.01
0.02
0.05
0.01
0.04
0.06
0.04
0.05
0.02
0.01
0.02
0.01
0.01
0.00
0.03
0.02
0.05
0.04
0.04
0.03
0.06
0.03
0.06
