GUESS    :MOVING_SM
STARTTIME:1288356770157
ENDTIME  :1288356783096
LOCALSPD :NaN
LONGSPD  :24.777876
LOCATION :Location[mProvider=network,mTime=1288356719624,mLatitude=55.630546,mLongitude=12.649605,mHasAltitude=false,mAltitude=0.0,mHasSpeed=false,mSpeed=0.0,mHasBearing=false,mBearing=0.0,mHasAccuracy=true,mAccuracy=732.0,mExtras=Bundle[mParcelledData.dataSize=148]]
ADDRESS :

0.81
0.25
0.28
0.22
0.27
0.08
0.17
0.13
0.08
0.19
0.06
0.06
0.10
0.16
0.12
0.20
0.23
0.13
0.15
0.11
0.08
0.09
0.08
0.04
0.06
0.14
0.07
0.09
0.10
0.11
0.10
0.09
0.12
0.09
0.04
0.07
0.05
0.09
0.02
0.07
0.08
0.10
0.05
0.14
0.02
0.06
0.05
0.08
0.05
0.05
0.05
0.05
0.09
0.06
0.05
0.01
0.04
0.03
0.04
0.03
0.12
0.09
0.04
0.08
0.07
0.06
0.06
0.05
0.06
0.03
0.04
0.06
0.03
0.04
0.04
0.09
0.06
0.04
0.01
0.01
0.10
0.10
0.08
0.12
0.09
0.05
0.04
0.03
0.05
0.02
0.09
0.03
0.02
0.04
0.09
0.05
0.03
0.04
0.12
0.09
0.03
0.11
0.05
0.07
0.05
0.07
0.11
0.07
0.06
0.03
0.05
0.03
0.04
0.04
0.05
0.03
0.02
0.04
0.03
0.06
0.07
0.03
0.04
0.05
0.09
0.03
0.05
0.08
