GUESS    :MOVING_SM
STARTTIME:1288734919102
ENDTIME  :1288734933573
LOCALSPD :0.0
LONGSPD  :-1.0
LOCATION :Location[mProvider=network,mTime=1288734906917,mLatitude=55.74958615,mLongitude=12.3767289,mHasAltitude=false,mAltitude=0.0,mHasSpeed=false,mSpeed=0.0,mHasBearing=false,mBearing=0.0,mHasAccuracy=true,mAccuracy=50.0,mExtras=Bundle[mParcelledData.dataSize=148]]
ADDRESS :

0.76
1.12
0.67
0.10
0.43
0.72
0.69
0.45
0.22
0.30
0.37
0.30
0.15
0.12
0.18
0.13
0.04
0.16
0.23
0.18
0.06
0.18
0.30
0.32
0.21
0.06
0.15
0.26
0.28
0.22
0.11
0.11
0.19
0.21
0.19
0.12
0.04
0.04
0.09
0.10
0.07
0.03
0.04
0.07
0.08
0.05
0.04
0.05
0.06
0.10
0.12
0.11
0.08
0.03
0.08
0.12
0.12
0.08
0.03
0.06
0.10
0.09
0.06
0.02
0.04
0.06
0.06
0.01
0.03
0.08
0.11
0.12
0.10
0.05
0.04
0.09
0.14
0.13
0.07
0.02
0.04
0.07
0.07
0.08
0.08
0.07
0.04
0.03
0.07
0.07
0.05
0.03
0.05
0.08
0.10
0.10
0.07
0.05
0.05
0.08
0.11
0.14
0.12
0.09
0.06
0.06
0.06
0.05
0.05
0.07
0.07
0.05
0.03
0.06
0.11
0.12
0.10
0.05
0.02
0.06
0.09
0.09
0.08
0.08
0.08
0.08
0.07
0.04
