GUESS    :MOVING_SM
STARTTIME:1290976504025
ENDTIME  :1290976518476
LOCALSPD :-1.0
LONGSPD  :-1.0
LOCATION :Location[mProvider=network,mTime=1290976490428,mLatitude=55.74957426666666,mLongitude=12.376717400000002,mHasAltitude=false,mAltitude=0.0,mHasSpeed=false,mSpeed=0.0,mHasBearing=false,mBearing=0.0,mHasAccuracy=true,mAccuracy=50.0,mExtras=Bundle[mParcelledData.dataSize=148]]
ADDRESS :

0.25
0.36
0.35
0.32
0.30
0.28
0.25
0.21
0.17
0.15
0.11
0.10
0.10
0.11
0.13
0.15
0.17
0.18
0.18
0.18
0.18
0.17
0.16
0.15
0.13
0.12
0.11
0.10
0.10
0.09
0.10
0.10
0.09
0.11
0.10
0.10
0.09
0.10
0.10
0.10
0.10
0.11
0.11
0.12
0.13
0.13
0.14
0.15
0.14
0.15
0.15
0.15
0.15
0.15
0.14
0.14
0.13
0.13
0.14
0.13
0.14
0.14
0.13
0.13
0.13
0.14
0.13
0.13
0.13
0.13
0.12
0.12
0.11
0.11
0.11
0.11
0.10
0.10
0.10
0.10
0.11
0.10
0.10
0.10
0.10
0.11
0.11
0.11
0.12
0.13
0.13
0.14
0.15
0.16
0.17
0.18
0.18
0.19
0.19
0.19
0.19
0.18
0.17
0.16
0.15
0.13
0.12
0.11
0.10
0.09
0.08
0.09
0.10
0.10
0.11
0.12
0.13
0.13
0.13
0.13
0.13
0.12
0.11
0.09
0.08
0.06
0.05
0.03
