GUESS    :IDLE
STARTTIME:1288107284720
ENDTIME  :1288107300100
LOCALSPD :0.0
LONGSPD  :-1.0
LOCATION :Location[mProvider=network,mTime=1288107251008,mLatitude=55.7824796875,mLongitude=12.5140618625,mHasAltitude=false,mAltitude=0.0,mHasSpeed=false,mSpeed=0.0,mHasBearing=false,mBearing=0.0,mHasAccuracy=true,mAccuracy=53.0,mExtras=Bundle[mParcelledData.dataSize=148]]
ADDRESS :

0.12
0.04
0.04
0.08
0.08
0.04
0.04
0.08
0.04
0.04
0.04
0.04
0.08
0.08
0.08
0.12
0.08
0.04
0.12
0.12
0.08
0.12
0.04
0.12
0.20
0.08
0.08
0.12
0.08
0.08
0.04
0.16
0.16
0.08
0.16
0.12
0.12
0.16
0.08
0.08
0.16
0.12
0.12
0.08
0.08
0.08
0.12
0.08
0.08
0.08
0.12
0.08
0.08
0.16
0.16
0.08
0.16
0.20
0.12
0.08
0.08
0.12
0.08
0.08
0.04
0.12
0.04
0.12
0.08
0.08
0.12
0.08
0.12
0.04
0.04
0.08
0.12
0.12
0.08
0.12
0.04
0.20
0.12
0.16
0.04
0.12
0.04
0.12
0.04
0.08
0.04
0.08
0.12
0.16
0.08
0.08
0.08
0.12
0.04
0.08
0.12
0.20
0.04
0.08
0.12
0.04
0.08
0.08
0.04
0.04
0.08
0.08
0.16
0.12
0.04
0.04
0.12
0.12
0.12
0.20
0.08
0.08
0.16
0.16
0.04
0.04
0.08
0.04
0.08
0.16
0.04
0.08
0.08
0.04
0.08
0.12
0.08
0.08
0.04
0.08
0.16
0.08
0.12
0.08
0.20
0.12
0.12
0.16
0.08
0.12
0.12
0.12
0.08
0.16
0.25
0.08
0.12
0.08
0.20
0.12
0.12
0.04
0.16
0.16
0.16
0.04
0.12
0.12
0.20
0.16
0.16
0.08
0.16
0.08
0.12
0.12
0.12
0.12
0.08
0.08
0.16
0.12
0.08
0.20
0.16
0.20
0.12
0.04
0.04
0.16
0.08
0.16
0.25
0.12
0.08
0.08
0.04
0.12
0.12
0.16
0.08
0.08
0.08
0.08
0.04
0.04
0.16
0.04
0.08
0.08
0.12
0.25
0.20
0.12
0.20
0.12
0.12
0.12
0.08
0.04
0.04
0.15
0.23
0.16
0.08
0.12
0.12
0.08
0.08
0.08
0.08
0.08
0.08
0.08
0.12
0.04
0.04
0.04
0.12
0.25
0.12
0.04
0.04
0.08
0.04
0.16
0.12
0.12
0.04
0.08
0.20
0.12
0.08
0.12
0.04
0.08
