GUESS    :MOVING_SM
STARTTIME:1288359502269
ENDTIME  :1288359515178
LOCALSPD :0.0
LONGSPD  :-1.0
LOCATION :Location[mProvider=network,mTime=1288359487052,mLatitude=55.578301,mLongitude=13.425974,mHasAltitude=false,mAltitude=0.0,mHasSpeed=false,mSpeed=0.0,mHasBearing=false,mBearing=0.0,mHasAccuracy=true,mAccuracy=2794.0,mExtras=Bundle[mParcelledData.dataSize=148]]
ADDRESS :

0.34
0.34
0.57
0.39
0.22
0.38
0.34
0.59
0.95
0.42
0.49
0.46
1.13
0.30
0.45
0.39
0.41
0.30
0.19
0.35
0.61
1.13
0.56
0.42
0.15
1.43
1.46
0.64
1.09
0.26
0.22
0.19
0.53
0.74
0.61
0.76
1.16
0.53
0.53
0.50
0.60
0.93
0.86
0.34
0.95
0.59
0.63
1.61
0.99
0.89
0.53
0.94
0.54
1.14
0.72
0.42
0.50
0.27
0.22
0.29
0.19
0.59
0.25
0.29
0.84
1.24
0.20
1.06
0.39
0.46
0.74
0.79
0.89
0.53
0.97
1.04
0.79
0.33
0.49
1.29
0.99
0.82
0.95
1.44
1.21
1.23
0.89
0.69
0.61
0.57
0.64
0.65
0.46
0.50
1.73
1.48
0.89
0.87
1.39
0.42
0.76
0.38
0.42
0.83
0.84
1.40
0.54
0.38
1.04
1.43
1.21
1.35
0.64
0.46
0.38
0.90
0.56
0.65
0.31
0.19
0.34
0.15
0.64
1.02
0.64
0.49
0.59
0.50
0.57
1.08
1.29
0.50
0.67
0.27
0.42
0.08
0.45
0.15
0.59
0.46
0.57
0.49
0.15
0.15
0.44
0.44
0.29
0.35
0.22
0.93
0.27
0.31
0.42
0.56
1.10
0.34
0.49
0.26
0.49
0.08
0.78
1.61
1.84
0.93
0.95
0.91
0.27
0.75
0.52
0.49
1.18
0.79
0.19
0.94
0.37
0.61
0.29
0.37
0.91
0.57
0.91
0.29
0.94
0.59
0.61
1.46
1.12
0.95
0.48
0.31
0.57
0.61
0.65
0.52
0.79
0.91
0.20
0.72
0.76
0.59
0.45
0.41
0.29
0.63
0.79
0.84
0.19
0.37
0.64
0.45
0.31
0.34
0.71
0.38
0.42
0.23
0.31
0.30
0.27
0.52
0.38
0.26
0.38
0.50
0.71
0.61
0.76
0.64
0.27
0.69
0.57
0.34
0.22
0.23
0.12
0.20
0.38
0.26
0.39
0.42
0.34
0.19
0.34
0.11
0.50
0.34
0.31
0.20
0.38
0.20
0.89
0.38
0.45
0.31
0.23
0.22
