GUESS    :MOVING_SM
STARTTIME:1288359528190
ENDTIME  :1288359541108
LOCALSPD :0.0
LONGSPD  :-1.0
LOCATION :Location[mProvider=network,mTime=1288359487052,mLatitude=55.578301,mLongitude=13.425974,mHasAltitude=false,mAltitude=0.0,mHasSpeed=false,mSpeed=0.0,mHasBearing=false,mBearing=0.0,mHasAccuracy=true,mAccuracy=2794.0,mExtras=Bundle[mParcelledData.dataSize=148]]
ADDRESS :

0.49
0.12
0.49
0.30
0.16
0.48
0.53
0.42
0.16
0.42
0.49
0.29
0.38
0.22
0.15
0.35
0.27
0.64
0.34
0.22
0.42
0.38
0.67
0.29
0.42
0.16
0.29
0.30
0.23
0.35
0.49
0.26
0.38
0.53
0.46
0.50
0.49
0.23
0.35
0.44
0.34
0.42
0.68
0.23
0.33
0.65
0.49
0.34
0.45
0.52
0.61
0.64
0.23
0.15
0.80
0.11
0.34
0.27
0.26
0.80
0.61
0.04
0.35
0.18
0.39
0.63
0.19
0.90
0.12
0.18
0.53
0.78
0.69
0.79
1.39
2.30
0.31
1.21
0.61
2.18
2.48
1.58
1.24
0.31
0.71
1.12
0.87
0.53
0.57
1.27
0.52
0.75
1.54
1.18
0.27
0.71
0.72
0.79
0.99
0.23
1.29
0.78
0.53
1.61
2.49
0.42
0.59
1.10
1.91
2.23
0.64
0.38
0.29
0.83
0.34
1.01
0.19
0.23
0.38
0.50
0.91
0.48
0.48
0.19
0.23
0.82
0.95
0.64
1.39
1.58
2.82
1.77
1.18
1.57
1.44
0.42
0.59
0.50
0.76
0.60
0.34
0.91
0.57
0.27
1.48
1.87
0.53
1.12
1.66
0.37
1.69
0.99
1.16
0.23
0.80
0.23
0.26
0.46
0.95
0.61
0.61
0.65
0.16
0.65
0.72
0.65
0.91
0.89
0.15
0.22
0.50
0.18
0.69
0.39
0.42
0.57
0.45
0.95
0.60
0.68
0.64
0.57
0.31
0.82
1.10
1.05
0.54
1.04
0.93
0.87
0.56
0.39
0.74
0.67
0.65
0.46
1.18
1.29
1.21
0.19
0.64
0.49
0.16
0.39
0.53
0.89
0.42
0.25
0.71
0.57
0.45
0.49
0.08
0.14
0.57
0.83
0.46
0.39
0.16
0.65
0.57
0.84
0.27
0.07
0.74
0.31
0.35
0.76
0.61
1.05
0.42
0.72
0.39
1.14
0.34
0.27
0.23
0.78
0.31
0.31
1.61
2.96
2.64
1.87
1.92
2.83
1.78
1.16
1.04
0.35
0.35
0.74
0.69
0.12
0.15
0.65
