GUESS    :WALKING
STARTTIME:1288359884010
ENDTIME  :1288359896872
LOCALSPD :0.0
LONGSPD  :0.0
LOCATION :Location[mProvider=network,mTime=1288359874500,mLatitude=55.57992555,mLongitude=13.428857149999999,mHasAltitude=false,mAltitude=0.0,mHasSpeed=false,mSpeed=0.0,mHasBearing=false,mBearing=0.0,mHasAccuracy=true,mAccuracy=75.0,mExtras=Bundle[mParcelledData.dataSize=148]]
ADDRESS :

9.83
5.11
14.03
5.16
2.40
2.32
1.81
1.39
1.51
3.39
3.30
5.98
5.43
8.34
1.97
1.84
1.72
1.61
1.39
1.63
0.19
2.41
1.69
1.99
3.06
10.41
4.30
13.70
8.61
2.21
2.26
1.88
1.39
0.65
1.95
1.61
2.41
3.17
18.58
12.87
3.75
1.46
2.57
2.90
2.21
0.72
0.89
1.76
1.57
4.75
16.32
18.54
9.89
4.63
3.73
1.76
2.10
1.83
3.57
1.97
8.43
11.35
9.66
6.55
2.91
1.81
2.89
1.40
1.73
2.68
1.55
5.37
7.34
4.45
6.62
3.21
3.72
1.57
2.19
2.07
0.82
2.26
0.76
7.78
5.79
8.99
4.41
1.96
1.09
3.19
2.44
1.73
1.10
2.00
3.15
5.09
2.78
3.94
3.68
3.15
1.01
2.52
2.76
2.26
0.93
0.78
1.93
0.59
1.17
1.24
8.01
3.61
3.55
4.96
1.68
1.23
0.90
0.59
0.50
1.38
1.27
0.74
1.04
0.72
0.50
1.40
0.95
0.35
0.78
0.67
0.87
0.38
1.33
1.01
1.63
2.49
4.79
2.63
2.34
1.25
1.53
1.83
2.17
2.45
2.38
1.44
1.04
2.14
1.14
4.11
5.57
4.94
4.44
2.81
2.64
2.38
2.72
0.87
1.46
1.10
0.80
0.74
0.89
0.86
1.62
2.40
6.52
3.84
7.06
2.41
4.29
3.35
2.19
1.95
2.60
3.00
2.76
4.22
12.03
8.66
5.54
0.95
1.84
1.53
1.46
1.23
0.68
1.16
1.04
0.50
1.99
4.21
3.90
6.89
4.36
6.73
3.26
3.43
2.07
1.62
0.97
1.92
2.14
3.41
9.00
3.85
5.86
3.95
1.65
1.31
1.08
1.23
0.83
0.69
0.93
0.80
0.89
2.64
1.35
2.91
2.49
1.16
1.73
1.57
1.61
1.61
1.23
0.61
0.95
3.00
1.81
2.23
0.93
0.76
0.57
1.57
0.46
1.51
1.35
0.82
0.60
0.38
0.23
0.42
0.69
0.19
0.12
0.34
0.74
0.22
0.16
0.23
0.12
0.19
0.14
0.07
