GUESS    :MOVING_ME
STARTTIME:1288360283678
ENDTIME  :1288360297537
LOCALSPD :0.0
LONGSPD  :0.0
LOCATION :Location[mProvider=network,mTime=1288360293908,mLatitude=55.579816666666666,mLongitude=13.428982566666667,mHasAltitude=false,mAltitude=0.0,mHasSpeed=false,mSpeed=0.0,mHasBearing=false,mBearing=0.0,mHasAccuracy=true,mAccuracy=75.0,mExtras=Bundle[mParcelledData.dataSize=148]]
ADDRESS :

1.02
1.17
0.25
0.53
0.46
0.48
0.91
0.67
0.23
0.61
0.44
0.17
0.38
0.58
0.34
0.53
0.41
0.07
0.52
0.77
0.39
0.21
0.33
0.27
0.38
0.55
0.27
0.26
0.48
0.31
0.13
0.39
0.34
0.22
0.45
0.27
0.14
0.42
0.42
0.07
0.35
0.36
0.28
0.36
0.34
0.01
0.40
0.47
0.24
0.20
0.29
0.15
0.22
0.34
0.12
0.19
0.31
0.27
0.07
0.30
0.19
0.21
0.29
0.23
0.15
0.40
0.32
0.12
0.16
0.18
0.10
0.33
0.27
0.06
0.28
0.30
0.11
0.21
0.22
0.14
0.30
0.23
0.06
0.25
0.34
0.20
0.14
0.14
0.10
0.18
0.28
0.15
0.06
0.15
0.13
0.13
0.23
0.11
0.18
0.27
0.18
0.12
0.24
0.25
0.15
0.16
0.14
0.17
0.22
0.18
0.07
0.15
0.17
0.16
0.19
0.15
0.08
0.14
0.13
0.11
0.16
0.14
0.11
0.10
0.14
0.18
0.16
0.11
