GUESS    :MOVING_ME
STARTTIME:1288360397228
ENDTIME  :1288360410999
LOCALSPD :0.0
LONGSPD  :0.0
LOCATION :Location[mProvider=network,mTime=1288360354000,mLatitude=55.579816666666666,mLongitude=13.428982566666667,mHasAltitude=false,mAltitude=0.0,mHasSpeed=false,mSpeed=0.0,mHasBearing=false,mBearing=0.0,mHasAccuracy=true,mAccuracy=75.0,mExtras=Bundle[mParcelledData.dataSize=148]]
ADDRESS :

2.86
1.11
0.17
1.67
0.79
0.76
0.67
0.42
0.45
0.77
0.54
0.17
0.71
0.55
0.49
0.23
0.29
0.20
0.38
0.07
0.24
0.38
0.18
0.27
0.22
0.08
0.22
0.27
0.30
0.49
0.24
0.54
0.20
0.42
0.46
0.14
0.41
0.38
0.32
0.14
0.25
0.30
0.17
0.22
0.11
0.37
0.21
0.30
0.11
0.16
0.33
0.11
0.13
0.25
0.26
0.19
0.12
0.33
0.14
0.30
0.19
0.12
0.15
0.24
0.17
0.17
0.20
0.17
0.08
0.32
0.15
0.10
0.18
0.27
0.22
0.29
0.21
0.29
0.34
0.04
0.02
0.16
0.12
0.01
0.20
0.20
0.16
0.32
0.21
0.03
0.06
0.22
0.20
0.20
0.14
0.19
0.07
0.10
0.09
0.07
0.08
0.03
0.09
0.16
0.22
0.28
0.20
0.17
0.11
0.27
0.10
0.04
0.25
0.04
0.01
0.10
0.18
0.19
0.28
0.11
0.35
0.19
0.05
0.35
0.36
0.13
0.22
0.46
