GUESS    :MOVING_SM
STARTTIME:1288360453531
ENDTIME  :1288360468137
LOCALSPD :0.0
LONGSPD  :0.0
LOCATION :Location[mProvider=network,mTime=1288360432692,mLatitude=55.579816666666666,mLongitude=13.428982566666667,mHasAltitude=false,mAltitude=0.0,mHasSpeed=false,mSpeed=0.0,mHasBearing=false,mBearing=0.0,mHasAccuracy=true,mAccuracy=75.0,mExtras=Bundle[mParcelledData.dataSize=148]]
ADDRESS :

0.04
0.14
0.11
0.08
0.14
0.14
0.11
0.15
0.49
0.23
0.20
0.08
0.11
0.39
0.50
0.07
0.11
0.38
0.76
0.50
0.27
0.27
0.11
0.15
0.16
0.08
0.15
0.07
0.11
0.14
0.15
0.31
0.11
0.12
0.04
0.15
0.16
0.12
0.15
0.34
0.16
0.76
0.71
0.48
0.69
0.71
0.39
0.20
1.31
1.87
0.61
0.91
0.54
1.12
1.25
1.10
2.00
0.60
0.31
0.57
0.74
0.53
0.10
0.15
0.27
0.41
0.61
0.45
0.19
0.19
0.38
0.71
0.44
0.61
0.16
0.33
0.35
0.78
0.31
0.42
0.38
0.04
0.39
0.34
0.31
0.15
0.99
1.57
0.20
0.18
0.49
0.26
0.41
0.54
1.10
0.39
0.61
0.65
0.52
0.69
0.39
0.23
0.14
0.23
0.46
0.19
0.22
0.15
0.14
0.12
0.08
0.19
0.23
0.57
0.25
0.19
0.18
0.18
0.15
0.41
0.42
0.38
0.31
0.08
0.34
0.15
0.15
0.27
0.26
0.19
0.27
0.27
0.49
0.23
0.34
0.26
0.20
0.27
0.19
0.25
0.07
0.46
0.46
0.23
0.54
0.38
0.03
0.15
0.23
0.30
0.15
0.34
0.07
0.57
0.39
0.95
1.39
0.97
0.15
0.59
0.08
0.46
0.41
0.54
0.44
0.20
0.15
0.27
0.25
0.27
0.42
0.79
0.86
0.76
0.42
0.34
0.15
0.07
0.25
0.29
0.26
0.30
0.19
0.23
0.15
0.23
0.25
0.42
0.19
0.42
0.53
0.26
0.27
0.46
0.69
0.39
0.15
0.61
0.34
0.19
0.18
0.31
0.31
0.54
0.12
0.38
0.46
0.34
0.72
0.69
0.15
0.04
0.12
0.42
0.31
0.20
0.14
0.07
0.23
0.26
0.16
0.37
0.45
0.54
0.82
0.42
0.25
0.31
0.41
0.27
0.87
0.74
1.08
1.44
0.87
0.38
0.30
0.22
0.08
0.27
0.12
0.27
0.12
0.35
0.45
0.27
0.16
0.26
0.15
0.07
0.23
0.27
0.07
0.64
1.18
0.83
