GUESS    :RUNNING
STARTTIME:1288123858241
ENDTIME  :1288123871251
LOCALSPD :1.8080183
LONGSPD  :8.296018
LOCATION :Location[mProvider=network,mTime=1288123844305,mLatitude=55.7503358,mLongitude=12.3774106,mHasAltitude=false,mAltitude=0.0,mHasSpeed=false,mSpeed=0.0,mHasBearing=false,mBearing=0.0,mHasAccuracy=true,mAccuracy=60.0,mExtras=Bundle[mParcelledData.dataSize=148]]
ADDRESS :

6.06
4.74
12.76
19.97
11.20
6.51
5.58
4.90
7.75
9.21
5.87
1.27
6.07
4.59
6.10
3.57
4.82
2.83
10.19
9.85
7.01
2.30
6.93
5.22
3.43
4.21
3.02
4.06
1.63
9.07
5.00
2.68
6.27
4.25
4.63
4.11
7.56
19.07
11.97
10.38
3.15
7.67
3.36
5.34
4.18
5.68
6.09
2.26
12.12
5.67
1.36
4.25
7.12
5.50
3.00
9.07
14.94
7.86
20.10
31.03
25.02
11.03
4.86
9.89
3.17
12.00
15.91
7.38
1.72
4.94
7.60
8.16
5.37
5.24
6.21
15.96
17.86
7.91
2.89
6.51
7.59
6.85
2.78
5.75
7.14
1.96
10.92
4.17
1.87
4.25
5.87
7.06
1.95
6.91
6.39
15.34
18.74
7.27
0.84
8.05
11.81
5.75
4.36
5.67
2.30
5.90
7.27
2.96
4.15
6.17
7.63
4.73
3.26
5.80
7.40
12.59
12.53
1.95
6.80
6.10
2.14
6.10
5.90
6.40
3.11
9.66
5.56
2.55
5.64
7.48
5.98
2.22
4.45
3.34
9.77
10.32
4.92
4.36
8.54
2.53
4.67
4.14
4.44
2.41
5.05
8.57
3.34
3.32
6.21
6.10
4.03
3.72
3.68
10.23
10.90
13.33
1.50
9.26
6.78
6.14
5.57
4.21
11.60
8.77
10.30
3.23
4.03
5.28
8.42
4.94
5.61
2.40
14.75
9.62
12.48
1.58
6.57
6.17
4.13
6.58
6.88
5.64
2.14
10.61
5.13
3.21
5.28
5.83
7.29
4.37
6.76
4.30
10.76
9.53
7.67
0.72
7.80
6.47
4.37
1.46
4.70
5.79
6.78
7.70
4.40
1.99
6.48
9.02
5.97
4.78
6.74
6.13
11.14
10.16
2.87
4.56
6.51
5.56
4.33
5.12
4.22
4.34
6.89
6.36
3.11
3.32
5.43
8.08
1.99
4.63
2.26
9.30
10.16
6.31
2.81
6.89
2.91
5.37
3.43
2.96
1.99
2.85
8.92
4.84
1.77
3.95
6.09
5.75
2.30
6.51
8.32
12.45
14.55
4.49
4.63
8.23
