GUESS    :MOVING_SM
STARTTIME:1288123977611
ENDTIME  :1288123992019
LOCALSPD :0.0
LONGSPD  :244.0906
LOCATION :Location[mProvider=network,mTime=1288123957927,mLatitude=55.74958026666667,mLongitude=12.376720666666666,mHasAltitude=false,mAltitude=0.0,mHasSpeed=false,mSpeed=0.0,mHasBearing=false,mBearing=0.0,mHasAccuracy=true,mAccuracy=50.0,mExtras=Bundle[mParcelledData.dataSize=148]]
ADDRESS :

1.12
2.00
3.16
2.03
1.58
2.44
1.20
0.56
0.54
0.74
3.57
1.99
4.06
2.07
2.26
1.23
1.88
1.47
1.73
1.42
0.31
0.82
3.70
2.17
1.17
2.51
1.63
1.76
1.59
1.92
1.73
1.50
1.48
1.96
1.73
2.89
3.02
6.18
9.13
5.43
2.04
2.08
1.58
2.29
2.45
1.55
1.84
1.61
5.01
2.34
2.02
1.73
1.77
0.86
1.85
1.97
1.47
0.80
1.66
0.74
1.33
1.31
3.17
2.82
3.76
0.84
3.94
6.52
5.54
8.12
2.83
3.36
4.07
1.18
0.50
1.28
2.15
2.21
1.99
0.07
0.07
0.07
0.07
0.04
0.08
0.08
0.08
0.12
0.07
0.11
0.08
0.04
0.08
0.08
0.08
0.12
0.12
0.08
0.08
0.04
0.04
0.08
0.04
0.11
0.07
0.04
0.04
0.08
0.12
0.12
0.04
0.12
0.04
0.03
0.11
0.04
0.08
1.42
1.38
2.75
1.39
3.55
2.57
5.83
2.25
1.76
2.41
2.37
2.25
3.36
5.67
2.45
1.69
0.08
0.12
0.08
0.12
0.04
0.04
0.04
0.03
0.04
0.04
0.07
0.11
0.08
0.11
0.20
0.08
0.08
0.04
0.08
0.07
0.11
0.03
0.07
0.03
0.07
0.03
0.04
0.08
0.08
0.11
0.03
0.07
0.08
0.08
0.07
0.07
0.04
0.04
0.04
0.07
0.04
0.12
0.12
0.04
0.03
0.11
0.08
0.19
0.15
0.07
0.11
0.08
0.07
0.11
0.04
0.11
0.12
0.07
0.04
0.12
0.15
0.08
0.07
0.08
0.08
0.12
0.11
0.07
0.11
0.11
0.03
0.07
0.04
0.07
0.07
0.04
0.11
0.08
0.04
0.04
0.04
0.03
0.03
0.11
0.04
0.08
0.12
0.04
0.08
0.12
0.04
0.08
0.04
0.04
0.04
0.04
0.12
0.08
0.16
0.08
0.04
0.04
0.11
0.15
0.11
0.07
0.04
0.12
0.08
0.08
0.11
0.11
0.08
0.08
0.08
0.08
0.07
0.15
0.15
0.11
0.04
0.04
0.12
