GUESS    :MOVING_SM
STARTTIME:1288123196300
ENDTIME  :1288123210590
LOCALSPD :5.6367316
LONGSPD  :4.882694
LOCATION :Location[mProvider=network,mTime=1288123196520,mLatitude=55.764992,mLongitude=12.462592,mHasAltitude=false,mAltitude=0.0,mHasSpeed=false,mSpeed=0.0,mHasBearing=false,mBearing=0.0,mHasAccuracy=true,mAccuracy=1016.0,mExtras=Bundle[mParcelledData.dataSize=148]]
ADDRESS :

0.86
0.14
0.05
0.20
0.21
0.12
0.20
0.09
0.04
0.10
0.05
0.06
0.09
0.02
0.14
0.05
0.06
0.07
0.11
0.06
0.09
0.10
0.10
0.10
0.15
0.05
0.02
0.05
0.02
0.09
0.05
0.01
0.01
0.06
0.04
0.04
0.05
0.05
0.04
0.02
0.06
0.01
0.19
0.04
0.03
0.09
0.07
0.04
0.04
0.04
0.09
0.05
0.06
0.05
0.09
0.06
0.08
0.03
0.10
0.03
0.03
0.03
0.02
0.04
0.10
0.04
0.07
0.03
0.04
0.10
0.05
0.04
0.03
0.03
0.04
0.01
0.07
0.04
0.02
0.05
0.07
0.05
0.02
0.03
0.04
0.08
0.02
0.07
0.06
0.04
0.03
0.04
0.09
0.02
0.04
0.05
0.05
0.05
0.09
0.04
0.04
0.04
0.06
0.01
0.04
0.05
0.03
0.09
0.05
0.03
0.08
0.04
0.07
0.07
0.12
0.07
0.08
0.06
0.04
0.10
0.09
0.05
0.05
0.05
0.02
0.05
0.03
0.02
