GUESS    :WALKING
STARTTIME:1288528947604
ENDTIME  :1288528960983
LOCALSPD :0.0
LONGSPD  :0.0
LOCATION :Location[mProvider=network,mTime=1288528955798,mLatitude=55.750961,mLongitude=12.37149,mHasAltitude=false,mAltitude=0.0,mHasSpeed=false,mSpeed=0.0,mHasBearing=false,mBearing=0.0,mHasAccuracy=true,mAccuracy=607.0,mExtras=Bundle[mParcelledData.dataSize=148]]
ADDRESS :

1.53
1.28
0.90
1.12
1.93
0.46
3.09
0.93
2.48
1.89
1.96
0.84
1.47
0.98
0.46
1.42
0.45
1.73
0.83
1.01
0.67
1.33
1.29
2.14
2.03
2.83
1.05
0.79
1.50
0.93
1.43
0.94
1.48
1.16
1.99
1.70
1.31
1.47
2.11
1.08
1.95
1.42
0.80
0.74
1.80
0.61
1.02
1.29
0.46
0.80
1.04
1.46
2.37
1.08
1.72
1.12
1.18
0.49
0.76
0.91
0.78
0.60
1.29
0.30
1.25
1.43
1.65
1.27
1.16
1.40
1.48
2.22
0.42
1.01
2.45
2.68
1.72
2.37
1.65
2.14
1.43
0.41
0.38
1.46
1.42
0.99
0.97
0.99
0.49
1.27
2.15
2.53
1.01
0.67
0.68
0.98
0.49
0.80
1.77
1.05
1.69
3.60
2.25
4.22
3.01
2.81
1.39
0.76
1.10
3.79
1.57
2.19
1.61
1.95
2.00
2.38
0.76
3.06
1.27
3.26
2.62
0.20
0.78
0.93
1.62
2.22
0.74
3.11
1.73
1.50
0.82
1.65
0.82
1.24
1.85
2.85
4.26
2.29
3.75
2.41
2.17
1.80
4.41
2.96
2.12
3.02
1.10
4.93
2.60
3.32
2.14
4.64
2.56
3.02
0.72
2.42
1.74
1.97
1.78
1.55
2.53
2.67
1.95
1.31
2.33
2.26
0.98
2.60
0.68
3.15
1.24
2.85
1.85
2.70
1.65
3.23
3.72
1.18
2.74
2.64
5.04
5.28
3.19
1.47
3.57
1.69
3.38
2.07
1.31
1.88
3.46
5.56
1.24
1.76
1.24
4.22
3.46
1.04
3.26
8.93
3.19
1.47
5.04
1.73
3.61
2.17
1.73
1.42
5.37
5.09
3.90
5.35
3.55
2.41
4.97
1.53
3.41
2.56
5.33
4.37
1.18
1.96
4.60
2.79
1.43
3.13
7.22
3.20
1.85
4.64
2.15
3.90
2.72
2.94
6.03
7.59
7.06
6.57
6.13
4.96
3.06
2.40
5.22
16.56
11.92
4.07
6.95
5.11
2.83
6.32
7.82
4.14
8.81
2.98
5.50
3.27
