GUESS    :WALKING
STARTTIME:1288528223985
ENDTIME  :1288528238444
LOCALSPD :0.0
LONGSPD  :0.0
LOCATION :Location[mProvider=network,mTime=1288528233299,mLatitude=55.74977414999999,mLongitude=12.3756627,mHasAltitude=false,mAltitude=0.0,mHasSpeed=false,mSpeed=0.0,mHasBearing=false,mBearing=0.0,mHasAccuracy=true,mAccuracy=60.0,mExtras=Bundle[mParcelledData.dataSize=148]]
ADDRESS :

2.10
0.51
0.28
0.16
0.24
0.31
0.30
0.25
0.16
0.44
0.15
0.36
0.18
0.15
0.37
0.19
0.13
0.22
0.28
0.17
0.22
0.17
0.02
0.13
0.17
0.03
0.16
0.10
0.03
0.27
0.19
0.10
0.17
0.08
0.07
0.10
0.23
0.09
0.12
0.27
0.08
0.28
0.09
0.19
0.22
0.25
0.28
0.21
0.17
0.03
0.25
0.22
0.33
0.08
0.14
0.16
0.11
0.30
0.13
0.19
0.16
0.18
0.15
0.05
0.14
0.03
0.12
0.06
0.12
0.04
0.07
0.13
0.11
0.16
0.03
0.08
0.20
0.08
0.11
0.09
0.15
0.11
0.01
0.08
0.17
0.04
0.13
0.08
0.10
0.19
0.05
0.07
0.14
0.02
0.02
0.15
0.12
0.11
0.07
0.13
0.02
0.15
0.23
0.13
0.14
0.06
0.08
0.14
0.19
0.14
0.05
0.10
0.14
0.15
0.19
0.06
0.11
0.07
0.07
0.03
0.09
0.07
0.24
0.03
0.17
0.20
0.10
0.06
