GUESS    :MOVING_SM
STARTTIME:1287692729834
ENDTIME  :1287692743032
LOCATION :Location[mProvider=network,mTime=1287692704075,mLatitude=55.74958615,mLongitude=12.3767289,mHasAltitude=false,mAltitude=0.0,mHasSpeed=false,mSpeed=0.0,mHasBearing=false,mBearing=0.0,mHasAccuracy=true,mAccuracy=50.0,mExtras=Bundle[mParcelledData.dataSize=148]]
ADDRESS :

0.18
0.19
0.23
0.19
0.23
0.12
0.08
0.07
0.19
0.08
0.16
0.07
0.11
0.15
0.23
0.16
0.04
0.16
0.12
0.15
0.11
0.12
0.04
0.15
0.14
0.42
0.42
0.23
0.08
0.04
0.20
0.25
0.12
0.08
0.11
0.23
0.04
0.12
0.08
0.15
0.27
0.31
0.23
0.19
0.25
0.42
0.27
0.15
0.22
0.15
0.15
0.26
0.50
0.23
0.30
0.25
0.39
0.39
0.04
0.30
0.23
0.16
0.08
0.25
0.12
0.08
0.04
0.19
0.19
0.08
0.08
0.12
0.04
0.08
0.07
0.07
0.04
0.12
0.04
0.08
0.04
0.12
0.04
0.08
0.07
0.07
0.04
0.08
0.12
0.11
0.07
0.12
0.27
0.04
0.23
0.12
0.04
0.08
0.12
0.11
0.19
0.12
0.19
0.27
0.12
0.12
0.16
0.12
0.08
0.27
0.23
0.11
0.19
0.22
0.38
0.35
0.31
0.11
0.19
0.12
0.07
0.19
0.08
0.11
0.18
0.12
0.23
0.07
0.19
0.12
0.46
0.34
0.11
0.50
0.35
0.38
0.20
0.19
0.27
0.23
0.04
0.15
0.19
0.42
0.18
0.19
0.08
0.23
0.14
0.19
0.16
0.23
0.14
0.07
0.20
0.25
0.15
0.22
0.27
0.27
0.11
0.11
0.15
0.07
0.30
0.15
0.12
0.04
0.12
0.12
0.08
0.08
0.15
0.19
0.08
0.04
0.23
0.19
0.04
0.16
0.16
0.12
0.04
0.05
0.22
0.20
0.16
0.19
0.15
0.20
0.38
0.12
0.34
0.08
0.44
0.12
0.31
0.16
0.23
0.15
0.19
0.19
0.25
0.20
0.11
0.11
0.12
0.19
0.10
0.15
0.08
0.08
0.07
0.26
0.07
0.08
0.04
0.16
0.12
0.11
0.15
0.08
0.04
0.04
0.08
0.12
0.11
0.03
0.03
0.07
0.08
0.19
0.11
0.04
0.12
0.12
0.12
0.08
0.12
0.04
0.08
0.11
0.11
0.20
0.12
0.23
0.27
0.20
0.25
0.04
0.29
0.16
0.12
0.12
0.04
0.11
