GUESS    :IDLE
STARTTIME:1287692770020
ENDTIME  :1287692783777
LOCATION :Location[mProvider=network,mTime=1287692770885,mLatitude=55.74958615,mLongitude=12.3767289,mHasAltitude=false,mAltitude=0.0,mHasSpeed=false,mSpeed=0.0,mHasBearing=false,mBearing=0.0,mHasAccuracy=true,mAccuracy=50.0,mExtras=Bundle[mParcelledData.dataSize=148]]
ADDRESS :

0.04
0.08
0.12
0.25
0.12
0.04
0.04
0.12
0.07
0.03
0.08
0.12
0.12
0.20
0.04
0.12
0.16
0.12
0.16
0.08
0.12
0.08
0.04
0.08
0.08
0.12
0.08
0.12
0.04
0.08
0.20
0.25
0.16
0.04
0.08
0.12
0.04
0.08
0.12
0.12
0.16
0.08
0.04
0.12
0.12
0.16
0.08
0.04
0.08
0.16
0.20
0.23
0.23
0.08
0.12
0.08
0.12
0.12
0.12
0.12
0.15
0.26
0.11
0.04
0.08
0.19
0.11
0.04
0.04
0.12
0.15
0.11
0.08
0.23
0.11
0.31
0.27
0.12
0.16
0.08
0.19
0.11
0.20
0.12
0.08
0.12
0.12
0.08
0.25
0.11
0.20
0.11
0.16
0.30
0.41
0.16
0.18
0.38
0.27
0.27
0.23
0.38
0.12
0.31
0.08
0.11
0.12
0.19
0.18
0.11
0.08
0.12
0.12
0.19
0.19
0.08
0.08
0.16
0.04
0.19
0.23
0.08
0.16
0.12
0.12
0.08
0.23
0.19
0.04
0.12
0.08
0.04
0.08
0.08
0.04
0.04
0.04
0.12
0.12
0.08
0.16
0.04
0.04
0.12
0.08
0.12
0.08
0.08
0.04
0.04
0.12
0.16
0.08
0.04
0.08
0.04
0.12
0.12
0.08
0.08
0.08
0.04
0.08
0.04
0.08
0.04
0.15
0.22
0.15
0.29
0.12
0.20
0.29
0.08
0.16
0.12
0.20
0.04
0.12
0.07
0.07
0.04
0.08
0.12
0.04
0.08
0.12
0.16
0.12
0.12
0.08
0.16
0.12
0.08
0.08
0.08
0.04
0.08
0.04
0.08
0.04
0.08
0.04
0.04
0.12
0.11
0.15
0.16
0.12
0.08
0.12
0.11
0.19
0.16
0.25
0.11
0.15
0.04
0.23
0.31
0.26
0.12
0.12
0.35
0.19
0.04
0.08
0.16
0.07
0.19
0.08
0.16
0.15
0.19
0.16
0.29
0.15
0.19
0.12
0.08
0.08
0.08
0.12
0.08
0.08
0.12
0.08
0.15
0.07
0.08
0.08
0.11
0.18
0.08
0.15
0.08
