GUESS    :MOVING_SM
STARTTIME:1288519994967
ENDTIME  :1288520008658
LOCALSPD :1.0796425
LONGSPD  :-1.0
LOCATION :Location[mProvider=network,mTime=1288520007025,mLatitude=55.78222555,mLongitude=12.36995415,mHasAltitude=false,mAltitude=0.0,mHasSpeed=false,mSpeed=0.0,mHasBearing=false,mBearing=0.0,mHasAccuracy=true,mAccuracy=59.0,mExtras=Bundle[mParcelledData.dataSize=148]]
ADDRESS :

0.54
0.29
0.07
0.08
0.07
0.08
0.07
0.02
0.03
0.04
0.03
0.02
0.03
0.01
0.01
0.03
0.03
0.01
0.02
0.02
0.03
0.03
0.05
0.02
0.04
0.02
0.05
0.04
0.02
0.03
0.05
0.01
0.05
0.03
0.02
0.03
0.01
0.03
0.03
0.04
0.01
0.01
0.01
0.01
0.04
0.00
0.02
0.02
0.01
0.02
0.03
0.03
0.02
0.02
0.02
0.04
0.04
0.05
0.02
0.00
0.01
0.02
0.03
0.02
0.01
0.01
0.02
0.03
0.03
0.03
0.02
0.03
0.05
0.03
0.05
0.03
0.09
0.07
0.06
0.03
0.04
0.02
0.02
0.03
0.03
0.01
0.05
0.02
0.01
0.04
0.02
0.02
0.05
0.03
0.05
0.02
0.02
0.02
0.04
0.01
0.02
0.02
0.02
0.00
0.04
0.04
0.03
0.02
0.01
0.04
0.05
0.03
0.04
0.03
0.03
0.01
0.03
0.02
0.01
0.02
0.03
0.02
0.03
0.04
0.04
0.03
0.02
0.01
