GUESS    :MOVING_ME
STARTTIME:1288520279585
ENDTIME  :1288520293260
LOCALSPD :11.673169
LONGSPD  :8.202631
LOCATION :Location[mProvider=network,mTime=1288520279128,mLatitude=55.7515537,mLongitude=12.3757102,mHasAltitude=false,mAltitude=0.0,mHasSpeed=false,mSpeed=0.0,mHasBearing=false,mBearing=0.0,mHasAccuracy=true,mAccuracy=60.0,mExtras=Bundle[mParcelledData.dataSize=148]]
ADDRESS :

2.38
5.27
4.97
3.57
1.20
1.80
2.93
3.20
1.78
0.68
0.35
0.97
2.15
2.33
1.58
1.95
3.91
2.98
1.57
1.93
3.65
1.91
1.31
2.41
3.36
2.48
0.93
1.24
2.36
3.72
3.80
3.00
1.27
1.88
2.66
1.73
1.25
0.72
1.12
1.39
1.72
2.06
2.71
2.18
0.42
1.21
1.10
0.53
1.39
0.46
1.01
2.08
2.27
0.78
2.08
2.22
1.23
1.69
3.91
3.68
1.84
2.55
3.84
2.30
1.21
3.20
3.94
3.38
2.72
0.44
1.28
2.18
2.14
0.57
0.61
0.74
0.91
2.71
2.06
0.50
1.42
3.83
4.74
4.59
4.17
4.20
0.49
3.41
3.87
2.27
2.25
4.11
4.34
3.34
1.42
1.02
1.57
1.66
0.49
1.65
2.68
2.60
1.54
1.40
2.08
1.21
0.80
0.91
0.99
2.60
2.26
0.31
0.91
1.40
0.65
1.25
1.53
1.38
0.68
0.23
0.38
0.87
0.86
0.54
0.44
0.80
1.84
2.22
1.85
1.16
0.34
0.89
0.34
0.78
1.25
1.61
0.61
0.68
0.99
0.45
0.87
0.91
0.46
1.42
1.48
0.72
0.34
0.95
1.61
0.89
1.66
0.87
0.84
1.42
2.27
0.33
0.93
2.93
1.92
1.40
1.97
1.99
1.84
2.03
2.83
3.51
1.87
2.56
1.35
1.76
3.12
2.68
1.43
0.91
2.98
2.78
1.84
0.31
1.50
2.53
2.41
1.81
2.14
1.05
1.54
1.61
1.27
0.95
1.73
1.74
1.20
3.17
2.03
1.06
0.84
1.54
0.39
1.28
0.86
2.26
3.09
1.47
1.04
0.15
1.09
1.29
1.14
0.27
1.21
1.29
0.89
1.81
0.22
1.85
1.35
1.95
2.52
3.28
3.05
0.87
1.92
0.97
1.95
1.53
1.96
1.35
1.27
3.61
5.22
2.52
2.55
2.21
1.76
2.93
1.95
0.54
1.23
1.39
0.50
1.33
1.53
3.17
3.68
2.32
2.07
2.11
1.63
3.09
1.48
1.43
2.78
0.23
1.57
0.64
1.27
1.33
