GUESS    :MOVING_SM
STARTTIME:1290450088045
ENDTIME  :1290450103244
LOCALSPD :0.0
LONGSPD  :-1.0
LOCATION :Location[mProvider=network,mTime=1290450100851,mLatitude=55.74957875,mLongitude=12.376729950000001,mHasAltitude=false,mAltitude=0.0,mHasSpeed=false,mSpeed=0.0,mHasBearing=false,mBearing=0.0,mHasAccuracy=true,mAccuracy=50.0,mExtras=Bundle[mParcelledData.dataSize=148]]
ADDRESS :

0.31
0.11
0.27
0.30
0.08
0.26
0.15
0.19
0.19
0.18
0.15
0.03
0.17
0.09
0.03
0.13
0.04
0.07
0.06
0.01
0.03
0.01
0.06
0.05
0.04
0.03
0.05
0.04
0.01
0.06
0.02
0.08
0.05
0.06
0.06
0.06
0.03
0.02
0.07
0.01
0.07
0.09
0.06
0.08
0.01
0.08
0.05
0.05
0.03
0.01
0.08
0.02
0.04
0.03
0.05
0.02
0.02
0.06
0.02
0.04
0.03
0.03
0.05
0.03
0.03
0.03
0.05
0.01
0.01
0.04
0.01
0.02
0.03
0.02
0.02
0.03
0.03
0.00
0.03
0.00
0.01
0.03
0.02
0.01
0.02
0.02
0.01
0.01
0.01
0.01
0.02
0.02
0.00
0.01
0.01
0.00
0.01
0.00
0.02
0.00
0.02
0.01
0.02
0.02
0.01
0.02
0.02
0.01
0.03
0.02
0.01
0.04
0.01
0.02
0.02
0.01
0.02
0.02
0.03
0.03
0.03
0.04
0.01
0.03
0.03
0.02
0.04
0.02
