GUESS    :IDLE
STARTTIME:1287689197951
ENDTIME  :1287689212970
LOCATION :Location[mProvider=network,mTime=1287689193741,mLatitude=55.74958026666667,mLongitude=12.376720666666666,mHasAltitude=false,mAltitude=0.0,mHasSpeed=false,mSpeed=0.0,mHasBearing=false,mBearing=0.0,mHasAccuracy=true,mAccuracy=50.0,mExtras=Bundle[mParcelledData.dataSize=148]]
ADDRESS :

0.15
0.16
0.12
0.04
0.08
0.11
0.15
0.04
0.04
0.11
0.18
0.11
0.07
0.07
0.07
0.11
0.08
0.12
0.08
0.08
0.12
0.15
0.23
0.57
0.74
0.34
0.63
0.60
0.27
0.48
0.42
0.46
0.46
0.27
0.11
0.26
0.35
0.11
0.16
0.31
0.03
0.26
0.15
0.08
0.15
0.08
0.08
0.11
0.11
0.07
0.08
0.11
0.04
0.15
0.11
0.16
0.19
0.08
0.11
0.08
0.15
0.08
0.15
0.07
0.26
0.19
0.12
0.12
0.04
0.12
0.11
0.12
0.15
0.11
0.19
0.11
0.11
0.19
0.19
0.15
0.11
0.11
0.12
0.15
0.05
0.20
0.14
0.07
0.08
0.08
0.08
0.18
0.18
0.12
0.11
0.11
0.11
0.04
0.07
0.08
0.19
0.16
0.19
0.08
0.04
0.07
0.11
0.12
0.15
0.23
0.16
0.04
0.12
0.08
0.08
0.12
0.04
0.04
0.11
0.11
0.08
0.08
0.11
0.03
0.11
0.14
0.11
0.07
0.14
0.11
0.12
0.15
0.04
0.15
0.08
0.22
0.10
0.16
0.08
0.18
0.22
0.12
0.30
0.15
0.15
0.11
0.08
0.15
0.08
0.08
0.04
0.04
0.07
0.03
0.07
0.07
0.04
0.04
0.08
0.04
0.07
0.11
0.11
0.12
0.15
0.11
0.23
0.12
0.25
0.29
0.12
0.23
0.23
0.19
0.07
0.12
0.19
0.12
0.07
0.07
0.03
0.04
0.10
0.10
0.12
0.08
0.16
0.16
0.11
0.14
0.07
0.15
0.12
0.19
0.15
0.15
0.12
0.19
0.12
0.23
0.08
0.15
0.23
0.12
0.19
0.08
0.19
0.16
0.19
0.11
0.16
0.23
0.15
0.04
0.22
0.22
0.15
0.19
0.16
0.07
0.11
0.18
0.22
0.15
0.08
0.15
0.15
0.14
0.08
0.11
0.11
0.03
0.08
0.04
0.11
0.04
0.07
0.07
0.11
0.04
0.19
0.19
0.12
0.27
0.27
0.19
0.23
0.12
0.23
0.04
0.15
0.08
0.15
0.07
0.12
0.30
