GUESS    :MOVING_SM
STARTTIME:1288606473312
ENDTIME  :1288606487527
LOCALSPD :-1.0
LONGSPD  :-1.0
LOCATION :Location[mProvider=network,mTime=1288606443265,mLatitude=55.783288,mLongitude=12.526421,mHasAltitude=false,mAltitude=0.0,mHasSpeed=false,mSpeed=0.0,mHasBearing=false,mBearing=0.0,mHasAccuracy=true,mAccuracy=781.0,mExtras=Bundle[mParcelledData.dataSize=148]]
ADDRESS :

0.16
0.08
0.08
0.09
0.09
0.07
0.07
0.09
0.08
0.07
0.08
0.08
0.08
0.08
0.08
0.08
0.07
0.08
0.09
0.07
0.08
0.08
0.08
0.08
0.08
0.08
0.07
0.08
0.08
0.08
0.07
0.08
0.09
0.07
0.07
0.08
0.07
0.07
0.08
0.09
0.08
0.07
0.09
0.07
0.08
0.07
0.08
0.07
0.07
0.08
0.07
0.07
0.07
0.08
0.06
0.07
0.08
0.08
0.06
0.07
0.09
0.07
0.07
0.08
0.08
0.07
0.07
0.08
0.07
0.07
0.08
0.08
0.08
0.07
0.08
0.08
0.07
0.07
0.08
0.08
0.07
0.08
0.07
0.07
0.08
0.08
0.08
0.07
0.08
0.08
0.07
0.07
0.08
0.08
0.08
0.08
0.07
0.08
0.09
0.08
0.07
0.08
0.09
0.07
0.08
0.08
0.08
0.08
0.07
0.08
0.08
0.07
0.08
0.08
0.07
0.08
0.08
0.09
0.08
0.08
0.08
0.09
0.08
0.08
0.08
0.08
0.08
0.08
