GUESS    :MOVING_SM
STARTTIME:1290860074033
ENDTIME  :1290860088801
LOCALSPD :0.0
LONGSPD  :-1.0
LOCATION :Location[mProvider=network,mTime=1290860083893,mLatitude=55.610584,mLongitude=12.31749,mHasAltitude=false,mAltitude=0.0,mHasSpeed=false,mSpeed=0.0,mHasBearing=false,mBearing=0.0,mHasAccuracy=true,mAccuracy=726.0,mExtras=Bundle[mParcelledData.dataSize=148]]
ADDRESS :

0.15
0.08
0.15
0.04
0.11
0.15
0.04
0.08
0.08
0.08
0.12
0.04
0.08
0.04
0.08
0.16
0.08
0.12
0.08
0.08
0.15
0.15
0.12
0.16
0.23
0.15
0.04
0.04
0.08
0.12
0.20
0.16
0.16
0.31
0.31
0.34
0.26
0.23
0.11
0.12
0.19
0.23
0.16
0.20
0.04
0.11
0.11
0.04
0.08
0.12
0.04
0.08
0.08
0.12
0.04
0.08
0.12
0.12
0.04
0.08
0.04
0.08
0.04
0.12
0.08
0.04
0.08
0.15
0.11
0.07
0.11
0.04
0.23
0.15
0.08
0.10
0.07
0.07
0.10
0.07
0.03
0.10
0.04
0.14
0.04
0.04
0.04
0.12
0.14
0.10
0.04
0.04
0.08
0.04
0.08
0.08
0.08
0.12
0.16
0.08
0.08
0.08
0.08
0.12
0.08
0.15
0.07
0.04
0.12
0.04
0.04
0.08
0.12
0.12
0.08
0.08
0.08
0.08
0.12
0.16
0.20
0.08
0.08
0.04
0.12
0.04
0.04
0.08
0.08
0.16
0.12
0.04
0.27
0.07
0.16
0.08
0.04
0.04
0.08
0.04
0.08
0.16
0.08
0.20
0.04
0.08
0.12
0.12
0.12
0.08
0.04
0.04
0.16
0.16
0.04
0.04
0.16
0.26
0.91
0.57
0.38
0.59
0.08
0.35
0.27
0.37
0.64
0.31
0.26
0.57
0.19
0.16
0.20
0.23
0.30
0.11
0.29
0.33
0.12
0.04
0.08
0.12
0.08
0.12
0.20
0.04
0.12
0.08
0.16
0.08
0.16
0.08
0.04
0.08
0.12
0.08
0.20
0.16
0.04
0.04
0.12
0.23
0.31
0.12
0.46
0.22
0.16
0.16
0.12
0.04
0.08
0.04
0.08
0.08
0.04
0.04
0.04
0.04
0.20
0.16
0.08
0.12
0.12
0.23
0.07
0.20
0.25
0.25
2.96
6.28
5.63
3.41
1.44
1.35
1.50
3.80
3.30
3.21
3.15
1.35
1.87
0.97
0.86
1.35
1.12
0.95
0.11
0.54
0.98
0.31
0.78
0.44
0.29
0.64
0.45
0.29
