GUESS    :MOVING_SM
STARTTIME:1290860545877
ENDTIME  :1290860559562
LOCALSPD :0.0
LONGSPD  :0.0
LOCATION :Location[mProvider=network,mTime=1290860524128,mLatitude=55.610584,mLongitude=12.31749,mHasAltitude=false,mAltitude=0.0,mHasSpeed=false,mSpeed=0.0,mHasBearing=false,mBearing=0.0,mHasAccuracy=true,mAccuracy=726.0,mExtras=Bundle[mParcelledData.dataSize=148]]
ADDRESS :

0.19
0.41
0.19
0.35
0.08
0.35
0.18
0.56
0.75
0.27
0.68
0.27
0.35
0.30
0.41
0.29
0.42
0.38
0.20
0.25
0.23
0.44
0.46
0.08
0.25
0.23
0.15
0.23
0.14
0.27
0.27
0.16
0.07
0.08
0.25
0.20
0.16
0.11
0.34
0.07
0.22
0.22
0.20
0.38
0.27
0.16
0.11
0.14
0.04
0.12
0.15
0.08
0.14
0.19
0.20
0.15
0.07
0.15
0.18
0.26
0.19
0.16
0.16
0.12
0.07
0.16
0.03
0.16
0.12
0.16
0.16
0.12
0.35
0.23
0.16
0.20
0.12
0.08
0.08
0.19
0.25
0.20
0.15
0.11
0.22
0.23
0.11
0.15
0.05
0.11
0.37
0.08
0.08
0.27
0.19
0.04
0.29
0.16
0.11
0.64
0.80
0.15
0.41
0.12
0.30
0.11
0.38
0.11
0.31
0.12
0.08
0.08
0.12
0.08
0.04
0.15
0.18
0.22
0.19
0.14
0.07
0.04
0.04
0.08
0.19
0.11
0.20
0.22
0.18
0.08
0.16
0.11
0.11
0.08
0.12
0.07
0.04
0.10
0.33
0.15
0.22
0.27
0.29
0.29
0.12
0.12
0.16
0.12
0.20
0.08
0.16
0.08
0.12
0.12
0.11
0.18
0.16
0.23
0.12
0.35
0.26
0.19
0.23
0.31
0.31
0.20
0.16
0.46
0.44
0.22
0.19
0.16
0.20
0.16
0.20
0.12
0.12
0.16
0.08
0.12
0.08
0.15
0.20
0.15
0.16
0.12
0.23
0.04
0.20
0.16
0.12
0.16
0.19
0.27
0.07
0.07
0.16
0.08
0.08
0.11
0.16
0.35
0.44
0.35
0.19
0.45
0.27
0.59
0.27
0.34
0.08
0.07
0.27
0.22
0.23
0.39
0.35
0.19
0.20
0.04
0.20
0.07
0.07
0.04
0.03
0.07
0.08
0.22
0.18
0.15
0.23
0.23
0.25
0.23
0.23
0.20
0.19
0.25
0.35
0.89
0.50
0.30
0.26
0.44
0.31
0.23
0.16
0.15
0.18
0.15
0.15
0.22
0.16
0.27
0.23
0.16
