GUESS    :MOVING_SM
STARTTIME:1290604238387
ENDTIME  :1290604252412
LOCALSPD :-1.0
LONGSPD  :-1.0
LOCATION :Location[mProvider=network,mTime=1290604219698,mLatitude=55.749526100000004,mLongitude=12.376712866666667,mHasAltitude=false,mAltitude=0.0,mHasSpeed=false,mSpeed=0.0,mHasBearing=false,mBearing=0.0,mHasAccuracy=true,mAccuracy=50.0,mExtras=Bundle[mParcelledData.dataSize=148]]
ADDRESS :

0.43
0.62
0.43
0.35
0.42
0.45
0.37
0.26
0.26
0.29
0.26
0.13
0.10
0.19
0.17
0.09
0.04
0.13
0.14
0.06
0.06
0.14
0.17
0.09
0.04
0.16
0.21
0.18
0.06
0.07
0.15
0.18
0.13
0.02
0.08
0.15
0.13
0.06
0.02
0.10
0.11
0.09
0.04
0.06
0.09
0.09
0.08
0.08
0.08
0.06
0.06
0.10
0.13
0.11
0.06
0.06
0.13
0.16
0.12
0.03
0.10
0.16
0.18
0.10
0.04
0.12
0.18
0.15
0.07
0.04
0.13
0.15
0.11
0.03
0.07
0.11
0.10
0.05
0.07
0.11
0.10
0.05
0.07
0.13
0.13
0.07
0.01
0.10
0.14
0.12
0.04
0.06
0.13
0.14
0.10
0.02
0.10
0.15
0.14
0.06
0.05
0.13
0.14
0.09
0.01
0.11
0.15
0.13
0.04
0.07
0.14
0.17
0.12
0.03
0.09
0.15
0.14
0.07
0.03
0.11
0.14
0.11
0.04
0.06
0.10
0.10
0.08
0.06
