GUESS    :MOVING_SM
STARTTIME:1290604324018
ENDTIME  :1290604338786
LOCALSPD :0.0
LONGSPD  :-1.0
LOCATION :Location[mProvider=network,mTime=1290604336854,mLatitude=55.751745,mLongitude=12.37691,mHasAltitude=false,mAltitude=0.0,mHasSpeed=false,mSpeed=0.0,mHasBearing=false,mBearing=0.0,mHasAccuracy=true,mAccuracy=722.0,mExtras=Bundle[mParcelledData.dataSize=148]]
ADDRESS :

0.57
0.27
1.48
0.57
0.89
0.61
1.68
0.72
1.80
0.26
3.16
1.18
2.00
4.89
4.25
5.33
1.92
3.83
3.02
1.80
2.57
2.30
1.91
2.52
0.99
3.70
4.60
2.12
1.53
2.14
1.69
3.47
5.28
4.79
1.46
1.38
0.16
0.15
0.08
0.19
0.08
0.04
0.04
0.12
0.12
0.04
0.04
0.08
0.15
0.03
0.08
0.12
0.08
0.12
0.16
0.11
0.07
0.08
0.12
0.08
0.04
0.04
0.03
0.03
0.04
0.04
0.04
0.04
0.08
0.04
0.12
0.16
0.08
0.12
0.08
0.12
0.12
0.08
0.12
0.12
0.16
0.08
0.08
0.12
0.12
0.07
0.03
0.12
0.04
0.08
0.08
0.12
0.12
0.08
0.15
0.19
0.19
0.11
0.04
0.08
0.12
0.08
0.08
0.16
0.08
0.08
0.20
0.08
0.08
0.08
0.20
0.08
0.16
0.08
0.08
0.04
0.08
0.12
0.08
0.12
0.08
0.08
0.08
0.12
0.08
0.08
0.04
0.04
0.12
0.08
0.04
0.12
0.20
0.04
0.04
0.08
0.04
0.04
0.04
0.04
0.12
0.04
0.08
0.04
0.08
0.12
0.04
0.04
0.16
0.12
0.12
0.04
0.08
0.08
0.08
0.04
0.08
0.04
0.08
0.04
0.08
0.12
0.12
0.08
0.08
0.08
0.12
0.04
0.04
0.04
0.04
0.04
0.04
0.16
0.12
0.12
0.04
0.12
0.16
0.08
0.04
0.12
0.12
0.08
0.12
0.04
0.12
0.16
0.04
0.12
0.12
0.08
0.04
0.12
0.08
0.08
0.08
0.08
0.12
0.08
0.12
0.08
0.12
0.08
0.04
0.04
0.04
0.08
0.04
0.08
0.12
0.04
0.04
0.12
0.08
0.04
0.04
0.04
0.08
0.08
0.04
0.08
0.16
0.08
0.08
0.12
0.08
0.12
0.08
0.08
0.08
0.12
0.12
0.08
0.12
0.12
0.04
0.04
0.08
0.04
0.12
0.04
0.08
0.04
0.04
0.04
0.08
0.16
0.08
0.12
0.12
0.04
0.04
0.08
0.08
0.08
