GUESS    :MOVING_SM
STARTTIME:1288273463292
ENDTIME  :1288273476271
LOCALSPD :0.0
LONGSPD  :0.0
LOCATION :Location[mProvider=network,mTime=1288273457401,mLatitude=55.749666,mLongitude=12.3808557,mHasAltitude=false,mAltitude=0.0,mHasSpeed=false,mSpeed=0.0,mHasBearing=false,mBearing=0.0,mHasAccuracy=true,mAccuracy=51.0,mExtras=Bundle[mParcelledData.dataSize=148]]
ADDRESS :

0.75
0.38
0.31
0.14
0.21
0.15
0.17
0.09
0.19
0.19
0.34
0.20
0.10
0.10
0.14
0.08
0.15
0.11
0.02
0.04
0.12
0.11
0.04
0.10
0.01
0.13
0.11
0.12
0.07
0.06
0.03
0.02
0.07
0.12
0.05
0.09
0.05
0.14
0.05
0.03
0.05
0.07
0.06
0.12
0.08
0.02
0.08
0.09
0.10
0.08
0.04
0.08
0.02
0.10
0.11
0.05
0.02
0.01
0.05
0.06
0.01
0.01
0.02
0.04
0.04
0.08
0.03
0.04
0.03
0.05
0.02
0.11
0.04
0.07
0.05
0.07
0.04
0.06
0.01
0.05
0.03
0.03
0.02
0.07
0.05
0.06
0.03
0.11
0.06
0.07
0.03
0.03
0.02
0.04
0.04
0.05
0.12
0.04
0.10
0.06
0.03
0.04
0.04
0.04
0.07
0.05
0.08
0.12
0.09
0.11
0.11
0.02
0.05
0.03
0.06
0.03
0.08
0.10
0.06
0.14
0.14
0.07
0.06
0.04
0.05
0.05
0.04
0.04
