GUESS    :MOVING_SM
STARTTIME:1288273593432
ENDTIME  :1288273606391
LOCALSPD :0.0
LONGSPD  :0.0
LOCATION :Location[mProvider=network,mTime=1288273577715,mLatitude=55.749666,mLongitude=12.3808557,mHasAltitude=false,mAltitude=0.0,mHasSpeed=false,mSpeed=0.0,mHasBearing=false,mBearing=0.0,mHasAccuracy=true,mAccuracy=51.0,mExtras=Bundle[mParcelledData.dataSize=148]]
ADDRESS :

2.83
2.30
3.72
1.57
1.04
1.18
1.83
0.46
0.61
0.68
0.74
0.84
0.34
1.01
1.44
0.53
0.38
1.62
1.73
3.04
2.79
1.84
3.09
1.77
1.95
2.52
1.68
0.89
1.54
0.38
0.35
0.93
1.10
1.65
1.31
0.78
1.31
1.83
1.35
0.35
1.47
2.21
0.50
1.70
1.18
0.30
0.65
0.39
0.50
0.42
0.31
0.64
0.34
3.00
1.96
4.44
3.64
3.04
3.42
1.27
0.99
1.38
2.06
1.12
0.91
0.99
0.80
1.62
1.48
0.84
1.27
1.23
1.04
0.95
0.78
0.64
0.57
0.19
0.65
0.33
0.69
1.63
1.14
0.98
0.46
0.59
0.87
0.22
0.65
1.14
2.57
2.42
1.63
1.92
0.87
0.71
0.54
0.61
0.30
0.61
0.49
1.05
0.50
0.42
0.61
0.82
0.99
0.78
0.48
0.41
0.56
0.67
0.65
0.76
0.46
0.41
0.82
0.19
0.16
0.41
0.48
1.95
2.34
0.67
0.12
0.35
0.49
0.87
0.45
0.30
0.27
0.19
0.34
0.50
0.46
0.20
0.27
0.15
0.12
0.04
0.16
0.19
0.08
0.08
0.08
0.16
0.08
0.20
0.45
0.37
0.08
0.42
0.20
0.23
0.30
0.15
0.14
0.34
0.37
0.46
0.38
0.14
0.20
0.12
0.10
0.12
0.11
0.23
0.27
0.19
0.56
0.26
0.19
0.42
0.26
0.11
0.34
0.27
0.34
0.18
0.34
0.46
0.19
0.26
0.56
0.26
0.69
0.57
0.35
1.36
0.38
1.08
0.42
0.65
0.33
0.57
0.04
0.30
0.53
0.20
0.29
0.35
0.15
1.02
0.53
0.63
0.74
1.38
1.55
1.57
2.29
0.84
3.23
0.42
2.15
1.16
0.91
1.02
0.65
0.46
0.25
0.57
0.49
0.61
1.06
0.97
1.58
3.13
1.87
2.06
2.12
1.12
1.77
0.42
0.79
1.73
1.46
2.56
1.27
1.14
1.16
0.72
1.23
0.86
1.68
0.50
1.20
1.23
0.65
1.65
0.52
2.17
8.92
1.88
2.60
3.43
