GUESS    :WALKING
STARTTIME:1288274114515
ENDTIME  :1288274127392
LOCALSPD :0.0
LONGSPD  :0.31767303
LOCATION :Location[mProvider=network,mTime=1288274078204,mLatitude=55.749533583333346,mLongitude=12.376724549999999,mHasAltitude=false,mAltitude=0.0,mHasSpeed=false,mSpeed=0.0,mHasBearing=false,mBearing=0.0,mHasAccuracy=true,mAccuracy=50.0,mExtras=Bundle[mParcelledData.dataSize=148]]
ADDRESS :

2.87
2.91
3.88
2.75
3.87
3.09
2.66
2.72
0.76
1.17
0.95
0.52
0.46
0.83
1.04
0.26
0.72
0.45
0.56
0.83
0.93
0.50
0.91
0.89
1.38
1.31
0.46
1.42
1.24
0.57
0.84
0.65
1.08
1.35
1.55
0.38
1.54
0.53
0.50
0.42
0.93
0.57
0.54
0.87
1.65
1.13
0.23
0.23
0.45
0.39
0.35
0.44
0.22
0.15
0.19
0.20
0.19
0.33
0.56
0.10
0.39
0.19
0.22
0.38
0.20
0.84
0.15
0.39
0.53
0.35
0.57
0.61
1.61
1.35
1.68
0.90
1.12
0.42
1.04
1.72
1.31
0.61
0.74
0.53
0.64
1.20
0.76
0.59
0.49
0.19
0.44
0.48
0.71
1.16
1.09
2.04
0.76
0.19
1.20
1.17
0.60
0.86
1.05
0.23
0.57
0.67
0.54
0.61
0.93
2.71
5.41
4.94
2.49
1.20
2.91
0.99
0.84
2.81
3.64
4.45
4.18
2.00
2.38
0.59
1.23
1.42
1.16
1.33
0.90
0.45
0.35
0.15
0.59
0.35
0.44
0.72
0.46
0.87
0.61
0.60
0.89
0.53
0.89
0.14
1.46
0.99
2.22
0.10
3.12
1.88
2.33
1.20
2.56
1.53
1.42
0.49
0.50
0.59
0.60
0.52
0.68
0.45
0.35
0.48
0.19
1.27
0.38
0.68
0.34
0.42
0.84
0.74
1.85
1.21
3.17
2.94
1.23
1.66
1.35
0.74
0.42
0.56
1.06
0.76
2.37
2.21
1.04
0.64
0.72
0.57
0.76
1.39
0.65
1.04
0.57
0.50
0.26
0.53
0.11
0.41
0.12
0.26
0.34
0.50
0.27
0.46
0.53
1.23
0.35
0.42
0.61
0.34
1.99
5.60
2.30
1.12
1.27
0.61
2.56
5.52
6.66
4.86
1.57
3.00
1.57
1.27
3.02
3.92
3.04
10.09
7.27
4.71
2.91
6.31
11.18
9.78
3.39
2.30
3.87
1.54
2.82
1.18
0.89
1.27
7.86
10.65
7.00
6.35
18.43
22.43
2.82
1.84
0.72
0.46
0.42
1.58
