GUESS    :WALKING
STARTTIME:1288274193191
ENDTIME  :1288274206222
LOCALSPD :0.0
LONGSPD  :0.28619286
LOCATION :Location[mProvider=network,mTime=1288274193005,mLatitude=55.74958026666667,mLongitude=12.376720666666666,mHasAltitude=false,mAltitude=0.0,mHasSpeed=false,mSpeed=0.0,mHasBearing=false,mBearing=0.0,mHasAccuracy=true,mAccuracy=50.0,mExtras=Bundle[mParcelledData.dataSize=148]]
ADDRESS :

1.27
0.79
2.59
1.39
1.08
2.32
0.76
0.69
1.48
1.80
2.12
1.61
1.95
0.83
0.64
1.29
0.95
1.42
1.25
0.30
1.18
0.53
5.83
14.10
8.28
6.43
2.66
3.26
2.75
3.06
1.20
3.85
3.23
2.45
1.51
3.17
3.65
2.72
3.02
8.62
6.93
7.87
11.16
9.34
5.35
0.65
1.42
3.26
1.46
2.11
2.83
3.84
5.91
3.30
6.17
4.56
3.34
4.56
3.13
2.72
1.73
1.95
0.84
1.01
0.22
0.39
1.17
1.12
0.68
1.44
1.16
0.38
0.52
1.27
1.14
0.37
0.33
0.39
0.30
0.69
0.65
0.38
0.50
0.23
0.57
0.33
0.56
0.54
0.87
0.91
0.59
1.02
0.45
0.20
0.68
0.82
0.78
1.18
0.63
0.57
0.78
1.01
0.99
0.35
0.57
0.34
0.53
0.42
0.53
0.38
0.42
0.38
1.39
0.78
0.49
0.34
0.52
0.61
0.61
0.99
0.68
0.26
1.25
1.27
1.09
0.59
0.60
0.86
0.49
0.38
0.59
0.94
0.31
0.68
0.38
0.34
0.54
0.59
0.27
0.15
0.42
0.74
0.27
0.78
0.23
0.57
0.54
0.25
0.15
0.50
0.22
0.38
0.41
0.15
0.34
0.41
0.42
0.41
0.27
0.29
0.26
0.42
0.57
0.30
0.39
0.49
0.72
0.44
1.06
1.16
0.87
0.59
1.10
1.47
1.61
1.18
1.70
0.74
0.63
0.71
0.82
0.90
0.45
0.65
0.19
0.80
0.50
0.45
0.61
1.05
1.17
0.29
1.39
1.91
2.18
0.75
0.59
0.94
0.52
0.46
0.23
0.61
0.35
0.31
0.82
0.95
0.46
0.52
0.48
0.26
0.45
0.35
0.80
0.56
3.55
4.94
1.92
3.83
2.96
3.32
2.11
1.47
1.69
2.55
1.96
1.04
1.48
2.00
2.72
2.91
0.38
2.86
2.11
2.97
1.42
4.60
1.44
2.63
6.46
1.84
3.49
1.38
2.87
1.84
0.65
1.38
1.80
0.84
1.20
1.68
2.45
4.67
5.20
2.15
1.61
2.75
