GUESS    :MOVING_HI
STARTTIME:1288274219372
ENDTIME  :1288274232232
LOCALSPD :0.0
LONGSPD  :0.27817345
LOCATION :Location[mProvider=network,mTime=1288274208671,mLatitude=55.74958026666667,mLongitude=12.376720666666666,mHasAltitude=false,mAltitude=0.0,mHasSpeed=false,mSpeed=0.0,mHasBearing=false,mBearing=0.0,mHasAccuracy=true,mAccuracy=50.0,mExtras=Bundle[mParcelledData.dataSize=148]]
ADDRESS :

3.16
2.58
2.32
0.56
0.79
0.38
0.62
1.01
1.16
1.08
0.61
0.58
0.09
0.63
0.22
0.82
0.66
0.51
0.37
0.17
0.43
0.37
0.41
0.49
0.54
0.76
0.43
0.24
0.31
0.44
0.47
0.46
0.38
0.58
0.53
0.38
0.59
0.26
0.30
0.19
0.36
0.58
0.47
0.26
0.26
0.20
0.21
0.14
0.28
0.23
0.11
0.08
0.15
0.22
0.13
0.13
0.26
0.32
0.23
0.34
0.43
0.38
0.02
0.07
0.10
0.32
0.24
0.26
0.37
0.32
0.09
0.13
0.15
0.23
0.21
0.13
0.25
0.07
0.20
0.28
0.30
0.44
0.10
0.12
0.22
0.20
0.08
0.21
0.12
0.19
0.13
0.13
0.36
0.25
0.37
0.12
0.18
0.13
0.13
0.17
0.21
0.31
0.30
0.42
0.35
0.38
0.25
0.13
0.07
0.26
0.16
0.34
0.37
0.32
0.21
0.16
0.22
0.10
0.22
0.22
0.36
0.34
0.25
0.14
0.24
0.19
0.19
0.16
