GUESS    :WALKING
STARTTIME:1288272404824
ENDTIME  :1288272417712
LOCALSPD :0.0
LONGSPD  :0.0
LOCATION :Location[mProvider=network,mTime=1288272361355,mLatitude=55.7505181,mLongitude=12.3782946,mHasAltitude=false,mAltitude=0.0,mHasSpeed=false,mSpeed=0.0,mHasBearing=false,mBearing=0.0,mHasAccuracy=true,mAccuracy=113.0,mExtras=Bundle[mParcelledData.dataSize=148]]
ADDRESS :

3.00
0.81
0.66
0.37
0.22
0.37
0.29
0.45
0.27
0.12
0.12
0.30
0.12
0.29
0.17
0.16
0.15
0.19
0.02
0.11
0.25
0.60
0.85
0.23
0.12
0.29
0.04
0.06
0.20
0.04
0.06
0.16
0.14
0.21
0.07
0.12
0.20
0.05
0.29
0.25
0.20
0.01
0.18
0.29
0.05
0.17
0.25
0.03
0.09
0.08
0.12
0.16
0.21
0.06
0.09
0.07
0.12
0.10
0.06
0.12
0.12
0.07
0.02
0.13
0.21
0.14
0.10
0.15
0.22
0.15
0.33
0.13
0.07
0.06
0.06
0.17
0.12
0.08
0.17
0.05
0.15
0.15
0.18
0.07
0.12
0.19
0.27
0.23
0.12
0.10
0.04
0.18
0.29
0.09
0.18
0.19
0.15
0.26
0.18
0.18
0.20
0.26
0.02
0.09
0.07
0.07
0.20
0.22
0.18
0.28
0.25
0.10
0.28
0.23
0.06
0.20
0.10
0.28
0.37
0.16
0.18
0.17
0.23
0.30
0.05
0.27
0.13
0.20
