GUESS    :WALKING
STARTTIME:1288272469722
ENDTIME  :1288272482801
LOCALSPD :0.0
LONGSPD  :0.0
LOCATION :Location[mProvider=network,mTime=1288272481558,mLatitude=55.7505181,mLongitude=12.3782946,mHasAltitude=false,mAltitude=0.0,mHasSpeed=false,mSpeed=0.0,mHasBearing=false,mBearing=0.0,mHasAccuracy=true,mAccuracy=113.0,mExtras=Bundle[mParcelledData.dataSize=148]]
ADDRESS :

3.15
1.61
0.30
0.37
0.43
0.55
0.47
0.39
0.23
0.30
0.38
0.29
0.89
0.92
0.56
0.37
0.29
0.29
0.18
0.07
0.26
0.43
0.52
0.36
0.51
0.83
0.84
0.64
0.51
0.32
0.14
0.15
0.24
0.21
0.08
0.15
0.03
0.14
0.34
0.52
0.33
0.13
0.15
0.44
0.34
0.32
0.30
0.07
0.20
0.13
0.14
0.11
0.11
0.11
0.06
0.09
0.11
0.10
0.21
0.22
0.19
0.13
0.14
0.11
0.14
0.08
0.14
0.20
0.36
0.21
0.25
0.22
0.19
0.29
0.34
0.10
0.05
0.10
0.18
0.20
0.14
0.21
0.28
0.29
0.10
0.15
0.27
0.20
0.09
0.33
0.36
0.24
0.10
0.04
0.17
0.21
0.22
0.07
0.20
0.28
0.12
0.18
0.03
0.22
0.15
0.07
0.18
0.34
0.13
0.38
0.11
0.15
0.38
0.32
0.13
0.16
0.22
0.49
0.34
0.16
0.06
0.26
0.16
0.06
0.25
0.29
0.15
0.24
