GUESS    :WALKING
STARTTIME:1288272664341
ENDTIME  :1288272677501
LOCALSPD :0.0
LONGSPD  :0.0
LOCATION :Location[mProvider=network,mTime=1288272663974,mLatitude=55.7498145,mLongitude=12.3785948,mHasAltitude=false,mAltitude=0.0,mHasSpeed=false,mSpeed=0.0,mHasBearing=false,mBearing=0.0,mHasAccuracy=true,mAccuracy=75.0,mExtras=Bundle[mParcelledData.dataSize=148]]
ADDRESS :

3.94
1.47
1.02
0.70
0.31
0.35
0.20
0.27
0.30
0.18
0.29
0.38
0.25
0.50
0.27
0.02
0.11
0.09
0.23
0.11
0.23
0.31
0.10
0.10
0.18
1.69
0.99
0.66
0.10
0.20
0.06
0.14
0.06
0.05
0.23
0.08
0.18
0.21
0.35
0.04
0.38
0.03
0.20
0.13
0.12
0.12
0.05
0.12
0.15
0.18
0.44
0.51
0.18
0.19
0.21
0.15
0.17
0.11
0.12
0.13
0.18
0.24
0.12
0.30
0.33
0.10
0.10
0.26
0.17
0.22
0.17
0.02
0.08
0.05
0.29
0.41
0.22
0.14
0.10
0.20
0.28
0.18
0.26
0.16
0.25
0.19
0.04
0.14
0.25
0.08
0.10
0.04
0.08
0.05
0.27
0.21
0.14
0.22
0.31
0.20
0.32
0.43
0.05
0.30
0.21
0.30
0.02
0.28
0.13
0.28
0.11
0.23
0.21
0.12
0.06
0.04
0.04
0.08
0.15
0.25
0.36
0.11
0.12
0.30
0.47
0.36
0.61
0.18
