GUESS    :WALKING
STARTTIME:1288273136734
ENDTIME  :1288273149675
LOCALSPD :0.0
LONGSPD  :0.0
LOCATION :Location[mProvider=network,mTime=1288273149575,mLatitude=55.751745,mLongitude=12.37691,mHasAltitude=false,mAltitude=0.0,mHasSpeed=false,mSpeed=0.0,mHasBearing=false,mBearing=0.0,mHasAccuracy=true,mAccuracy=722.0,mExtras=Bundle[mParcelledData.dataSize=148]]
ADDRESS :

1.23
1.48
1.18
2.41
2.49
2.41
2.40
1.61
0.49
0.26
1.23
1.29
1.12
0.44
1.25
1.31
1.13
2.94
1.20
4.74
3.00
2.59
1.27
0.91
1.20
0.57
0.84
2.02
0.80
1.80
3.41
2.66
5.24
0.99
2.59
0.48
1.39
2.98
1.84
2.14
2.60
3.69
2.56
7.68
8.88
4.85
1.68
3.00
2.14
1.08
0.49
3.06
1.61
4.13
7.95
8.69
3.43
5.01
4.18
0.34
2.53
0.78
2.12
0.44
4.18
7.12
13.10
13.33
6.29
3.32
0.99
1.14
2.12
1.50
1.76
0.59
0.61
1.69
4.69
1.36
3.77
3.17
1.70
1.04
1.85
2.04
2.07
1.10
1.80
3.75
3.64
1.39
5.05
1.61
3.76
4.28
3.38
2.53
1.42
1.76
0.97
1.04
2.97
2.25
1.61
0.61
1.81
0.46
2.37
1.29
1.87
1.84
0.61
1.92
0.34
1.29
0.78
1.48
0.46
1.65
1.27
1.42
2.14
1.42
4.51
2.49
1.95
1.66
2.33
1.43
1.08
0.59
0.46
0.31
1.08
0.78
0.97
4.66
5.37
1.61
3.34
1.92
2.08
2.17
1.29
4.84
4.33
1.35
4.33
3.17
1.29
2.19
1.33
3.38
2.02
1.57
8.05
5.11
5.01
2.34
1.95
1.70
4.37
4.74
1.92
2.98
3.42
2.41
1.16
4.67
2.29
2.48
3.87
3.09
5.24
3.38
2.40
2.66
5.56
1.44
5.24
1.89
0.45
1.25
0.80
1.29
0.44
0.54
0.23
1.01
3.87
4.71
8.57
3.26
2.26
2.45
2.41
1.80
2.44
5.49
3.92
3.21
2.23
2.70
3.60
3.91
3.64
5.33
3.49
1.81
5.37
1.80
2.68
2.79
3.49
6.66
3.36
5.86
5.37
2.98
0.61
2.37
1.57
1.91
3.21
4.02
5.37
2.56
5.19
4.67
2.34
3.02
2.14
2.52
3.04
2.27
3.45
7.19
7.68
12.95
5.20
2.72
1.43
1.08
1.57
1.27
0.74
0.95
1.04
3.81
2.72
4.10
2.68
4.62
2.79
2.33
