GUESS    :MOVING_ME
STARTTIME:1289499763302
ENDTIME  :1289499777642
LOCALSPD :0.0
LONGSPD  :-1.0
LOCATION :Location[mProvider=network,mTime=1289499767188,mLatitude=55.750414475,mLongitude=12.37755525,mHasAltitude=false,mAltitude=0.0,mHasSpeed=false,mSpeed=0.0,mHasBearing=false,mBearing=0.0,mHasAccuracy=true,mAccuracy=62.0,mExtras=Bundle[mParcelledData.dataSize=148]]
ADDRESS :

1.65
0.95
0.42
0.42
0.99
1.36
0.65
0.19
0.34
0.31
0.65
0.50
0.52
0.30
0.41
0.65
0.34
0.49
0.27
0.89
0.49
1.23
2.89
0.87
2.91
0.42
1.65
1.54
1.72
0.79
0.53
0.93
1.92
0.65
2.03
1.18
1.29
0.91
0.72
1.09
0.86
0.87
1.66
2.27
0.35
0.27
0.69
0.50
0.46
0.69
0.33
0.12
1.33
0.95
1.13
0.33
0.19
0.27
2.19
3.30
1.57
0.65
0.69
1.38
1.44
0.95
0.79
3.30
4.14
1.61
1.53
1.35
3.24
3.77
2.53
2.94
1.73
0.08
0.34
1.54
0.48
1.27
2.86
0.35
1.23
2.57
1.78
2.03
2.72
1.08
0.84
0.50
0.78
0.19
0.46
1.62
1.20
0.50
0.98
1.12
0.74
0.57
0.37
0.34
0.22
0.31
0.52
0.80
0.31
0.26
0.67
1.05
0.86
0.19
0.83
0.41
0.54
0.19
1.18
1.53
0.57
0.68
0.67
0.35
0.34
0.57
0.38
0.19
0.15
0.31
0.50
0.31
0.38
0.52
0.20
0.57
0.48
0.63
0.63
0.15
0.46
0.07
0.39
0.75
0.68
1.27
1.76
2.47
2.33
2.33
3.84
1.87
1.39
1.38
2.41
3.72
4.36
1.84
2.34
1.29
1.57
0.82
1.08
3.26
2.11
3.35
3.08
2.68
0.23
1.83
3.79
4.52
1.36
3.49
1.96
3.60
2.94
1.72
2.42
1.57
1.01
1.20
0.42
0.34
0.75
0.54
0.72
0.69
1.58
2.90
2.75
1.77
1.12
0.87
0.80
0.69
3.34
0.74
1.73
1.92
2.91
2.21
2.62
1.73
2.33
0.74
0.23
0.86
0.95
0.54
0.63
2.37
0.67
3.95
8.31
8.55
13.50
21.00
7.53
4.48
3.38
3.41
5.38
6.40
0.87
0.74
0.97
1.14
0.72
1.72
1.69
1.38
1.08
0.95
1.85
1.25
1.31
2.76
3.11
1.99
2.76
4.60
4.74
3.76
7.00
3.72
2.97
1.42
2.32
6.55
5.83
2.49
2.87
1.14
3.21
2.10
