GUESS    :MOVING_SM
STARTTIME:1287857885073
ENDTIME  :1287857898088
LOCATION :Location[mProvider=network,mTime=1287857890918,mLatitude=55.749566400000006,mLongitude=12.37671915,mHasAltitude=false,mAltitude=0.0,mHasSpeed=false,mSpeed=0.0,mHasBearing=false,mBearing=0.0,mHasAccuracy=true,mAccuracy=50.0,mExtras=Bundle[mParcelledData.dataSize=148]]
ADDRESS :

0.23
0.34
0.29
0.15
0.29
0.23
0.22
0.08
0.19
0.49
0.39
0.35
0.27
0.19
0.15
0.12
0.23
0.34
0.15
0.18
0.15
0.25
0.27
0.46
0.27
0.61
0.46
0.31
0.16
0.16
0.12
0.34
0.61
0.60
1.18
1.31
0.38
0.57
0.53
0.42
0.31
0.60
0.30
0.22
0.34
0.22
0.30
0.16
0.23
0.15
0.38
0.46
0.29
0.08
0.08
0.04
0.26
0.64
0.72
0.53
0.33
0.19
0.23
0.31
0.48
0.20
0.11
0.08
0.38
0.30
0.31
0.23
0.35
0.34
0.30
0.16
0.26
0.19
0.11
0.12
0.23
0.30
0.25
0.22
0.23
0.31
0.39
0.20
0.42
0.35
0.39
0.34
0.53
0.69
0.27
0.15
0.34
0.50
0.30
0.27
0.35
0.31
0.35
0.27
0.19
0.15
0.53
0.27
0.26
0.61
0.19
0.15
0.12
0.12
0.23
0.38
0.23
0.04
0.18
0.22
0.04
0.08
0.18
0.65
0.23
0.31
0.34
0.16
0.07
0.15
0.16
0.37
0.35
0.18
0.46
0.23
0.27
0.25
0.69
0.83
0.64
0.27
0.57
0.57
0.61
0.60
0.45
0.46
0.22
0.41
0.23
0.27
0.38
0.22
0.30
0.37
0.44
0.20
0.46
0.35
0.35
0.38
0.46
0.11
0.45
0.30
0.27
0.27
0.42
0.49
0.16
0.18
0.31
0.53
0.37
0.08
0.80
0.78
0.65
0.57
0.74
0.82
0.53
0.60
0.41
0.75
0.19
0.31
0.42
0.22
0.37
0.61
0.61
0.57
0.84
0.78
0.22
1.05
0.89
0.50
0.65
0.19
0.45
0.38
0.68
0.50
0.49
0.25
0.20
0.19
0.31
0.08
0.22
0.35
0.61
0.38
0.94
0.34
0.23
0.34
0.27
0.37
0.19
0.14
0.31
0.31
0.34
0.16
0.42
0.29
0.04
0.15
0.22
0.37
0.27
0.18
0.30
0.23
0.33
0.15
0.14
0.19
0.27
0.18
0.07
0.15
0.46
0.31
0.59
0.12
0.41
0.33
0.31
0.39
0.19
0.26
