GUESS    :IDLE
STARTTIME:1287856273733
ENDTIME  :1287856288272
LOCATION :Location[mProvider=network,mTime=1287856211189,mLatitude=55.749566400000006,mLongitude=12.37671915,mHasAltitude=false,mAltitude=0.0,mHasSpeed=false,mSpeed=0.0,mHasBearing=false,mBearing=0.0,mHasAccuracy=true,mAccuracy=50.0,mExtras=Bundle[mParcelledData.dataSize=148]]
ADDRESS :

0.08
0.02
0.01
0.02
0.02
0.01
0.02
0.02
0.01
0.00
0.01
0.01
0.00
0.01
0.01
0.01
0.00
0.00
0.01
0.00
0.00
0.01
0.01
0.00
0.01
0.00
0.01
0.00
0.01
0.02
0.01
0.01
0.01
0.01
0.01
0.01
0.01
0.00
0.00
0.00
0.01
0.00
0.01
0.00
0.00
0.00
0.01
0.00
0.01
0.01
0.00
0.00
0.00
0.01
0.01
0.00
0.01
0.01
0.01
0.01
0.01
0.00
0.01
0.01
0.01
0.00
0.00
0.01
0.01
0.01
0.00
0.01
0.01
0.00
0.01
0.01
0.01
0.01
0.00
0.00
0.00
0.00
0.01
0.00
0.01
0.00
0.01
0.00
0.00
0.00
0.00
0.00
0.00
0.01
0.00
0.00
0.00
0.00
0.00
0.00
0.00
0.00
0.00
0.00
0.00
0.00
0.00
0.00
0.00
0.00
0.00
0.01
0.00
0.00
0.00
0.00
0.00
0.01
0.00
0.00
0.00
0.00
0.00
0.00
0.01
0.00
0.01
0.00
