GUESS    :WALKING
STARTTIME:1287859093464
ENDTIME  :1287859106432
LOCATION :Location[mProvider=network,mTime=1287859102609,mLatitude=55.749566400000006,mLongitude=12.37671915,mHasAltitude=false,mAltitude=0.0,mHasSpeed=false,mSpeed=0.0,mHasBearing=false,mBearing=0.0,mHasAccuracy=true,mAccuracy=50.0,mExtras=Bundle[mParcelledData.dataSize=148]]
ADDRESS :

1.29
0.35
0.49
0.19
0.15
0.34
0.31
0.05
0.29
0.29
0.12
0.08
0.27
0.21
0.10
0.45
0.18
0.22
0.27
0.20
0.20
0.08
0.22
0.16
0.19
0.12
0.11
0.09
0.14
0.09
0.18
0.02
0.11
0.08
0.13
0.08
0.17
0.15
0.05
0.08
0.06
0.08
0.07
0.10
0.01
0.15
0.06
0.16
0.07
0.09
0.03
0.04
0.10
0.14
0.14
0.02
0.08
0.06
0.12
0.10
0.13
0.14
0.05
0.07
0.09
0.06
0.16
0.13
0.07
0.10
0.08
0.07
0.09
0.09
0.06
0.15
0.12
0.07
0.05
0.18
0.07
0.10
0.05
0.07
0.08
0.12
0.05
0.09
0.17
0.04
0.11
0.05
0.03
0.03
0.10
0.05
0.08
0.12
0.08
0.07
0.03
0.07
0.05
0.14
0.02
0.08
0.05
0.08
0.10
0.07
0.04
0.02
0.08
0.01
0.03
0.12
0.11
0.09
0.06
0.10
0.12
0.13
0.02
0.06
0.08
0.05
0.13
0.09
