GUESS    :MOVING_SM
STARTTIME:1287856766003
ENDTIME  :1287856778892
LOCATION :Location[mProvider=network,mTime=1287856744038,mLatitude=55.749566400000006,mLongitude=12.37671915,mHasAltitude=false,mAltitude=0.0,mHasSpeed=false,mSpeed=0.0,mHasBearing=false,mBearing=0.0,mHasAccuracy=true,mAccuracy=50.0,mExtras=Bundle[mParcelledData.dataSize=148]]
ADDRESS :

0.89
1.24
1.69
0.54
1.29
0.61
0.19
0.18
0.19
0.69
0.38
1.04
1.04
0.84
0.30
0.31
0.46
0.19
0.35
0.11
0.63
0.64
0.68
0.46
1.44
0.68
0.95
0.20
0.91
0.59
0.27
0.38
0.46
0.42
0.53
0.80
0.31
1.23
0.57
0.50
0.38
0.52
0.60
0.35
0.35
0.12
0.38
0.30
0.87
0.80
0.41
0.89
0.57
1.31
0.89
1.25
0.50
0.68
1.35
0.42
1.35
2.14
2.37
0.71
1.04
0.60
0.19
1.04
0.39
0.99
0.69
0.60
0.69
0.74
2.14
2.26
1.31
2.08
0.97
0.87
0.72
1.58
0.50
0.86
0.48
0.38
0.42
0.60
0.37
0.38
0.59
0.84
0.46
0.69
0.69
0.65
0.19
1.06
0.60
0.65
0.64
0.61
0.69
0.94
0.95
0.65
0.65
0.39
0.34
0.26
0.39
0.93
1.06
1.38
0.71
0.42
0.83
0.50
0.39
0.61
0.57
0.42
1.18
0.78
0.76
0.60
0.57
0.82
0.90
1.10
0.63
1.66
2.14
2.81
1.84
0.72
1.42
2.10
1.31
1.46
0.75
0.54
0.15
1.12
0.45
0.49
1.31
0.27
1.85
0.46
0.80
0.37
0.31
0.33
0.64
0.41
0.31
0.83
0.91
0.49
0.35
0.49
0.80
0.37
0.25
0.76
0.30
0.69
0.52
0.60
0.45
0.49
0.15
0.35
0.56
0.42
0.26
0.39
1.18
0.33
1.04
0.54
0.74
0.44
0.44
0.18
0.53
0.80
0.33
0.91
0.23
1.35
0.41
1.20
0.59
0.71
0.25
0.46
0.27
0.63
0.45
0.34
0.84
0.42
0.50
0.16
0.69
0.82
0.22
0.50
0.35
0.61
0.27
0.39
0.38
0.45
0.79
0.42
0.82
0.16
0.57
0.39
0.38
0.80
0.53
0.42
0.53
0.38
0.76
0.35
0.45
0.50
1.01
0.99
0.30
0.38
0.39
0.19
0.34
0.56
0.20
0.52
0.27
0.68
0.30
0.46
0.57
0.39
0.63
0.11
0.57
0.42
0.23
0.50
0.69
0.89
