GUESS    :MOVING_SM
STARTTIME:1287857325983
ENDTIME  :1287857338932
LOCATION :Location[mProvider=network,mTime=1287857284943,mLatitude=55.749566400000006,mLongitude=12.37671915,mHasAltitude=false,mAltitude=0.0,mHasSpeed=false,mSpeed=0.0,mHasBearing=false,mBearing=0.0,mHasAccuracy=true,mAccuracy=50.0,mExtras=Bundle[mParcelledData.dataSize=148]]
ADDRESS :

0.34
0.38
0.16
0.76
0.45
0.26
0.04
0.08
0.04
0.35
0.16
0.31
0.20
0.30
0.37
0.30
0.34
0.19
0.45
0.19
0.33
0.08
0.65
0.64
0.42
0.26
0.31
0.20
0.46
0.22
0.19
0.34
0.44
0.30
0.19
0.19
0.26
0.46
0.59
0.33
0.68
0.45
0.69
0.68
0.42
0.86
0.53
0.60
0.49
0.35
0.76
0.26
0.18
0.49
0.16
0.19
0.19
0.23
0.25
0.38
0.30
0.39
0.27
0.03
0.23
0.22
0.18
0.31
0.42
0.20
0.34
0.76
1.38
0.68
0.82
1.14
0.79
1.76
1.04
0.57
1.42
0.97
0.65
0.87
1.21
0.71
0.84
0.78
0.54
0.79
0.34
0.86
0.42
0.54
0.82
0.26
0.94
1.04
0.29
0.68
0.29
0.50
0.31
0.63
0.41
0.42
0.38
0.87
1.04
1.23
1.62
1.20
0.69
1.42
1.33
0.61
0.59
1.39
1.04
1.23
0.60
1.16
0.78
0.90
0.57
0.08
0.38
0.38
0.35
0.35
0.72
1.33
0.38
0.89
0.31
0.80
0.19
0.76
0.22
0.45
1.02
1.08
1.46
1.63
0.72
0.97
0.74
0.45
0.84
0.50
0.63
0.27
0.11
0.19
0.23
0.16
0.33
0.07
0.19
0.53
0.46
0.95
0.34
0.48
1.16
0.63
0.65
0.99
0.97
1.14
1.43
1.06
1.42
2.79
1.99
1.68
1.21
1.40
1.10
1.13
1.50
0.69
0.49
0.69
0.56
1.01
0.90
1.32
0.10
1.27
0.72
1.88
1.14
0.69
0.57
1.20
1.29
0.59
0.57
0.50
0.68
0.45
0.07
0.35
0.19
0.76
0.27
0.30
0.42
0.35
0.39
0.22
1.18
0.95
0.34
0.31
0.65
1.54
1.58
0.46
1.13
0.63
0.23
0.45
0.38
0.35
0.42
0.37
0.60
0.16
0.10
0.31
0.59
0.65
0.63
0.34
0.84
0.89
0.53
0.27
0.65
0.46
0.53
0.69
0.42
0.84
0.99
1.23
0.95
0.64
0.80
0.71
0.91
0.74
0.49
0.71
