GUESS    :MOVING_SM
STARTTIME:1287857547173
ENDTIME  :1287857560061
LOCATION :Location[mProvider=network,mTime=1287857530345,mLatitude=55.749566400000006,mLongitude=12.37671915,mHasAltitude=false,mAltitude=0.0,mHasSpeed=false,mSpeed=0.0,mHasBearing=false,mBearing=0.0,mHasAccuracy=true,mAccuracy=50.0,mExtras=Bundle[mParcelledData.dataSize=148]]
ADDRESS :

0.08
1.12
0.46
0.20
0.89
1.04
1.17
0.67
0.93
0.87
1.13
0.57
1.31
1.04
0.78
2.07
0.49
0.69
0.79
0.78
0.98
0.69
0.16
0.95
0.52
1.53
0.90
0.72
0.87
0.79
0.18
0.19
0.52
0.20
0.76
0.91
0.95
1.04
1.27
0.53
0.82
0.27
0.63
0.23
0.16
1.08
0.61
0.97
0.15
0.27
1.14
0.59
1.29
0.11
0.50
0.22
0.53
0.74
0.67
1.20
0.14
0.30
0.50
0.19
0.93
0.35
0.82
1.01
0.44
0.30
0.49
0.46
0.50
0.42
0.50
0.34
0.38
0.65
0.38
0.44
0.18
0.38
0.41
0.46
0.61
0.48
0.22
0.31
0.76
0.76
0.19
0.37
0.31
0.31
1.14
0.53
0.65
0.42
0.23
1.53
0.37
0.33
0.56
0.48
0.72
0.61
0.38
0.31
0.50
0.35
0.80
0.35
0.48
0.35
0.30
0.80
0.16
0.42
0.10
0.11
0.38
0.22
0.23
0.82
0.19
0.38
0.34
0.50
0.35
0.20
0.53
0.37
0.30
0.42
0.19
0.76
0.38
1.27
0.31
0.63
0.89
0.53
0.38
0.86
0.27
0.31
0.34
0.19
0.26
0.27
0.42
0.30
0.37
0.26
0.61
0.95
0.76
0.57
0.46
0.53
0.84
0.61
0.33
0.46
0.44
0.45
0.31
0.31
0.38
0.30
0.27
0.41
0.19
0.18
0.33
0.41
0.15
0.26
0.56
0.27
0.65
0.46
0.48
0.76
0.42
0.48
0.93
0.34
0.61
0.16
0.27
0.11
0.16
0.23
0.76
0.30
0.34
0.26
0.18
0.33
0.14
0.46
0.53
0.12
0.23
0.15
0.56
0.52
0.45
0.39
0.29
0.42
0.35
0.57
0.42
0.35
0.41
0.53
0.46
0.54
0.31
0.19
0.48
0.29
0.84
0.20
0.19
0.50
0.19
0.31
0.27
0.38
0.16
0.22
0.45
0.34
0.49
0.35
0.12
0.54
0.29
0.37
0.48
0.42
0.33
0.53
0.27
0.30
0.27
0.34
0.23
0.27
0.37
0.26
0.30
0.42
