GUESS    :MOVING_SM
STARTTIME:1288369345558
ENDTIME  :1288369358859
LOCALSPD :0.0
LONGSPD  :0.0
LOCATION :Location[mProvider=network,mTime=1288369305339,mLatitude=55.58025056666667,mLongitude=13.428735833333334,mHasAltitude=false,mAltitude=0.0,mHasSpeed=false,mSpeed=0.0,mHasBearing=false,mBearing=0.0,mHasAccuracy=true,mAccuracy=75.0,mExtras=Bundle[mParcelledData.dataSize=148]]
ADDRESS :

0.27
0.08
0.11
0.18
0.19
0.15
0.11
0.26
0.37
0.15
0.37
0.08
0.16
0.27
0.27
0.12
0.15
0.04
0.20
0.19
0.04
0.12
0.27
0.19
0.23
0.41
0.61
0.80
0.97
1.72
1.95
0.78
1.31
0.57
1.29
0.65
0.93
0.80
1.61
0.83
0.91
1.35
0.94
1.04
2.75
2.72
1.33
1.99
0.64
3.69
0.61
1.92
1.06
1.53
0.72
0.23
0.64
0.22
0.76
0.27
0.23
0.22
0.26
0.35
0.50
0.22
0.86
0.46
0.45
0.89
0.34
0.53
0.65
2.14
1.92
1.27
0.76
2.04
1.50
1.80
1.23
0.53
0.61
1.42
2.49
0.60
0.93
1.58
2.41
2.08
4.29
1.24
2.41
3.09
3.75
1.83
1.38
2.11
0.99
0.80
0.79
0.71
0.37
0.61
0.27
0.38
0.46
0.68
0.08
0.39
0.69
1.91
2.52
1.04
1.40
1.54
3.88
2.33
5.28
3.08
1.46
0.95
1.72
2.42
1.88
2.48
1.42
4.11
1.42
2.45
0.50
1.14
1.77
1.14
0.72
0.61
0.57
0.57
0.31
0.84
0.25
0.46
0.59
0.46
0.91
0.15
0.35
0.39
0.84
0.53
0.91
0.91
1.18
1.76
3.41
0.69
2.45
1.14
0.31
0.19
1.08
1.95
1.08
0.84
0.23
1.39
1.61
3.41
1.62
4.39
2.49
2.60
2.51
1.40
0.68
0.57
0.57
0.37
0.94
0.34
0.19
0.42
0.78
1.04
0.19
0.38
0.42
0.31
0.26
0.30
0.38
0.34
0.42
0.57
0.23
0.34
0.48
0.69
0.57
0.15
0.29
0.35
0.16
0.12
0.67
0.61
0.23
0.45
0.33
0.63
0.53
0.22
0.08
0.54
0.27
0.59
0.53
0.27
0.44
0.45
0.35
0.38
0.37
0.59
0.11
0.30
0.65
0.80
0.69
1.44
1.95
1.42
0.93
0.68
1.27
0.61
1.13
0.99
0.54
0.79
1.57
0.22
0.42
1.12
0.46
0.89
1.54
1.02
0.38
0.57
0.46
0.76
1.09
0.64
0.46
0.68
