GUESS    :MOVING_SM
STARTTIME:1287988486201
ENDTIME  :1287988499524
LOCALSPD :0.0
LONGSPD  :0.0
LOCATION :org.peterstrand.service.LocationWrapper@4495c5e8
ADDRESS :

0.48
0.22
0.13
0.19
0.08
0.08
0.09
0.08
0.05
0.04
0.02
0.05
0.10
0.01
0.06
0.06
0.05
0.07
0.03
0.04
0.03
0.03
0.05
0.02
0.02
0.03
0.03
0.04
0.06
0.03
0.05
0.02
0.02
0.03
0.04
0.05
0.02
0.04
0.04
0.04
0.02
0.02
0.03
0.04
0.03
0.05
0.02
0.03
0.00
0.01
0.02
0.01
0.06
0.01
0.03
0.05
0.03
0.03
0.04
0.03
0.03
0.01
0.01
0.02
0.02
0.03
0.01
0.02
0.02
0.01
0.01
0.02
0.02
0.01
0.02
0.02
0.04
0.02
0.02
0.02
0.01
0.01
0.01
0.03
0.03
0.01
0.02
0.06
0.05
0.04
0.04
0.02
0.01
0.02
0.02
0.02
0.01
0.01
0.01
0.01
0.02
0.02
0.02
0.03
0.03
0.05
0.02
0.01
0.02
0.01
0.01
0.02
0.01
0.04
0.02
0.03
0.03
0.02
0.03
0.01
0.03
0.04
0.03
0.02
0.04
0.01
0.05
0.02
