GUESS    :MOVING_SM
STARTTIME:1287989005485
ENDTIME  :1287989018414
LOCALSPD :0.0
LONGSPD  :5.2765217
LOCATION :org.peterstrand.service.LocationWrapper@44ae4250
ADDRESS :

0.21
0.03
0.04
0.02
0.02
0.02
0.02
0.01
0.02
0.01
0.01
0.02
0.01
0.01
0.01
0.02
0.02
0.02
0.02
0.02
0.01
0.01
0.01
0.01
0.01
0.02
0.01
0.01
0.02
0.02
0.02
0.01
0.00
0.02
0.01
0.01
0.00
0.01
0.02
0.00
0.01
0.01
0.01
0.01
0.01
0.00
0.01
0.01
0.02
0.00
0.00
0.01
0.00
0.00
0.02
0.02
0.03
0.01
0.01
0.01
0.01
0.02
0.01
0.00
0.00
0.00
0.00
0.02
0.01
0.01
0.01
0.01
0.01
0.01
0.02
0.01
0.01
0.01
0.01
0.02
0.01
0.00
0.01
0.01
0.01
0.01
0.01
0.01
0.01
0.00
0.00
0.01
0.01
0.01
0.01
0.00
0.01
0.01
0.02
0.03
0.02
0.01
0.01
0.01
0.02
0.01
0.01
0.01
0.01
0.01
0.01
0.01
0.01
0.02
0.00
0.01
0.01
0.01
0.00
0.02
0.01
0.01
0.02
0.00
0.02
0.00
0.02
0.01
