GUESS    :MOVING_SM
STARTTIME:1287989216885
ENDTIME  :1287989229904
LOCALSPD :0.0
LONGSPD  :1.8628256
LOCATION :org.peterstrand.service.LocationWrapper@44abf350
ADDRESS :

0.61
0.16
0.05
0.07
0.03
0.03
0.02
0.07
0.03
0.03
0.04
0.04
0.02
0.00
0.01
0.02
0.05
0.04
0.05
0.04
0.06
0.02
0.01
0.06
0.04
0.02
0.04
0.05
0.03
0.02
0.03
0.04
0.04
0.05
0.01
0.02
0.02
0.02
0.02
0.03
0.02
0.02
0.01
0.01
0.00
0.01
0.02
0.02
0.01
0.03
0.00
0.06
0.02
0.03
0.01
0.01
0.00
0.01
0.02
0.02
0.02
0.01
0.01
0.00
0.03
0.02
0.03
0.02
0.03
0.04
0.02
0.01
0.02
0.01
0.02
0.00
0.02
0.00
0.02
0.01
0.03
0.01
0.02
0.01
0.01
0.03
0.02
0.02
0.04
0.02
0.03
0.04
0.01
0.04
0.00
0.01
0.02
0.02
0.02
0.02
0.01
0.03
0.03
0.02
0.04
0.05
0.04
0.03
0.02
0.03
0.03
0.02
0.02
0.02
0.06
0.05
0.03
0.03
0.06
0.03
0.00
0.07
0.03
0.03
0.02
0.08
0.03
0.01
