GUESS    :MOVING_ME
STARTTIME:1287987295268
ENDTIME  :1287987308227
LOCALSPD :0.0
LONGSPD  :-1.0
LOCATION :org.peterstrand.service.LocationWrapper@44ae5458
ADDRESS :

1.97
0.49
0.71
1.03
0.50
0.19
0.71
0.47
0.49
0.64
0.14
0.35
0.76
0.31
0.45
0.81
0.21
0.32
0.57
0.17
0.16
0.21
0.19
0.31
0.51
0.34
0.34
0.24
0.19
0.13
0.11
0.35
0.28
0.08
0.37
0.28
0.14
0.14
0.35
0.21
0.17
0.29
0.17
0.22
0.12
0.32
0.21
0.32
0.26
0.35
0.34
0.25
0.25
0.28
0.29
0.31
0.32
0.37
0.21
0.32
0.33
0.23
0.28
0.21
0.24
0.13
0.32
0.05
0.26
0.25
0.07
0.07
0.10
0.02
0.13
0.19
0.11
0.22
0.14
0.08
0.16
0.14
0.10
0.11
0.25
0.17
0.14
0.05
0.16
0.09
0.11
0.17
0.21
0.22
0.08
0.24
0.10
0.16
0.11
0.15
0.17
0.11
0.27
0.12
0.12
0.12
0.14
0.17
0.19
0.25
0.16
0.18
0.17
0.13
0.15
0.24
0.11
0.13
0.17
0.13
0.26
0.08
0.06
0.22
0.05
0.04
0.17
0.20
