GUESS    :MOVING_ME
STARTTIME:1287987683405
ENDTIME  :1287987698035
LOCALSPD :0.0
LONGSPD  :0.0
LOCATION :org.peterstrand.service.LocationWrapper@44aadaa0
ADDRESS :

1.60
0.25
0.55
0.73
0.23
0.60
0.39
0.44
0.32
0.40
0.67
0.30
0.53
0.35
0.62
0.32
0.40
0.35
0.22
0.63
0.46
0.47
0.45
0.42
0.55
0.18
0.55
0.27
0.33
0.43
0.31
0.38
0.23
0.44
0.30
0.26
0.43
0.32
0.52
0.22
0.42
0.32
0.28
0.41
0.16
0.23
0.26
0.31
0.40
0.33
0.36
0.20
0.31
0.26
0.23
0.25
0.24
0.27
0.20
0.28
0.27
0.29
0.30
0.30
0.25
0.16
0.17
0.21
0.11
0.14
0.25
0.24
0.20
0.33
0.13
0.24
0.20
0.07
0.22
0.22
0.16
0.16
0.18
0.27
0.14
0.23
0.11
0.10
0.01
0.17
0.14
0.02
0.13
0.08
0.02
0.08
0.18
0.13
0.06
0.23
0.19
0.07
0.11
0.10
0.01
0.08
0.14
0.06
0.12
0.19
0.12
0.10
0.06
0.12
0.15
0.04
0.09
0.12
0.04
0.17
0.12
0.12
0.21
0.12
0.12
0.06
0.11
0.05
