GUESS    :MOVING_ME
STARTTIME:1287987981485
ENDTIME  :1287987994414
LOCALSPD :0.0
LONGSPD  :0.0
LOCATION :org.peterstrand.service.LocationWrapper@44af33f0
ADDRESS :

1.33
0.65
0.89
1.12
0.90
0.59
1.99
0.82
2.81
1.40
1.04
2.02
2.11
2.07
2.57
1.35
3.01
3.09
2.98
2.66
0.50
2.21
1.25
4.63
1.73
2.98
0.99
1.97
0.65
1.18
0.84
1.20
1.42
2.07
1.36
1.73
1.80
2.63
2.22
1.47
1.42
0.80
1.28
0.26
0.84
1.65
0.23
2.72
4.69
4.41
3.34
2.64
2.83
0.74
1.58
1.63
0.50
2.33
1.08
2.60
1.92
2.07
1.12
0.74
2.15
3.11
1.99
1.50
1.16
2.26
1.73
0.57
1.97
1.50
1.58
1.31
0.69
1.40
1.81
2.37
1.74
1.40
2.71
2.90
2.11
1.83
3.11
1.27
2.67
3.39
1.73
0.87
0.57
1.13
1.08
2.22
1.18
4.99
6.95
3.64
10.91
5.83
3.96
0.15
3.45
3.50
3.64
1.96
3.41
2.04
0.31
1.35
1.32
1.14
0.39
1.33
0.46
0.61
0.46
0.56
0.53
0.42
0.08
0.25
0.69
0.46
0.42
0.27
0.42
0.31
0.25
0.23
0.27
0.42
0.72
1.18
0.54
0.65
0.61
0.49
0.45
0.30
0.08
0.15
0.08
0.08
0.18
0.07
0.33
0.30
0.31
0.31
0.53
1.73
1.53
0.57
0.34
0.34
0.74
0.44
0.08
0.34
0.08
0.27
0.34
0.34
0.23
0.50
0.52
0.26
0.83
0.15
0.41
0.11
0.22
0.38
0.29
0.31
0.12
0.19
0.61
0.46
0.42
0.26
0.27
0.39
0.26
0.59
0.64
0.34
0.15
0.31
0.57
0.86
0.15
0.68
0.82
1.04
0.44
0.57
0.65
0.72
0.89
1.24
0.52
0.34
0.39
0.67
0.71
0.38
0.38
0.34
0.97
0.46
0.84
1.08
0.08
0.72
0.27
1.16
1.04
0.90
1.23
0.99
0.90
0.53
0.46
1.61
0.57
0.61
0.84
0.80
0.65
0.65
0.22
0.93
1.23
1.28
1.91
1.40
2.45
1.65
0.54
1.88
1.88
0.75
2.79
1.29
1.23
0.61
1.58
0.97
0.69
0.82
0.27
0.76
