GUESS    :WALKING
STARTTIME:1287988033536
ENDTIME  :1287988046744
LOCALSPD :0.0
LONGSPD  :0.0
LOCATION :org.peterstrand.service.LocationWrapper@44a9ff78
ADDRESS :

2.62
2.18
1.50
5.83
14.60
13.99
10.92
6.02
2.32
3.46
1.69
1.59
0.49
0.94
0.95
1.08
0.12
1.04
1.50
2.27
4.07
4.05
3.50
2.83
2.15
1.43
1.47
1.44
1.23
3.72
2.00
5.03
5.56
6.25
5.41
3.34
3.32
6.73
5.72
1.65
3.68
6.17
8.64
15.23
4.90
4.02
6.82
8.66
2.81
6.55
5.58
15.08
12.53
1.53
4.03
5.83
4.17
1.81
12.61
12.72
9.83
5.33
4.00
2.34
4.75
5.92
2.81
6.58
3.49
12.97
18.35
3.84
2.63
4.22
6.63
1.51
6.13
10.43
8.13
16.28
5.79
1.96
4.21
6.32
5.16
4.33
8.05
17.50
22.79
5.60
2.74
4.06
5.54
5.72
2.45
12.71
12.60
13.48
6.47
3.41
2.47
4.97
5.57
2.97
4.90
4.67
7.34
15.94
4.77
2.53
4.29
6.17
3.83
2.41
11.33
10.11
6.44
9.89
3.94
3.05
3.75
6.55
5.67
4.24
8.27
13.84
18.01
7.98
2.56
3.96
3.80
6.62
2.48
6.16
6.78
9.59
12.53
5.78
3.23
3.11
7.10
5.50
5.12
4.44
4.26
4.03
8.58
3.16
1.97
2.52
4.20
2.71
4.63
13.59
6.43
7.45
2.76
3.76
0.97
3.98
4.29
3.99
2.72
5.39
5.00
2.11
4.32
3.69
6.05
3.09
1.92
1.47
3.99
2.49
1.62
2.83
1.31
1.92
0.84
2.91
1.61
1.33
0.93
0.99
1.04
1.84
0.90
1.08
1.46
1.95
0.76
1.35
2.03
0.94
0.95
1.53
1.46
2.72
0.91
1.61
2.18
2.52
0.76
1.92
1.51
2.11
2.04
1.12
1.85
1.68
0.19
1.04
1.17
1.61
1.01
2.06
0.56
0.65
0.87
0.38
0.87
0.99
0.61
0.27
2.87
1.97
1.83
1.27
1.14
0.99
0.95
4.21
1.78
2.19
1.96
2.22
1.88
2.52
2.30
0.71
0.76
0.99
1.04
1.46
0.91
3.01
3.47
4.37
2.17
1.08
0.74
0.23
0.38
0.94
0.84
1.58
