GUESS    :MOVING_ME
STARTTIME:1287988205615
ENDTIME  :1287988220346
LOCALSPD :0.07815727
LONGSPD  :0.03189026
LOCATION :org.peterstrand.service.LocationWrapper@44b2d250
ADDRESS :

1.33
0.60
0.46
0.17
0.50
0.61
0.31
0.20
0.34
0.13
0.30
0.05
0.06
0.11
0.20
0.18
0.10
0.06
0.16
0.11
0.06
0.14
0.19
0.08
0.12
0.10
0.26
0.09
0.16
0.24
0.25
0.11
0.13
0.18
0.25
0.09
0.11
0.05
0.21
0.15
0.16
0.06
0.16
0.19
0.18
0.09
0.09
0.11
0.17
0.13
0.15
0.14
0.03
0.06
0.13
0.18
0.10
0.01
0.11
0.12
0.15
0.12
0.04
0.05
0.03
0.15
0.04
0.11
0.03
0.07
0.05
0.08
0.03
0.08
0.06
0.06
0.05
0.07
0.08
0.02
0.09
0.13
0.05
0.07
0.08
0.07
0.06
0.12
0.06
0.11
0.08
0.11
0.05
0.13
0.11
0.17
0.06
0.04
0.13
0.13
0.02
0.12
0.07
0.09
0.06
0.04
0.10
0.07
0.06
0.05
0.01
0.15
0.09
0.09
0.07
0.01
0.13
0.06
0.08
0.16
0.05
0.07
0.06
0.11
0.10
0.13
0.05
0.14
