GUESS    :WALKING
STARTTIME:1289900721998
ENDTIME  :1289900737388
LOCALSPD :0.0
LONGSPD  :-1.0
LOCATION :Location[mProvider=network,mTime=1289900719585,mLatitude=55.7495518,mLongitude=12.376704733333334,mHasAltitude=false,mAltitude=0.0,mHasSpeed=false,mSpeed=0.0,mHasBearing=false,mBearing=0.0,mHasAccuracy=true,mAccuracy=50.0,mExtras=Bundle[mParcelledData.dataSize=148]]
ADDRESS :

0.80
2.29
2.37
4.29
1.31
0.61
0.99
0.76
0.74
1.31
4.21
3.55
2.81
1.33
0.71
1.05
0.91
0.53
0.87
0.45
0.84
0.67
1.02
1.10
2.18
1.97
2.91
2.41
1.73
1.10
0.65
0.72
1.33
1.27
1.24
1.04
0.63
0.95
2.02
1.62
2.44
1.46
0.89
1.04
0.99
1.10
0.54
1.08
1.27
0.45
0.64
0.49
0.68
1.84
4.64
2.15
1.39
2.22
1.76
0.30
0.42
1.50
1.92
3.60
2.37
3.49
2.81
1.27
1.33
0.60
0.23
0.67
1.48
0.93
0.95
2.30
3.19
1.51
1.44
1.72
1.42
0.42
2.67
1.12
2.33
4.05
2.57
2.68
1.72
3.17
1.44
0.42
0.89
0.74
0.78
1.31
4.06
4.78
2.52
0.75
1.59
0.42
1.38
1.27
2.36
2.22
3.80
2.68
1.08
0.80
1.32
0.67
0.04
0.52
1.96
1.73
2.57
6.92
1.88
3.91
2.64
3.94
3.72
3.68
0.79
1.04
2.30
1.47
1.28
1.17
1.87
3.06
0.98
0.93
1.91
2.22
3.38
3.28
1.61
3.91
1.48
0.65
2.57
3.34
3.26
2.79
2.85
2.60
4.40
3.96
2.76
3.94
2.22
2.91
2.96
2.15
2.57
1.63
1.69
1.99
1.61
0.39
2.02
0.64
1.50
3.58
3.01
1.91
1.04
1.27
0.84
1.92
1.20
1.58
2.34
3.21
2.34
2.22
1.09
0.35
0.42
0.46
0.72
0.93
1.76
1.85
4.60
1.99
1.04
1.42
1.31
0.80
1.18
2.38
0.95
2.64
5.54
2.29
2.03
1.18
0.76
1.08
1.53
2.60
1.53
2.49
4.18
1.23
0.68
1.73
1.17
1.04
1.44
2.53
2.85
2.53
0.61
1.58
0.89
2.72
2.30
2.00
0.79
1.46
1.92
0.53
2.42
1.50
0.71
1.14
1.14
0.97
1.20
1.04
1.42
0.56
1.08
1.50
1.68
0.64
1.78
1.93
1.12
0.23
0.90
0.53
1.04
0.25
0.38
0.69
0.69
0.34
0.35
0.35
0.72
0.98
