GUESS    :MOVING_SM
STARTTIME:1289902013668
ENDTIME  :1289902028977
LOCALSPD :0.0
LONGSPD  :0.0
LOCATION :Location[mProvider=network,mTime=1289902026070,mLatitude=55.74965927999999,mLongitude=12.37652304,mHasAltitude=false,mAltitude=0.0,mHasSpeed=false,mSpeed=0.0,mHasBearing=false,mBearing=0.0,mHasAccuracy=true,mAccuracy=25.0,mExtras=Bundle[mParcelledData.dataSize=148]]
ADDRESS :

1.84
1.01
0.22
0.48
0.69
1.25
0.83
5.43
4.30
2.79
1.84
1.31
1.29
0.93
0.54
0.53
0.74
0.23
1.33
3.70
3.28
3.45
4.06
1.23
1.97
1.04
1.91
1.65
1.88
1.27
0.52
4.71
3.38
2.22
1.65
1.29
0.84
0.89
1.10
0.12
0.42
0.80
0.87
2.14
1.88
2.15
1.05
1.93
4.43
0.98
1.46
1.84
0.89
0.72
0.42
1.16
0.35
3.84
2.30
1.50
2.41
1.08
1.13
0.61
0.31
0.16
0.15
0.27
1.63
0.57
2.64
1.58
2.53
3.21
2.06
1.55
0.71
0.35
0.78
0.91
0.89
0.89
0.95
0.79
2.08
1.43
2.52
0.50
0.61
1.21
1.61
1.65
2.66
1.80
1.39
1.14
1.68
1.29
2.07
3.06
5.09
2.45
1.99
1.69
1.48
2.10
0.48
1.69
0.83
1.73
2.23
1.42
3.12
0.87
1.29
1.06
1.14
0.75
0.60
0.50
0.39
0.14
1.39
2.08
2.33
1.54
1.01
0.57
2.29
1.62
1.96
0.84
1.14
0.89
0.34
1.28
1.38
0.67
0.64
1.33
2.51
0.91
1.05
0.54
0.54
0.11
0.91
0.75
0.23
0.19
0.25
0.50
0.72
0.53
0.38
0.84
0.94
1.62
2.45
1.08
1.10
1.42
1.46
1.02
0.61
0.42
0.54
0.56
0.25
0.53
0.23
0.60
2.97
1.69
1.76
0.38
0.41
1.77
0.95
0.93
0.35
1.14
1.05
0.69
0.41
0.60
0.57
0.65
1.21
1.24
1.62
2.22
2.26
0.94
0.91
1.16
0.69
0.44
0.99
0.84
0.57
0.31
0.49
0.82
1.06
2.03
2.72
1.09
1.77
1.35
1.18
0.38
0.41
0.89
0.53
0.31
0.57
0.50
2.07
1.38
4.22
2.15
0.69
0.65
1.21
1.16
1.40
1.08
0.83
0.60
0.33
0.46
0.65
0.84
0.65
1.83
3.50
1.09
1.16
0.94
0.42
0.60
0.23
0.46
0.45
0.99
0.69
0.53
2.11
1.70
4.52
1.20
0.90
1.44
0.68
1.18
