GUESS    :WALKING
STARTTIME:1288629923220
ENDTIME  :1288629936679
LOCALSPD :0.0
LONGSPD  :-1.0
LOCATION :Location[mProvider=network,mTime=1288629926473,mLatitude=55.7508011,mLongitude=12.3783962,mHasAltitude=false,mAltitude=0.0,mHasSpeed=false,mSpeed=0.0,mHasBearing=false,mBearing=0.0,mHasAccuracy=true,mAccuracy=164.0,mExtras=Bundle[mParcelledData.dataSize=148]]
ADDRESS :

7.80
11.80
3.23
3.06
5.19
1.18
7.93
7.19
5.03
5.05
5.87
6.28
4.78
5.79
6.51
6.59
5.83
8.39
7.30
2.34
3.02
2.70
6.29
5.46
11.85
13.29
3.24
4.05
4.71
5.42
17.43
11.41
13.78
10.24
5.49
3.99
10.75
4.10
14.51
16.96
4.52
5.60
4.10
3.23
3.36
6.48
3.57
5.01
6.43
4.78
4.66
7.59
3.66
3.69
2.02
6.76
6.78
7.45
6.97
3.15
3.90
2.79
1.73
1.70
2.11
5.71
1.65
11.92
7.18
4.17
3.60
4.33
1.53
2.06
5.13
6.78
7.44
5.48
9.41
2.02
4.06
2.47
2.19
3.28
6.21
3.84
4.14
8.36
8.64
4.14
2.04
0.68
1.44
0.86
9.32
4.49
13.46
12.72
2.56
2.70
2.59
0.95
0.99
3.17
5.65
2.48
10.66
11.97
1.42
2.22
2.11
1.25
2.23
3.75
3.98
8.08
9.08
3.35
3.69
3.90
1.32
2.49
0.65
6.24
2.27
6.70
6.91
4.20
4.02
4.82
0.79
1.73
3.12
4.37
4.56
5.12
7.16
9.28
1.63
2.56
2.04
2.07
4.41
0.42
4.66
1.42
3.30
7.86
8.04
3.06
1.72
1.33
1.53
1.16
2.02
3.41
3.38
10.66
11.80
3.55
3.66
2.26
1.99
2.56
1.99
1.95
5.87
3.53
10.81
2.76
6.51
2.11
3.80
0.75
2.79
1.08
5.98
4.10
0.84
10.23
5.94
5.52
2.90
2.82
1.08
2.14
1.12
3.49
6.39
1.47
6.36
10.26
3.60
1.92
2.66
2.82
0.89
0.79
6.48
4.99
8.62
4.90
6.82
3.47
2.87
1.88
1.55
5.42
2.41
7.86
2.19
7.31
8.24
6.09
3.60
3.01
2.53
1.58
1.66
6.92
5.46
3.11
13.85
11.17
2.76
2.38
3.79
0.97
3.64
1.50
5.04
2.70
3.45
7.34
8.42
2.06
1.62
1.69
0.99
1.59
5.26
3.35
8.51
5.64
3.26
3.53
4.20
0.94
1.81
2.87
0.57
8.49
3.11
4.63
10.76
10.23
