GUESS    :MOVING_ME
STARTTIME:1288629806579
ENDTIME  :1288629819659
LOCALSPD :3.878363
LONGSPD  :-1.0
LOCATION :Location[mProvider=network,mTime=1288629807990,mLatitude=55.75097251428571,mLongitude=12.381524757142857,mHasAltitude=false,mAltitude=0.0,mHasSpeed=false,mSpeed=0.0,mHasBearing=false,mBearing=0.0,mHasAccuracy=true,mAccuracy=71.0,mExtras=Bundle[mParcelledData.dataSize=148]]
ADDRESS :

16.21
12.11
9.66
8.24
3.57
6.47
8.19
1.65
9.43
4.29
3.69
6.81
2.82
3.42
0.76
2.78
5.52
2.29
4.10
2.62
1.12
1.73
2.53
2.85
1.95
2.07
3.02
1.76
2.62
2.33
2.14
0.69
2.02
3.51
2.19
2.62
1.74
1.88
0.67
4.18
2.47
3.90
1.04
4.09
1.46
1.50
2.00
1.06
2.57
5.20
3.83
5.05
2.48
3.84
2.14
2.86
2.19
1.59
2.06
0.89
0.15
2.47
1.80
2.26
1.51
6.02
1.16
3.61
3.38
3.76
2.15
2.23
4.78
2.87
4.03
4.03
3.88
2.22
1.38
3.36
2.83
1.09
2.18
1.47
0.94
1.51
1.99
3.46
1.38
3.39
0.89
2.62
0.76
4.06
1.31
3.49
0.89
0.84
1.65
2.18
1.14
0.19
2.12
1.10
1.46
0.90
2.83
1.29
2.14
1.01
2.34
1.01
3.45
2.97
4.71
4.52
4.67
3.50
0.80
2.34
2.22
1.20
1.29
3.41
2.66
2.45
5.63
3.69
1.72
0.74
1.51
1.73
0.79
1.92
0.72
2.15
1.20
0.87
4.06
2.03
2.29
2.30
1.40
2.78
1.32
2.36
2.15
2.98
4.63
1.57
3.30
6.29
2.78
4.81
0.90
2.18
1.76
1.50
1.50
0.78
0.86
2.75
1.69
1.63
1.76
2.57
2.68
0.84
2.68
1.97
1.95
2.26
0.87
6.77
4.86
0.84
2.30
2.26
4.28
3.45
2.19
2.06
1.73
1.92
1.81
2.72
4.52
2.23
0.68
1.85
1.65
0.97
1.44
1.43
1.57
1.54
1.21
1.18
1.72
2.49
2.14
2.48
0.22
0.72
1.27
1.50
0.76
0.82
1.39
0.78
1.06
1.96
1.16
2.72
0.87
2.53
3.30
2.98
2.00
3.95
1.29
3.41
1.73
1.13
2.98
3.27
0.99
1.95
2.45
2.64
1.10
2.45
2.86
2.53
1.27
3.50
1.83
1.47
2.83
2.49
2.56
2.71
1.95
3.06
1.62
1.35
3.04
1.12
1.63
0.89
1.65
1.68
0.78
1.10
1.14
1.14
