GUESS    :MOVING_ME
STARTTIME:1288629832550
ENDTIME  :1288629845439
LOCALSPD :3.878363
LONGSPD  :-1.0
LOCATION :Location[mProvider=network,mTime=1288629807990,mLatitude=55.75097251428571,mLongitude=12.381524757142857,mHasAltitude=false,mAltitude=0.0,mHasSpeed=false,mSpeed=0.0,mHasBearing=false,mBearing=0.0,mHasAccuracy=true,mAccuracy=71.0,mExtras=Bundle[mParcelledData.dataSize=148]]
ADDRESS :

2.15
0.19
0.17
0.20
0.28
0.08
0.28
0.29
0.22
0.40
0.19
0.23
0.26
0.13
0.09
0.18
0.03
0.15
0.31
0.19
0.12
0.16
0.14
0.19
0.23
0.14
0.04
0.25
0.16
0.11
0.10
0.09
0.04
0.18
0.16
0.12
0.04
0.05
0.40
0.14
0.13
0.11
0.27
0.11
0.03
0.10
0.11
0.23
0.05
0.04
0.15
0.33
0.16
0.09
0.05
0.15
0.04
0.22
0.03
0.20
0.14
0.05
0.12
0.10
0.07
0.22
0.10
0.06
0.29
0.04
0.16
0.08
0.08
0.04
0.13
0.09
0.12
0.06
0.10
0.10
0.09
0.10
0.17
0.08
0.14
0.24
0.05
0.11
0.09
0.11
0.17
0.13
0.09
0.08
0.13
0.09
0.09
0.03
0.05
0.09
0.05
0.14
0.23
0.11
0.15
0.08
0.10
0.10
0.08
0.08
0.17
0.25
0.05
0.22
0.08
0.11
0.09
0.08
0.18
0.05
0.07
0.16
0.09
0.21
0.09
0.06
0.05
0.11
