GUESS    :MOVING_SM
STARTTIME:1291050815247
ENDTIME  :1291050829531
LOCALSPD :-1.0
LONGSPD  :-1.0
LOCATION :Location[mProvider=network,mTime=1291050825817,mLatitude=55.7495317,mLongitude=12.376730875000002,mHasAltitude=false,mAltitude=0.0,mHasSpeed=false,mSpeed=0.0,mHasBearing=false,mBearing=0.0,mHasAccuracy=true,mAccuracy=50.0,mExtras=Bundle[mParcelledData.dataSize=148]]
ADDRESS :

0.50
0.20
0.04
0.18
0.42
0.18
0.15
0.20
0.19
0.19
0.07
0.07
0.11
0.19
0.57
1.51
0.63
0.23
0.34
0.34
0.16
0.38
0.38
0.53
0.42
0.12
0.39
0.38
0.12
0.07
0.31
0.35
0.34
0.35
0.39
0.18
0.19
0.35
0.25
0.15
0.10
0.27
0.16
0.20
0.30
0.53
0.16
0.16
0.23
0.25
0.22
0.31
0.20
0.38
0.15
0.15
0.54
1.36
0.26
0.89
0.89
0.39
0.38
0.39
0.38
0.35
0.16
0.53
0.89
0.27
0.27
0.08
0.08
0.16
0.08
0.12
0.12
0.38
0.34
0.53
0.41
0.39
0.52
0.37
0.54
0.35
0.33
0.35
0.45
1.01
0.11
0.38
1.04
1.61
1.58
1.16
0.54
0.56
0.20
0.35
0.38
0.68
0.61
0.61
0.61
0.12
0.53
0.44
0.72
1.14
0.79
0.80
0.56
0.50
0.46
0.50
0.80
0.23
0.95
0.61
0.50
0.54
0.49
0.23
0.15
0.30
0.27
0.19
0.25
0.38
0.54
0.31
0.61
0.95
0.11
0.49
0.44
0.59
0.37
1.10
1.31
0.57
0.46
0.68
0.27
0.68
0.44
0.67
0.37
0.76
0.87
0.33
0.08
0.42
0.50
1.08
0.35
0.11
0.57
0.38
0.29
0.52
1.04
0.74
0.63
0.72
0.35
0.42
0.65
0.93
0.72
0.50
0.37
0.15
0.22
0.46
0.53
1.17
0.65
0.30
0.31
0.11
0.23
0.16
0.26
0.41
0.23
1.72
0.89
0.39
0.38
0.67
0.69
0.69
0.45
0.91
0.89
0.45
0.30
0.48
0.34
0.39
0.16
0.45
0.95
1.33
0.41
0.19
0.20
0.34
0.46
0.46
1.08
1.20
1.65
0.99
0.34
0.38
0.97
0.31
0.56
1.35
1.12
0.53
0.18
0.19
0.42
0.99
1.61
0.23
0.42
0.54
0.54
0.49
0.64
0.49
0.14
0.68
0.61
0.42
0.23
0.10
0.12
0.23
0.15
0.25
0.23
0.35
0.23
0.30
0.35
0.61
0.54
0.39
0.65
1.06
