GUESS    :MOVING_HI
STARTTIME:1291050857418
ENDTIME  :1291050871275
LOCALSPD :0.0
LONGSPD  :-1.0
LOCATION :Location[mProvider=network,mTime=1291050825817,mLatitude=55.7495317,mLongitude=12.376730875000002,mHasAltitude=false,mAltitude=0.0,mHasSpeed=false,mSpeed=0.0,mHasBearing=false,mBearing=0.0,mHasAccuracy=true,mAccuracy=50.0,mExtras=Bundle[mParcelledData.dataSize=148]]
ADDRESS :

5.28
6.05
2.73
2.31
1.02
1.37
1.21
0.40
0.82
1.32
0.57
0.86
0.54
0.97
1.14
0.43
0.48
1.36
1.12
0.40
0.57
0.52
0.55
0.47
0.81
0.91
0.89
0.80
1.11
1.40
1.11
1.12
1.09
1.11
1.19
1.35
1.32
1.11
1.07
0.83
0.67
0.86
0.61
0.43
0.76
0.63
0.99
0.74
0.45
1.03
0.87
0.71
0.99
0.29
0.22
0.36
0.35
0.32
0.85
0.86
0.32
0.57
0.25
0.26
0.45
0.10
0.47
0.66
0.23
0.39
0.65
0.62
0.82
1.05
0.63
0.54
0.69
0.37
0.37
0.14
0.35
0.34
0.20
0.15
0.20
0.31
0.21
0.43
0.86
0.83
0.94
0.88
0.54
0.35
0.30
0.39
0.63
0.47
0.35
0.26
0.17
0.27
0.23
0.27
0.13
0.37
0.63
0.55
0.52
0.61
0.65
0.34
0.30
0.28
0.33
0.40
0.20
0.26
0.33
0.25
0.07
0.28
0.16
0.46
0.57
0.41
0.23
0.08
