GUESS    :MOVING_SM
STARTTIME:1288183001653
ENDTIME  :1288183014544
LOCALSPD :0.0
LONGSPD  :11.111828
LOCATION :Location[mProvider=network,mTime=1288182979100,mLatitude=55.743325,mLongitude=12.452958,mHasAltitude=false,mAltitude=0.0,mHasSpeed=false,mSpeed=0.0,mHasBearing=false,mBearing=0.0,mHasAccuracy=true,mAccuracy=718.0,mExtras=Bundle[mParcelledData.dataSize=148]]
ADDRESS :

1.01
0.80
0.65
0.35
0.34
0.27
0.18
0.23
0.12
0.19
0.19
0.34
0.08
0.12
0.56
0.53
1.08
0.27
1.16
0.84
0.93
0.27
1.27
0.26
0.98
0.35
0.42
0.52
0.22
0.12
0.69
0.27
0.61
0.52
0.35
0.20
0.08
0.82
0.65
1.42
1.25
0.60
1.48
0.52
0.97
0.80
0.63
1.01
0.57
1.12
0.46
0.29
0.86
0.48
0.61
0.84
0.46
1.48
0.53
0.82
0.16
1.54
0.95
0.63
0.33
0.41
0.22
0.39
0.39
1.20
0.64
1.16
0.95
0.89
0.80
0.72
1.17
0.31
0.12
0.35
0.53
0.37
0.34
0.50
0.38
1.04
1.23
0.46
1.25
1.12
0.63
1.74
1.06
2.33
4.10
3.83
0.84
0.79
0.61
0.52
0.23
0.82
0.38
0.52
0.82
0.29
1.12
0.93
0.91
0.49
0.50
1.10
1.14
0.57
0.42
0.22
0.31
0.20
0.35
0.27
0.27
0.30
0.15
0.37
0.80
0.54
0.59
0.31
0.27
0.53
0.11
0.57
0.69
0.50
0.46
0.61
0.20
0.50
0.30
0.27
0.25
0.76
0.60
0.20
0.37
0.18
0.27
0.12
0.16
0.56
0.38
0.98
0.65
0.46
0.95
0.78
0.84
0.35
0.61
0.12
0.82
0.27
1.02
0.12
0.33
0.19
0.61
0.39
0.57
0.53
0.19
0.95
0.46
0.84
0.59
0.22
0.65
0.25
0.45
0.20
0.35
0.23
0.12
0.19
0.42
0.49
0.76
0.91
0.97
1.13
0.39
0.50
0.59
0.48
0.72
0.38
0.48
0.39
0.12
0.19
0.42
0.45
0.65
0.41
0.31
0.12
0.54
0.42
0.30
0.29
0.46
0.59
0.35
0.52
0.27
0.23
0.20
0.19
0.11
0.44
0.54
0.67
0.22
0.38
0.16
0.20
0.31
0.19
0.20
0.42
0.46
0.45
0.42
0.38
0.39
0.68
0.14
0.46
0.72
0.38
0.65
0.38
0.19
0.19
0.15
0.27
0.35
0.33
0.54
0.35
0.42
0.46
0.53
0.38
0.23
0.22
