GUESS    :MOVING_SM
STARTTIME:1288183107113
ENDTIME  :1288183121092
LOCALSPD :0.28731945
LONGSPD  :5.593728
LOCATION :Location[mProvider=network,mTime=1288183109045,mLatitude=55.747334,mLongitude=12.423157,mHasAltitude=false,mAltitude=0.0,mHasSpeed=false,mSpeed=0.0,mHasBearing=false,mBearing=0.0,mHasAccuracy=true,mAccuracy=1169.0,mExtras=Bundle[mParcelledData.dataSize=148]]
ADDRESS :

0.50
0.74
1.09
0.20
0.22
0.65
1.69
1.06
1.35
0.67
0.80
1.06
0.60
0.87
0.93
0.65
0.35
0.19
0.46
0.64
0.15
0.20
0.20
0.23
0.74
0.54
0.72
0.57
0.69
1.65
0.95
0.12
0.65
0.82
1.10
0.57
1.33
1.16
0.86
0.49
0.31
0.30
1.43
0.69
1.17
0.07
0.82
0.30
0.19
0.65
0.78
0.86
1.04
0.91
0.34
0.80
0.25
0.69
0.39
0.35
0.22
0.76
0.31
0.60
0.38
0.14
0.49
0.23
0.80
0.65
0.15
0.45
0.57
0.75
0.45
1.10
1.31
1.21
0.76
0.29
0.57
0.38
1.12
1.27
1.29
0.57
1.93
1.77
0.72
0.80
1.50
1.04
0.97
1.16
0.84
0.65
0.61
0.57
1.76
0.72
1.54
0.61
0.38
0.19
0.19
0.59
1.04
0.31
0.38
2.14
1.68
1.16
1.17
0.07
0.65
0.56
0.44
1.33
0.67
0.69
0.45
1.46
0.69
1.10
0.26
0.23
0.84
0.29
0.34
1.20
1.35
1.10
0.90
1.38
1.28
1.48
2.29
1.08
0.42
1.02
0.84
0.15
0.27
0.97
0.65
0.94
0.87
0.99
1.27
0.46
0.69
1.21
0.80
1.16
1.87
1.72
1.01
3.39
2.79
5.13
3.64
1.16
0.91
0.56
0.59
1.18
0.42
0.91
0.84
0.50
0.79
2.55
1.40
1.81
0.86
0.84
1.05
1.17
0.67
0.76
0.35
0.44
0.41
0.72
0.67
0.84
0.30
0.75
0.67
0.41
1.42
1.16
0.69
0.49
0.07
0.26
0.23
0.50
0.49
0.97
1.14
1.02
1.06
0.83
0.84
0.39
0.41
0.30
0.39
0.53
0.08
0.11
0.48
0.61
0.37
0.14
0.38
0.23
0.27
1.42
0.87
1.23
1.95
0.72
1.17
1.69
1.10
0.49
1.54
0.30
0.60
0.23
0.08
0.23
0.38
0.34
0.49
0.49
0.50
0.54
0.69
0.39
0.60
0.72
0.39
0.53
0.22
0.30
0.76
0.71
0.27
0.75
0.33
0.95
0.84
0.63
