GUESS    :MOVING_HI
STARTTIME:1288183454406
ENDTIME  :1288183468123
LOCALSPD :0.0
LONGSPD  :6.7940784
LOCATION :Location[mProvider=network,mTime=1288183455348,mLatitude=55.749666,mLongitude=12.3808557,mHasAltitude=false,mAltitude=0.0,mHasSpeed=false,mSpeed=0.0,mHasBearing=false,mBearing=0.0,mHasAccuracy=true,mAccuracy=51.0,mExtras=Bundle[mParcelledData.dataSize=148]]
ADDRESS :

5.56
0.65
0.09
0.14
0.35
0.24
0.04
0.35
0.35
0.16
0.12
0.09
0.25
0.37
0.53
0.30
0.23
0.10
0.32
0.17
0.13
0.27
0.13
0.33
0.05
0.36
1.03
0.77
0.24
0.46
0.83
0.64
0.52
0.07
0.09
0.26
0.17
0.21
0.16
0.28
0.23
0.12
0.08
0.18
0.26
0.14
0.14
0.13
0.03
0.19
0.09
0.22
0.58
0.50
0.41
0.12
0.15
0.20
0.16
0.06
0.18
0.57
0.45
0.32
0.39
0.58
0.27
0.07
0.12
0.11
0.12
0.15
0.14
0.10
0.34
0.12
0.23
0.49
1.07
0.90
0.22
0.21
0.23
0.27
0.15
0.04
0.12
0.25
0.11
0.10
0.24
0.89
0.62
0.50
0.37
0.46
0.72
0.30
0.15
0.43
0.27
0.13
0.35
0.38
0.49
0.49
0.23
0.45
0.46
0.33
0.14
0.23
0.19
0.06
0.23
0.18
0.12
0.34
0.16
0.21
0.18
0.38
0.20
0.61
0.19
0.34
0.33
0.40
