GUESS    :WALKING
STARTTIME:1288184139117
ENDTIME  :1288184152383
LOCALSPD :0.0
LONGSPD  :0.22547747
LOCATION :Location[mProvider=network,mTime=1288184137339,mLatitude=55.74765992857142,mLongitude=12.380269328571428,mHasAltitude=false,mAltitude=0.0,mHasSpeed=false,mSpeed=0.0,mHasBearing=false,mBearing=0.0,mHasAccuracy=true,mAccuracy=50.0,mExtras=Bundle[mParcelledData.dataSize=148]]
ADDRESS :

4.95
0.14
0.19
0.26
0.14
0.07
0.28
0.22
0.17
0.34
0.48
0.29
0.48
0.51
0.26
0.24
0.12
0.13
0.12
0.24
0.19
0.22
0.17
0.75
0.43
1.60
0.86
0.53
0.58
0.52
0.10
0.09
0.14
0.31
0.17
0.13
0.25
0.23
0.27
0.18
0.08
0.17
0.14
0.08
0.08
0.08
0.16
0.19
0.12
0.26
0.43
0.19
0.10
0.27
0.22
0.18
0.17
0.12
0.25
0.13
0.12
0.05
0.12
0.33
0.11
0.23
0.16
0.06
0.30
0.21
0.15
0.39
0.17
0.64
0.18
0.74
0.57
0.15
0.18
0.17
0.20
0.13
0.29
0.35
0.36
0.31
0.20
0.07
0.30
0.06
0.14
0.22
0.32
0.22
0.47
0.10
0.39
0.16
0.58
0.11
0.42
0.23
0.24
0.33
0.21
0.31
0.23
0.11
0.17
0.23
0.25
0.03
0.41
0.10
0.39
0.08
0.19
0.35
0.28
0.24
0.13
0.18
0.13
0.22
0.23
0.21
0.09
0.07
