GUESS    :WALKING
STARTTIME:1288184152384
ENDTIME  :1288184165362
LOCALSPD :0.0
LONGSPD  :0.22547747
LOCATION :Location[mProvider=network,mTime=1288184137339,mLatitude=55.74765992857142,mLongitude=12.380269328571428,mHasAltitude=false,mAltitude=0.0,mHasSpeed=false,mSpeed=0.0,mHasBearing=false,mBearing=0.0,mHasAccuracy=true,mAccuracy=50.0,mExtras=Bundle[mParcelledData.dataSize=148]]
ADDRESS :

9.96
8.50
8.23
10.64
3.61
1.85
4.40
5.03
4.71
3.60
7.70
4.32
2.79
5.94
5.18
1.57
1.76
4.49
6.09
3.21
5.31
5.05
10.46
8.58
6.59
2.26
2.75
2.67
4.25
3.13
5.48
7.37
5.07
4.99
6.02
3.83
1.46
2.87
5.60
3.87
3.94
10.79
9.10
7.45
7.93
3.58
2.19
2.42
3.69
4.07
6.39
9.72
3.70
3.26
5.60
2.98
1.18
1.81
5.11
3.53
3.47
6.32
6.43
9.22
7.38
2.81
1.57
2.06
4.49
3.76
6.74
6.73
5.78
6.51
6.20
3.64
1.99
4.60
6.36
3.26
3.11
9.23
9.60
6.55
12.88
8.42
2.41
5.09
4.32
3.81
2.87
5.56
4.06
6.05
7.14
6.65
2.51
2.83
2.85
4.60
3.58
4.71
9.23
9.13
7.61
10.42
4.78
1.39
2.11
3.41
3.04
2.56
5.72
5.41
4.06
3.41
5.68
3.09
1.95
2.29
3.65
1.76
3.79
6.66
3.79
5.75
7.53
4.78
0.74
2.63
3.57
4.63
5.49
5.05
9.30
3.35
5.52
5.71
3.55
1.44
2.11
5.05
3.42
4.18
7.44
4.93
8.53
6.51
6.58
2.27
1.38
3.91
5.63
3.27
2.30
4.18
5.35
3.32
7.86
1.63
3.12
6.63
3.49
3.30
9.58
8.20
6.66
9.67
3.70
0.60
3.30
3.95
4.78
2.38
5.18
4.47
5.39
7.89
4.18
1.84
1.87
5.53
4.84
3.45
4.96
4.37
9.19
5.87
5.92
1.92
2.07
2.83
3.19
2.68
3.75
4.64
3.99
3.85
6.31
4.47
1.69
1.92
4.82
6.05
2.81
3.55
7.44
7.31
7.94
3.61
3.11
3.72
2.79
4.41
1.92
1.53
3.02
8.17
4.13
4.70
3.73
1.53
1.66
3.53
3.11
3.76
2.98
4.25
2.83
7.12
7.67
3.35
1.54
2.83
3.49
0.80
5.30
5.09
3.99
5.71
4.03
1.72
1.69
2.64
2.38
3.04
2.37
3.21
13.28
8.02
9.83
10.95
5.63
2.96
1.29
3.38
