GUESS    :MOVING_ME
STARTTIME:1288182161816
ENDTIME  :1288182176188
LOCALSPD :0.0
LONGSPD  :0.0
LOCATION :Location[mProvider=network,mTime=1288182137265,mLatitude=55.78251023,mLongitude=12.51395238,mHasAltitude=false,mAltitude=0.0,mHasSpeed=false,mSpeed=0.0,mHasBearing=false,mBearing=0.0,mHasAccuracy=true,mAccuracy=53.0,mExtras=Bundle[mParcelledData.dataSize=148]]
ADDRESS :

3.42
1.55
5.13
5.19
2.96
5.28
13.09
14.83
5.18
10.58
7.61
4.81
0.91
3.36
4.06
3.26
4.97
4.49
2.86
5.75
4.33
1.27
3.76
3.49
3.01
8.16
10.99
3.36
3.30
6.10
3.87
1.39
2.02
3.04
2.23
7.44
2.87
5.35
5.37
6.17
1.63
3.24
3.20
5.39
4.75
4.26
3.46
2.44
7.46
3.11
2.76
2.33
3.20
3.11
4.78
3.34
1.63
3.38
1.77
3.41
8.44
5.07
7.82
4.73
2.71
5.01
6.06
2.70
2.94
0.65
1.29
2.89
2.75
2.37
6.55
3.57
2.26
2.51
2.83
4.28
9.53
16.54
8.65
4.75
3.30
3.98
2.26
5.60
1.65
0.04
0.12
0.19
0.04
0.12
0.04
0.25
0.08
0.08
0.04
0.08
0.12
0.12
0.08
0.08
0.08
0.08
0.12
0.04
0.08
0.12
0.08
0.08
0.04
0.08
0.08
0.04
0.08
0.16
0.16
0.15
0.07
0.04
0.08
0.08
0.12
0.12
0.12
0.04
0.08
0.04
0.04
0.04
0.08
0.04
0.08
0.04
0.04
0.04
0.04
0.08
0.04
0.04
0.04
0.16
0.16
0.04
0.04
0.08
0.04
0.12
0.12
0.08
0.12
0.12
0.12
0.08
0.07
0.07
0.12
0.08
0.12
0.08
0.04
0.12
0.08
0.12
0.08
0.04
0.08
0.12
0.08
0.12
0.12
0.04
0.12
0.04
0.08
0.08
0.04
0.08
0.12
0.12
0.12
0.04
0.12
0.04
0.12
0.16
0.08
0.04
0.12
0.08
0.04
0.12
0.16
0.04
0.08
0.04
0.04
0.04
0.04
0.04
0.08
0.04
0.04
0.08
0.08
0.04
0.08
0.08
0.08
0.12
0.08
0.08
0.08
0.08
0.04
0.08
0.08
0.08
0.04
0.04
0.04
0.04
0.08
0.08
0.08
0.12
0.16
0.08
0.04
0.04
0.04
0.04
0.08
0.12
0.12
0.08
0.04
0.04
0.04
0.12
0.12
0.08
0.16
0.08
0.08
0.04
0.04
0.08
0.08
0.04
0.08
0.08
0.08
0.04
