GUESS    :MOVING_SM
STARTTIME:1290451795241
ENDTIME  :1290451809519
LOCALSPD :0.0
LONGSPD  :0.0
LOCATION :Location[mProvider=network,mTime=1290451800222,mLatitude=55.74957426666666,mLongitude=12.376717400000002,mHasAltitude=false,mAltitude=0.0,mHasSpeed=false,mSpeed=0.0,mHasBearing=false,mBearing=0.0,mHasAccuracy=true,mAccuracy=50.0,mExtras=Bundle[mParcelledData.dataSize=148]]
ADDRESS :

0.07
0.11
0.08
0.19
0.14
0.12
0.10
0.11
0.08
0.11
0.04
0.11
0.18
0.18
0.03
0.14
0.22
0.08
0.19
0.08
0.04
0.23
0.38
0.30
0.61
0.50
0.31
0.50
0.69
0.30
0.46
0.41
0.37
0.22
0.26
0.11
0.26
0.44
0.52
0.34
0.22
0.83
1.12
0.38
0.29
0.95
0.49
0.38
0.54
1.55
1.24
0.49
0.25
0.42
0.19
0.15
0.46
0.95
0.42
0.53
0.49
0.26
0.61
0.26
0.80
0.54
0.45
0.27
0.71
0.22
0.44
0.54
0.26
0.63
0.14
0.39
0.53
0.45
0.79
0.35
0.31
0.22
0.08
0.08
0.14
0.18
0.14
0.22
0.38
0.27
0.22
0.23
0.22
0.15
0.11
0.11
0.04
0.08
0.08
0.23
0.30
0.12
0.39
0.39
0.76
0.71
0.10
0.11
0.31
0.23
0.23
0.29
0.38
0.34
0.25
0.42
0.34
0.08
0.27
0.19
0.16
0.14
0.25
0.30
0.08
0.25
0.42
0.27
0.31
0.50
0.18
0.11
0.15
0.18
0.22
0.20
0.07
0.19
0.19
0.03
0.16
0.08
0.07
0.15
0.12
0.16
0.12
0.31
0.57
0.46
0.52
0.65
0.27
0.34
0.11
0.18
0.19
0.31
0.16
0.34
0.41
0.20
0.68
0.26
0.27
0.07
0.16
0.08
0.16
0.31
0.48
0.16
0.12
0.12
0.04
0.11
0.11
0.08
0.35
0.15
0.07
0.15
0.10
0.04
0.25
0.18
0.22
0.04
0.38
0.23
0.27
0.15
0.08
0.04
0.33
0.34
0.12
0.15
0.14
0.31
0.12
0.04
0.16
0.16
0.12
0.08
0.04
0.08
0.08
0.27
0.46
0.23
0.12
0.35
0.38
0.16
0.08
0.08
0.12
0.07
0.15
0.35
0.29
0.16
0.15
0.23
0.35
0.57
2.07
3.00
2.66
1.14
0.76
0.31
0.25
0.95
1.23
0.34
0.37
0.34
0.12
0.12
0.15
0.42
1.23
1.36
0.27
0.31
0.10
0.05
0.14
0.50
0.23
0.91
0.90
0.61
