GUESS    :IDLE
STARTTIME:1290452164518
ENDTIME  :1290452179948
LOCALSPD :0.0
LONGSPD  :0.0
LOCATION :Location[mProvider=network,mTime=1290452144655,mLatitude=55.74955345,mLongitude=12.376616275000002,mHasAltitude=false,mAltitude=0.0,mHasSpeed=false,mSpeed=0.0,mHasBearing=false,mBearing=0.0,mHasAccuracy=true,mAccuracy=50.0,mExtras=Bundle[mParcelledData.dataSize=148]]
ADDRESS :

0.08
0.16
0.12
0.08
0.04
0.08
0.08
0.08
0.08
0.12
0.08
0.04
0.04
0.04
0.04
0.08
0.12
0.04
0.08
0.04
0.04
0.04
0.04
0.04
0.04
0.04
0.08
0.04
0.04
0.07
0.07
0.04
0.04
0.04
0.12
0.16
0.11
0.15
0.04
0.04
0.08
0.08
0.12
0.08
0.04
0.04
0.07
0.07
0.08
0.04
0.08
0.12
0.08
0.04
0.12
0.16
0.08
0.11
0.07
0.04
0.08
0.08
0.08
0.12
0.08
0.04
0.12
0.04
0.08
0.12
0.08
0.04
0.12
0.04
0.08
0.04
0.15
0.11
0.04
0.04
0.12
0.16
0.04
0.04
0.07
0.07
0.08
0.04
0.04
0.08
0.04
0.12
0.12
0.04
0.08
0.12
0.08
0.04
0.12
0.08
0.04
0.04
0.12
0.12
0.15
0.12
0.15
0.04
0.12
0.04
0.08
0.04
0.04
0.04
0.08
0.08
0.08
0.04
0.08
0.07
0.11
0.04
0.08
0.04
0.08
0.04
0.08
0.04
0.04
0.08
0.08
0.19
0.11
0.04
0.08
0.04
0.08
0.08
0.08
0.16
0.12
0.08
0.04
0.04
0.08
0.12
0.08
0.04
0.08
0.12
0.08
0.08
0.04
0.08
0.04
0.08
0.12
0.12
0.04
0.04
0.08
0.08
0.04
0.04
0.04
0.08
0.08
0.08
0.12
0.04
0.08
0.08
0.08
0.12
0.08
0.12
0.08
0.08
0.12
0.12
0.08
0.04
0.04
0.12
0.16
0.12
0.04
0.04
0.08
0.12
0.04
0.11
0.15
0.04
0.12
0.04
0.12
0.04
0.08
0.08
0.12
0.08
0.08
0.12
0.08
0.08
0.04
0.16
0.12
0.04
0.08
0.12
0.08
0.12
0.12
0.04
0.08
0.04
0.12
0.08
0.12
0.08
0.08
0.12
0.04
0.08
0.04
0.04
0.16
0.16
0.12
0.04
0.04
0.12
0.04
0.04
0.04
0.07
0.07
0.08
0.07
0.11
0.08
0.04
0.04
0.08
0.12
0.12
0.04
0.08
0.04
0.23
0.54
1.27
7.74
5.79
