GUESS    :IDLE
STARTTIME:1289598026694
ENDTIME  :1289598041433
LOCALSPD :0.0
LONGSPD  :-1.0
LOCATION :Location[mProvider=network,mTime=1289598012349,mLatitude=55.751745,mLongitude=12.37691,mHasAltitude=false,mAltitude=0.0,mHasSpeed=false,mSpeed=0.0,mHasBearing=false,mBearing=0.0,mHasAccuracy=true,mAccuracy=722.0,mExtras=Bundle[mParcelledData.dataSize=148]]
ADDRESS :

0.08
0.04
0.08
0.04
0.04
0.08
0.08
0.12
0.12
0.08
0.04
0.12
0.04
0.12
0.08
0.04
0.04
0.08
0.04
0.04
0.12
0.08
0.12
0.08
0.04
0.08
0.04
0.04
0.12
0.16
0.16
0.04
0.04
0.16
0.25
0.08
0.25
0.20
0.16
0.25
0.12
0.19
0.19
0.20
0.23
0.15
0.12
0.16
0.16
0.16
0.12
0.12
0.16
0.08
0.20
0.12
0.12
0.25
0.16
0.08
0.08
0.08
0.04
0.12
0.12
0.20
0.29
0.12
0.16
0.12
0.04
0.16
0.04
0.12
0.12
0.04
0.08
0.12
0.16
0.12
0.20
0.08
0.04
0.04
0.12
0.08
0.04
0.04
0.04
0.16
0.08
0.08
0.08
0.04
0.08
0.08
0.04
0.04
0.12
0.12
0.12
0.08
0.08
0.12
0.25
0.25
0.12
0.08
0.08
0.08
0.12
0.08
0.08
0.12
0.12
0.08
0.08
0.16
0.16
0.08
0.16
0.08
0.16
0.25
0.16
0.08
0.04
0.04
0.12
0.08
0.16
0.08
0.08
0.04
0.16
0.12
0.04
0.04
0.04
0.04
0.12
0.12
0.12
0.25
0.12
0.08
0.08
0.08
0.12
0.16
0.08
0.12
0.04
0.04
0.04
0.08
0.12
0.08
0.08
0.08
0.04
0.04
0.12
0.04
0.08
0.12
0.08
0.12
0.12
0.08
0.04
0.08
0.08
0.08
0.04
0.04
0.08
0.08
0.27
0.31
0.08
0.12
0.08
0.19
0.31
0.25
0.16
0.19
0.19
0.08
0.04
0.12
0.08
0.08
0.12
0.20
0.12
0.12
0.04
0.04
0.04
0.04
0.08
0.12
0.04
0.04
0.08
0.08
0.04
0.04
0.12
0.08
0.04
0.08
0.12
0.04
0.04
0.08
0.08
0.08
0.12
0.16
0.12
0.12
0.04
0.08
0.04
0.04
0.04
0.04
0.08
0.08
0.04
0.08
0.08
0.08
0.04
0.04
0.04
0.04
0.08
0.08
0.04
0.12
0.04
0.04
0.04
0.04
0.04
0.12
0.12
0.04
0.12
0.08
0.08
0.08
