GUESS    :WALKING
STARTTIME:1290412548295
ENDTIME  :1290412562094
LOCALSPD :0.0
LONGSPD  :-1.0
LOCATION :Location[mProvider=network,mTime=1290412539227,mLatitude=55.7495518,mLongitude=12.376704733333334,mHasAltitude=false,mAltitude=0.0,mHasSpeed=false,mSpeed=0.0,mHasBearing=false,mBearing=0.0,mHasAccuracy=true,mAccuracy=50.0,mExtras=Bundle[mParcelledData.dataSize=148]]
ADDRESS :

2.63
1.25
1.00
1.49
0.42
0.62
0.62
0.34
0.36
0.48
0.52
0.14
0.24
0.83
0.03
0.41
0.40
0.29
0.26
0.41
0.21
0.19
0.61
0.15
0.22
0.55
0.21
0.14
0.09
0.08
0.30
0.16
0.18
0.16
0.17
0.29
0.21
0.09
0.19
0.34
0.10
0.22
0.22
0.20
0.12
0.05
0.30
0.15
0.22
0.20
0.26
0.15
0.26
0.28
0.10
0.24
0.09
0.10
0.11
0.18
0.08
0.08
0.16
0.23
0.15
0.20
0.28
0.12
0.13
0.24
0.25
0.12
0.51
0.23
0.22
0.19
0.21
0.24
0.08
0.17
0.10
0.28
0.26
0.14
0.05
0.23
0.13
0.09
0.32
0.25
0.05
0.15
0.28
0.01
0.11
0.23
0.01
0.13
0.02
0.05
0.03
0.15
0.16
0.15
0.19
0.14
0.08
0.20
0.23
0.07
0.13
0.07
0.19
0.25
0.04
0.14
0.12
0.06
0.01
0.14
0.23
0.11
0.17
0.12
0.11
0.09
0.11
0.07
