GUESS    :MOVING_SM
STARTTIME:1288704494873
ENDTIME  :1288704508711
LOCALSPD :0.0
LONGSPD  :-1.0
LOCATION :Location[mProvider=network,mTime=1288704453129,mLatitude=55.78251153,mLongitude=12.51388546,mHasAltitude=false,mAltitude=0.0,mHasSpeed=false,mSpeed=0.0,mHasBearing=false,mBearing=0.0,mHasAccuracy=true,mAccuracy=53.0,mExtras=Bundle[mParcelledData.dataSize=148]]
ADDRESS :

0.17
0.14
0.09
0.05
0.03
0.01
0.01
0.01
0.01
0.02
0.03
0.02
0.02
0.02
0.01
0.00
0.02
0.03
0.03
0.03
0.03
0.01
0.01
0.01
0.01
0.02
0.01
0.02
0.02
0.02
0.01
0.00
0.00
0.02
0.02
0.03
0.03
0.04
0.03
0.03
0.02
0.02
0.01
0.02
0.03
0.03
0.02
0.03
0.02
0.01
0.01
0.00
0.01
0.02
0.02
0.01
0.01
0.01
0.00
0.01
0.01
0.01
0.02
0.01
0.01
0.02
0.01
0.01
0.01
0.01
0.02
0.01
0.02
0.02
0.01
0.02
0.01
0.01
0.02
0.02
0.02
0.01
0.02
0.02
0.01
0.01
0.00
0.01
0.02
0.01
0.01
0.02
0.02
0.02
0.01
0.02
0.01
0.00
0.00
0.00
0.01
0.02
0.02
0.03
0.02
0.02
0.02
0.02
0.02
0.02
0.01
0.00
0.01
0.01
0.00
0.01
0.00
0.01
0.01
0.01
0.00
0.01
0.00
0.00
0.00
0.00
0.00
0.00
