GUESS    :IDLE
STARTTIME:1290460631397
ENDTIME  :1290460646196
LOCALSPD :0.0
LONGSPD  :-1.0
LOCATION :Location[mProvider=network,mTime=1290460626281,mLatitude=55.749544549999996,mLongitude=12.376597275000002,mHasAltitude=false,mAltitude=0.0,mHasSpeed=false,mSpeed=0.0,mHasBearing=false,mBearing=0.0,mHasAccuracy=true,mAccuracy=50.0,mExtras=Bundle[mParcelledData.dataSize=148]]
ADDRESS :

0.12
0.04
0.12
0.04
0.08
0.16
0.08
0.04
0.08
0.08
0.04
0.04
0.08
0.20
0.16
0.12
0.04
0.07
0.15
0.04
0.04
0.08
0.12
0.04
0.12
0.12
0.12
0.04
0.08
0.08
0.08
0.08
0.08
0.16
0.16
0.08
0.12
0.08
0.08
0.12
0.16
0.04
0.08
0.04
0.04
0.08
0.08
0.04
0.04
0.04
0.08
0.08
0.04
0.12
0.04
0.08
0.08
0.08
0.16
0.04
0.08
0.08
0.04
0.04
0.16
0.08
0.12
0.08
0.08
0.08
0.08
0.04
0.08
0.12
0.04
0.04
0.04
0.12
0.12
0.08
0.08
0.08
0.08
0.19
0.11
0.04
0.16
0.08
0.08
0.12
0.04
0.04
0.12
0.08
0.04
0.08
0.04
0.16
0.04
0.04
0.08
0.04
0.12
0.12
0.04
0.12
0.16
0.08
0.08
0.08
0.04
0.04
0.04
0.08
0.08
0.08
0.04
0.04
0.12
0.16
0.08
0.11
0.15
0.16
0.12
0.07
0.11
0.08
0.12
0.12
0.12
0.04
0.08
0.04
0.04
0.08
0.12
0.12
0.08
0.12
0.08
0.12
0.08
0.08
0.08
0.08
0.08
0.08
0.20
0.12
0.12
0.04
0.08
0.08
0.04
0.04
0.04
0.04
0.16
0.12
0.04
0.12
0.12
0.12
0.08
0.08
0.08
0.08
0.12
0.08
0.08
0.16
0.12
0.11
0.23
0.08
0.08
0.12
0.08
0.04
0.04
0.08
0.08
0.04
0.04
0.04
0.08
0.04
0.12
0.12
0.08
0.08
0.04
0.04
0.08
0.12
0.12
0.04
0.11
0.08
0.03
0.04
0.08
0.15
0.56
1.14
1.14
0.60
0.11
0.19
0.20
0.50
0.59
0.31
0.08
0.15
0.04
0.26
0.50
0.50
0.27
0.23
0.35
0.19
0.38
0.65
0.78
0.35
0.04
0.04
0.11
0.22
0.26
0.23
0.16
0.04
0.04
0.11
0.11
0.15
0.04
0.22
0.23
0.08
0.12
0.08
0.11
0.23
0.03
0.18
0.07
0.16
0.23
0.07
0.31
0.38
