GUESS    :WALKING
STARTTIME:1287991693306
ENDTIME  :1287991708725
LOCALSPD :0.0
LONGSPD  :-1.0
LOCATION :org.peterstrand.service.LocationWrapper@449238a8
ADDRESS :

6.40
5.79
4.78
1.88
1.80
1.68
0.84
1.42
0.59
1.21
1.46
1.69
2.21
1.74
0.41
2.02
2.06
1.57
0.46
0.20
0.08
0.31
0.29
0.15
0.22
0.38
0.16
0.26
0.11
0.15
0.14
0.14
0.22
0.18
0.12
0.12
0.04
0.07
0.11
0.08
0.15
0.03
0.12
0.11
0.03
0.08
0.38
0.76
0.60
0.53
1.10
1.09
0.74
2.04
0.53
0.72
1.73
3.60
2.07
0.39
1.72
1.23
1.96
4.37
2.53
1.27
1.50
0.54
1.65
0.76
1.59
1.66
1.51
2.03
3.06
2.60
3.23
0.56
1.12
2.57
2.78
6.05
1.53
0.54
1.44
1.46
1.53
2.18
0.80
1.63
2.33
1.28
0.46
1.27
1.18
1.81
2.26
6.66
0.69
1.39
1.27
1.08
0.89
0.82
1.53
2.75
1.68
3.75
4.20
2.08
0.19
1.33
2.11
1.05
1.76
3.57
2.56
4.64
5.45
3.69
2.30
2.23
1.57
0.61
1.21
2.42
1.69
2.45
3.39
0.78
1.54
2.79
2.07
1.54
1.61
2.26
3.49
3.36
5.95
2.96
1.58
1.53
1.50
0.63
0.68
2.00
1.50
2.81
6.47
2.66
0.95
1.20
2.89
0.94
0.94
3.21
2.44
2.91
5.98
2.94
1.50
1.17
0.59
1.20
0.97
2.38
2.29
3.19
7.40
3.43
0.82
1.40
1.92
1.23
0.69
4.06
1.53
1.99
7.06
3.98
2.21
1.05
0.80
0.83
0.31
1.20
2.19
1.40
3.30
1.65
1.63
1.61
1.42
0.41
1.10
1.73
1.74
3.31
2.03
5.56
1.50
1.31
0.80
0.89
0.80
1.40
0.42
0.15
0.64
0.89
1.33
2.44
4.52
1.25
0.89
3.15
1.36
0.30
1.18
2.71
1.47
2.60
5.19
3.68
2.51
2.26
2.26
0.41
0.23
1.69
1.73
1.97
4.28
4.21
1.97
2.18
1.99
1.33
1.32
1.83
2.78
0.67
5.15
8.21
5.49
3.57
1.54
1.95
0.69
0.59
2.52
2.55
3.30
6.20
2.60
1.46
