GUESS    :MOVING_SM
STARTTIME:1289595556285
ENDTIME  :1289595570671
LOCALSPD :-1.0
LONGSPD  :-1.0
LOCATION :Location[mProvider=network,mTime=1289595522085,mLatitude=55.751745,mLongitude=12.37691,mHasAltitude=false,mAltitude=0.0,mHasSpeed=false,mSpeed=0.0,mHasBearing=false,mBearing=0.0,mHasAccuracy=true,mAccuracy=722.0,mExtras=Bundle[mParcelledData.dataSize=148]]
ADDRESS :

0.99
0.96
0.36
0.88
1.28
0.49
0.45
0.62
0.64
0.33
0.30
0.44
0.30
0.16
0.23
0.31
0.08
0.15
0.18
0.13
0.15
0.11
0.19
0.33
0.22
0.16
0.25
0.22
0.32
0.22
0.18
0.07
0.45
0.23
0.19
0.10
0.42
0.21
0.18
0.10
0.27
0.18
0.16
0.11
0.23
0.19
0.11
0.03
0.23
0.16
0.05
0.11
0.18
0.16
0.18
0.15
0.13
0.26
0.20
0.06
0.15
0.24
0.12
0.07
0.12
0.17
0.11
0.13
0.04
0.10
0.09
0.20
0.07
0.09
0.04
0.18
0.24
0.14
0.10
0.19
0.32
0.15
0.30
0.22
0.27
0.17
0.39
0.23
0.17
0.12
0.36
0.20
0.08
0.08
0.28
0.15
0.07
0.05
0.15
0.10
0.11
0.05
0.10
0.11
0.12
0.08
0.01
0.08
0.15
0.12
0.06
0.08
0.15
0.15
0.15
0.04
0.12
0.18
0.24
0.08
0.09
0.16
0.27
0.13
0.07
0.15
0.33
0.15
