GUESS    :MOVING_SM
STARTTIME:1289600371530
ENDTIME  :1289600385219
LOCALSPD :-1.0
LONGSPD  :-1.0
LOCATION :Location[mProvider=network,mTime=1289600375027,mLatitude=55.74956573333333,mLongitude=12.376513933333335,mHasAltitude=false,mAltitude=0.0,mHasSpeed=false,mSpeed=0.0,mHasBearing=false,mBearing=0.0,mHasAccuracy=true,mAccuracy=50.0,mExtras=Bundle[mParcelledData.dataSize=148]]
ADDRESS :

0.12
0.12
0.25
0.04
0.22
0.42
2.14
1.29
0.76
0.59
1.01
0.42
0.82
0.31
0.26
0.54
0.46
0.45
0.56
0.25
1.09
1.08
0.29
0.26
0.23
0.41
0.61
0.10
0.37
0.31
0.31
0.61
0.16
0.42
0.38
0.35
0.18
0.38
0.11
0.07
0.27
0.04
0.16
0.19
0.27
0.04
0.08
0.23
0.11
0.08
0.11
0.10
0.10
0.08
0.12
0.33
0.33
0.29
0.65
0.46
0.57
0.26
0.41
0.20
0.22
0.18
0.08
0.18
0.18
0.15
0.23
0.14
0.15
0.27
0.08
0.20
0.23
0.11
0.35
0.42
0.04
0.23
0.04
0.49
0.37
0.35
0.39
0.23
0.12
0.19
0.31
0.35
0.34
0.26
1.13
1.42
2.26
0.72
1.27
0.35
1.05
2.37
1.61
1.68
2.22
1.50
1.12
0.90
0.65
1.38
0.69
0.99
0.57
1.27
0.41
0.30
1.01
0.44
0.08
0.93
0.84
0.37
0.64
0.16
0.23
0.31
0.30
0.46
0.30
0.56
0.61
0.54
0.54
0.19
0.60
0.45
0.72
0.45
1.23
0.83
1.01
0.69
2.72
1.46
2.89
0.63
1.01
0.98
1.13
2.38
1.32
2.64
1.31
0.54
1.92
2.64
1.06
2.86
2.44
1.33
1.01
1.18
0.93
0.80
0.97
1.25
0.93
0.38
1.35
0.82
0.87
1.32
3.11
4.73
6.74
5.76
4.29
6.17
2.23
1.32
0.78
1.63
1.80
1.43
0.46
0.68
0.79
0.78
1.17
0.72
0.80
0.50
0.63
0.89
0.72
0.54
0.84
0.38
0.29
0.89
0.16
0.12
0.45
0.79
0.44
0.95
1.02
1.27
9.08
7.90
2.14
1.27
0.08
0.53
0.25
0.89
0.72
0.53
0.49
0.31
0.19
0.49
0.29
0.30
0.15
0.38
0.23
0.18
0.18
0.18
0.22
0.16
0.04
0.07
0.26
0.16
0.04
0.16
0.25
0.15
0.16
0.27
0.16
0.08
0.08
0.25
0.12
0.12
0.12
0.16
0.20
0.08
0.19
0.08
0.08
0.19
