GUESS    :MOVING_SM
STARTTIME:1289600538555
ENDTIME  :1289600552471
LOCALSPD :0.0
LONGSPD  :-1.0
LOCATION :Location[mProvider=network,mTime=1289600509930,mLatitude=55.74955052,mLongitude=12.376701180000001,mHasAltitude=false,mAltitude=0.0,mHasSpeed=false,mSpeed=0.0,mHasBearing=false,mBearing=0.0,mHasAccuracy=true,mAccuracy=50.0,mExtras=Bundle[mParcelledData.dataSize=148]]
ADDRESS :

0.18
0.30
0.15
0.11
0.27
0.30
0.07
0.11
0.25
0.19
0.26
0.03
0.15
0.10
0.11
0.07
0.04
0.12
0.18
0.14
0.16
0.11
0.14
0.10
0.10
0.03
0.27
0.31
0.15
0.15
0.25
0.12
0.10
0.11
0.19
0.15
0.18
0.14
0.11
0.14
0.16
0.11
0.15
0.03
0.10
0.14
0.12
0.15
0.15
0.18
0.07
0.34
0.19
0.10
0.08
0.10
0.11
0.04
0.04
0.18
0.07
0.05
0.07
0.08
0.12
0.23
0.23
0.16
0.07
0.10
0.10
0.15
0.49
0.23
0.35
0.11
0.08
0.30
0.19
0.23
0.15
0.26
0.27
0.16
0.34
0.22
0.11
0.26
0.34
0.08
0.08
0.12
0.15
0.15
0.19
0.15
0.23
0.19
0.20
0.15
0.08
0.15
0.16
0.07
0.27
0.23
0.15
0.08
0.12
0.19
0.11
0.11
0.11
0.11
0.22
0.26
0.08
0.07
0.19
0.08
0.20
0.16
0.15
0.18
0.07
0.23
0.19
0.08
0.08
0.03
0.11
0.07
0.11
0.12
0.12
0.03
0.08
0.15
0.12
0.07
0.15
0.10
0.07
0.38
0.49
0.37
0.46
0.31
0.27
0.08
0.14
0.22
0.22
0.20
0.29
0.14
0.11
0.08
0.07
0.04
0.11
0.22
0.10
0.03
0.03
0.03
0.10
0.37
0.19
0.27
0.42
0.15
0.38
0.16
0.27
0.11
0.42
0.74
0.29
0.26
0.15
0.11
0.19
0.15
0.23
0.41
0.42
0.65
0.37
0.41
0.18
1.57
1.47
0.31
0.86
0.25
0.15
0.12
0.38
0.42
0.15
0.20
0.23
0.19
0.64
0.23
0.12
0.26
0.39
0.19
0.11
0.11
0.25
0.12
0.22
0.23
0.19
0.08
0.23
0.07
0.12
0.23
0.11
0.15
0.08
0.16
0.61
0.42
0.18
0.49
0.39
0.12
0.11
0.12
0.10
0.22
0.15
0.19
0.15
0.49
0.19
0.11
0.03
0.26
0.11
0.08
0.26
0.26
0.12
0.15
0.11
0.10
0.12
0.07
0.08
0.12
