GUESS    :MOVING_SM
STARTTIME:1289600538555
ENDTIME  :1289600552471
LOCALSPD :0.0
LONGSPD  :-1.0
LOCATION :Location[mProvider=network,mTime=1289600509930,mLatitude=55.74955052,mLongitude=12.376701180000001,mHasAltitude=false,mAltitude=0.0,mHasSpeed=false,mSpeed=0.0,mHasBearing=false,mBearing=0.0,mHasAccuracy=true,mAccuracy=50.0,mExtras=Bundle[mParcelledData.dataSize=148]]
ADDRESS :

0.19
0.07
0.06
0.04
0.03
0.05
0.04
0.04
0.01
0.02
0.02
0.04
0.03
0.03
0.03
0.03
0.03
0.02
0.02
0.02
0.02
0.03
0.04
0.02
0.01
0.02
0.00
0.02
0.02
0.01
0.01
0.02
0.03
0.03
0.03
0.02
0.02
0.02
0.02
0.02
0.01
0.02
0.02
0.02
0.02
0.01
0.02
0.02
0.01
0.03
0.01
0.01
0.01
0.01
0.01
0.01
0.01
0.02
0.02
0.04
0.02
0.00
0.01
0.01
0.01
0.02
0.02
0.02
0.01
0.01
0.02
0.01
0.02
0.02
0.03
0.03
0.01
0.02
0.01
0.02
0.01
0.03
0.02
0.01
0.02
0.01
0.02
0.01
0.01
0.02
0.01
0.00
0.01
0.01
0.02
0.01
0.02
0.02
0.00
0.00
0.02
0.02
0.02
0.02
0.03
0.02
0.02
0.02
0.01
0.01
0.00
0.01
0.01
0.01
0.01
0.01
0.01
0.01
0.02
0.01
0.01
0.00
0.01
0.01
0.02
0.01
0.00
0.00
