GUESS    :MOVING_SM
STARTTIME:1289600552472
ENDTIME  :1289600566784
LOCALSPD :0.0
LONGSPD  :-1.0
LOCATION :Location[mProvider=network,mTime=1289600554947,mLatitude=55.749548774999994,mLongitude=12.376549025000001,mHasAltitude=false,mAltitude=0.0,mHasSpeed=false,mSpeed=0.0,mHasBearing=false,mBearing=0.0,mHasAccuracy=true,mAccuracy=50.0,mExtras=Bundle[mParcelledData.dataSize=148]]
ADDRESS :

0.04
0.15
0.07
0.07
0.07
0.07
0.14
0.11
0.04
0.15
0.11
0.08
0.12
0.19
0.34
0.30
0.15
0.15
0.11
0.10
0.08
0.04
0.08
0.14
0.07
0.07
0.03
0.11
0.08
0.12
0.03
0.08
0.07
0.12
0.08
0.89
1.33
0.56
0.12
0.22
0.22
0.12
0.15
0.23
0.30
0.26
0.35
0.11
0.30
0.38
0.23
0.29
0.61
0.86
1.50
1.35
1.50
0.99
1.43
2.81
1.08
1.29
1.04
1.10
1.14
1.35
0.53
1.17
0.26
0.45
0.72
0.49
0.72
0.34
0.44
0.94
0.34
0.18
0.27
0.15
0.11
0.33
0.19
0.34
0.26
0.22
0.42
0.19
0.15
0.11
0.11
0.39
0.16
0.49
0.27
0.42
0.84
0.80
0.38
1.04
0.61
0.34
0.60
0.54
0.65
0.69
1.04
0.45
0.16
0.26
0.22
0.27
0.07
0.11
0.31
0.26
0.48
0.08
0.33
0.11
0.22
0.38
0.19
0.16
0.08
0.11
0.11
0.11
0.22
0.12
0.04
0.16
0.25
0.18
0.10
0.18
0.31
0.26
0.15
0.10
0.16
0.11
0.07
0.11
0.15
0.08
0.04
0.12
0.49
0.27
0.65
0.53
0.26
0.07
0.08
0.26
0.25
0.20
0.22
0.11
0.15
0.11
0.26
0.14
0.16
0.11
0.16
0.15
0.08
0.08
0.11
0.11
0.03
0.07
0.15
0.11
0.33
0.16
0.20
0.12
0.12
0.16
0.18
0.11
0.19
0.26
0.26
0.19
0.23
0.31
0.23
0.15
0.14
0.26
0.23
0.11
0.07
0.04
0.04
0.19
0.08
0.30
0.15
0.16
0.19
0.22
0.22
0.23
0.04
0.12
0.27
0.04
0.10
0.12
0.07
0.76
0.41
0.35
0.31
0.14
0.15
0.15
0.19
0.20
0.12
0.12
0.04
0.16
0.26
0.04
0.52
0.22
0.19
0.15
0.11
0.07
0.08
0.04
0.04
0.20
0.26
0.08
0.11
0.26
0.14
0.22
0.25
0.25
0.33
0.12
0.27
0.15
0.22
0.03
0.19
0.12
