GUESS    :IDLE
STARTTIME:1287781162829
ENDTIME  :1287781177922
LOCATION :Location[mProvider=network,mTime=1287781163180,mLatitude=55.74958615,mLongitude=12.3767289,mHasAltitude=false,mAltitude=0.0,mHasSpeed=false,mSpeed=0.0,mHasBearing=false,mBearing=0.0,mHasAccuracy=true,mAccuracy=50.0,mExtras=Bundle[mParcelledData.dataSize=148]]
ADDRESS :

0.07
0.07
0.08
0.15
0.27
0.22
0.16
0.14
0.15
0.26
0.22
0.20
0.10
0.20
0.07
0.08
0.19
0.03
0.03
0.05
0.10
0.18
0.11
0.07
0.11
0.04
0.08
0.14
0.14
0.08
0.04
0.10
0.05
0.12
0.03
0.10
0.07
0.07
0.14
0.10
0.11
0.14
0.07
0.10
0.10
0.10
0.11
0.11
0.05
0.04
0.10
0.04
0.05
0.07
0.03
0.04
0.07
0.04
0.03
0.04
0.10
0.03
0.08
0.10
0.04
0.07
0.07
0.07
0.07
0.14
0.14
0.11
0.05
0.07
0.10
0.10
0.07
0.04
0.10
0.04
0.07
0.03
0.03
0.05
0.05
0.12
0.10
0.05
0.10
0.10
0.10
0.14
0.18
0.15
0.22
0.11
0.14
0.03
0.14
0.11
0.14
0.07
0.04
0.10
0.05
0.03
0.14
0.14
0.05
0.10
0.10
0.11
0.14
0.11
0.07
0.18
0.20
0.14
0.07
0.14
0.22
0.11
0.04
0.10
0.05
0.08
0.11
0.10
0.16
0.15
0.11
0.07
0.10
0.12
0.12
0.05
0.03
0.07
0.08
0.15
0.46
0.34
0.22
0.04
0.14
0.11
0.07
0.12
0.23
0.07
0.03
0.05
0.07
0.10
0.08
0.10
0.14
0.19
0.34
0.19
0.04
0.07
0.18
0.15
0.22
0.25
0.19
0.07
0.08
0.11
0.18
0.14
0.16
0.11
0.10
0.22
0.15
0.18
0.10
0.11
0.14
0.07
0.14
0.07
0.03
0.08
0.10
0.11
0.25
0.29
0.30
0.31
0.19
0.07
0.07
0.11
0.10
0.07
0.10
0.07
0.10
0.03
0.05
0.03
0.10
0.07
0.18
0.15
0.18
0.08
0.11
0.04
0.23
0.07
0.14
0.05
0.14
0.14
0.14
0.25
0.26
0.12
0.18
0.15
0.12
0.10
0.04
0.14
0.18
0.19
0.23
0.11
0.14
0.11
0.07
0.08
0.03
0.18
0.22
0.18
0.08
0.15
0.20
0.20
0.08
0.15
0.03
0.11
0.12
0.11
0.23
0.22
0.19
0.08
0.15
0.18
