GUESS    :MOVING_SM
STARTTIME:1288967460576
ENDTIME  :1288967475095
LOCALSPD :-1.0
LONGSPD  :-1.0
LOCATION :Location[mProvider=network,mTime=1288967447231,mLatitude=55.78251023,mLongitude=12.51395238,mHasAltitude=false,mAltitude=0.0,mHasSpeed=false,mSpeed=0.0,mHasBearing=false,mBearing=0.0,mHasAccuracy=true,mAccuracy=53.0,mExtras=Bundle[mParcelledData.dataSize=148]]
ADDRESS :

2.87
3.45
6.66
5.63
11.41
7.61
3.41
5.58
4.67
2.94
3.13
3.09
2.11
4.52
2.79
2.26
8.69
8.38
2.53
3.17
1.65
2.70
0.42
2.15
0.91
2.64
0.78
1.38
1.80
1.54
2.22
2.22
4.59
3.68
0.74
0.86
2.82
1.04
1.54
4.45
4.60
4.70
4.56
3.21
7.01
4.25
3.41
1.76
0.71
0.57
0.45
0.11
0.49
0.44
0.30
0.29
0.34
0.34
0.11
0.16
0.23
0.23
0.31
0.26
0.19
0.08
0.08
0.22
0.15
0.15
0.12
0.08
0.30
0.11
0.38
0.31
0.25
0.31
0.27
0.12
0.04
0.12
0.08
0.50
0.93
1.72
1.20
1.74
7.98
6.09
3.21
3.21
6.51
7.48
6.18
4.36
4.06
2.87
3.53
3.76
3.47
4.06
1.76
5.58
9.19
7.23
0.72
1.72
1.81
4.21
4.25
1.39
0.99
0.65
1.08
1.16
1.47
0.82
0.08
0.20
0.12
0.12
0.12
0.16
0.29
0.16
0.08
0.12
0.04
0.12
0.20
0.12
0.04
0.23
0.19
0.08
0.08
0.12
0.08
0.08
0.08
0.16
0.16
0.12
0.04
0.20
0.08
0.12
0.12
0.23
0.16
0.23
0.12
0.16
0.25
0.12
0.08
0.37
0.12
0.29
0.20
0.12
0.20
0.12
0.08
0.12
0.08
0.12
0.16
0.16
0.04
0.16
0.08
0.08
0.12
0.08
0.16
0.16
0.20
0.12
0.12
0.04
0.04
0.08
0.08
0.08
0.12
0.08
0.08
0.04
0.08
0.12
0.12
0.04
0.04
0.12
0.12
0.04
0.04
0.08
0.04
0.16
0.12
0.12
0.12
0.04
0.04
0.08
0.12
0.16
0.08
0.04
0.04
0.08
0.04
0.04
0.12
0.04
0.08
0.04
0.04
0.04
0.12
0.08
0.04
0.04
0.08
0.04
0.08
0.12
0.04
0.08
0.20
0.12
0.04
0.12
0.12
0.04
0.04
0.04
0.12
0.12
0.16
0.08
0.12
0.08
0.08
0.12
0.04
0.08
0.08
0.04
0.04
0.08
0.16
0.08
