GUESS    :IDLE
STARTTIME:1287998225700
ENDTIME  :1287998241630
LOCALSPD :0.0
LONGSPD  :-1.0
LOCATION :org.peterstrand.service.LocationWrapper@4492d048
ADDRESS :

0.08
0.12
0.04
0.04
0.08
0.08
0.08
0.04
0.08
0.08
0.08
0.11
0.22
0.11
0.08
0.04
0.08
0.08
0.12
0.04
0.23
0.23
0.11
0.19
0.04
0.20
0.15
0.03
0.04
0.04
0.08
0.12
0.12
0.08
0.18
0.05
0.08
0.04
0.12
0.04
0.11
0.08
0.03
0.04
0.12
0.12
0.08
0.15
0.15
0.04
0.11
0.11
0.04
0.07
0.07
0.08
0.12
0.08
0.12
0.04
0.12
0.19
0.15
0.08
0.04
0.08
0.04
0.12
0.12
0.04
0.08
0.03
0.07
0.04
0.12
0.08
0.08
0.07
0.19
0.19
0.07
0.04
0.12
0.08
0.08
0.08
0.08
0.04
0.08
0.08
0.08
0.08
0.15
0.15
0.16
0.16
0.08
0.04
0.16
0.12
0.08
0.12
0.08
0.04
0.04
0.12
0.08
0.11
0.15
0.11
0.03
0.07
0.03
0.12
0.03
0.11
0.04
0.08
0.20
0.12
0.15
0.11
0.11
0.11
0.04
0.08
0.04
0.08
0.08
0.08
0.16
0.08
0.04
0.08
0.04
0.04
0.04
0.03
0.07
0.08
0.08
0.16
0.04
0.11
0.16
0.08
0.15
0.04
0.16
0.08
0.12
0.11
0.07
0.12
0.04
0.08
0.08
0.08
0.12
0.04
0.04
0.08
0.16
0.07
0.07
0.03
0.07
0.11
0.19
0.23
0.07
0.11
0.11
0.12
0.08
0.20
0.15
0.11
0.12
0.04
0.15
0.11
0.12
0.08
0.04
0.16
0.20
0.04
0.08
0.08
0.12
0.08
0.08
0.03
0.15
0.11
0.07
0.11
0.08
0.04
0.19
0.16
0.15
0.04
0.04
0.03
0.04
0.15
0.11
0.03
0.07
0.08
0.08
0.15
0.19
0.12
0.07
0.04
0.11
0.11
0.19
0.19
0.03
0.07
0.03
0.04
0.07
0.15
0.16
0.03
0.11
0.04
0.04
0.11
0.07
0.04
0.07
0.04
0.11
0.15
0.08
0.15
0.08
0.11
0.07
0.04
0.11
0.11
0.07
0.04
0.11
0.08
0.11
0.19
0.12
0.08
