GUESS    :IDLE
STARTTIME:1289396136033
ENDTIME  :1289396151302
LOCALSPD :0.0
LONGSPD  :-1.0
LOCATION :Location[mProvider=network,mTime=1289396113549,mLatitude=55.78320265,mLongitude=12.516717116666667,mHasAltitude=false,mAltitude=0.0,mHasSpeed=false,mSpeed=0.0,mHasBearing=false,mBearing=0.0,mHasAccuracy=true,mAccuracy=55.0,mExtras=Bundle[mParcelledData.dataSize=148]]
ADDRESS :

0.12
0.08
0.08
0.16
0.20
0.20
0.12
0.12
0.12
0.08
0.08
0.08
0.16
0.16
0.08
0.04
0.04
0.04
0.12
0.04
0.04
0.08
0.12
0.08
0.08
0.08
0.08
0.04
0.04
0.12
0.16
0.12
0.20
0.12
0.08
0.04
0.04
0.08
0.04
0.04
0.08
0.04
0.04
0.19
0.15
0.12
0.12
0.16
0.16
0.08
0.16
0.12
0.08
0.08
0.08
0.08
0.20
0.08
0.12
0.08
0.04
0.04
0.15
0.19
0.12
0.04
0.08
0.04
0.08
0.12
0.16
0.12
0.12
0.04
0.12
0.15
0.07
0.08
0.08
0.04
0.12
0.16
0.08
0.04
0.08
0.04
0.12
0.12
0.08
0.08
0.12
0.08
0.08
0.08
0.04
0.08
0.12
0.12
0.08
0.16
0.12
0.08
0.12
0.16
0.04
0.08
0.08
0.08
0.08
0.08
0.04
0.04
0.12
0.04
0.04
0.08
0.08
0.04
0.08
0.12
0.08
0.04
0.12
0.12
0.08
0.08
0.08
0.12
0.08
0.12
0.12
0.08
0.04
0.04
0.04
0.08
0.12
0.08
0.08
0.04
0.04
0.04
0.04
0.08
0.04
0.04
0.04
0.04
0.04
0.08
0.08
0.08
0.08
0.12
0.12
0.04
0.04
0.04
0.08
0.08
0.20
0.25
0.08
0.04
0.16
0.08
0.04
0.08
0.08
0.04
0.04
0.04
0.16
0.12
0.12
0.08
0.04
0.04
0.04
0.16
0.16
0.08
0.04
0.04
0.12
0.08
0.04
0.04
0.08
0.12
0.12
0.04
0.12
0.12
0.12
0.04
0.08
0.08
0.04
0.04
0.08
0.12
0.08
0.04
0.12
0.08
0.08
0.08
0.08
0.08
0.12
0.04
0.08
0.04
0.08
0.08
0.04
0.04
0.04
0.08
0.04
0.12
0.12
0.08
0.12
0.12
0.04
0.04
0.12
0.12
0.08
0.12
0.12
0.08
0.08
0.12
0.04
0.12
0.04
0.04
0.12
0.08
0.12
0.04
0.04
0.16
0.08
0.08
0.16
0.12
0.04
0.12
0.12
0.04
0.04
0.04
