GUESS    :MOVING_HI
STARTTIME:1288613505286
ENDTIME  :1288613518224
LOCALSPD :0.0
LONGSPD  :0.0
LOCATION :Location[mProvider=network,mTime=1288613497460,mLatitude=55.7824875,mLongitude=12.51397815,mHasAltitude=false,mAltitude=0.0,mHasSpeed=false,mSpeed=0.0,mHasBearing=false,mBearing=0.0,mHasAccuracy=true,mAccuracy=53.0,mExtras=Bundle[mParcelledData.dataSize=148]]
ADDRESS :

9.83
2.68
1.19
0.33
1.52
0.05
0.67
0.53
0.50
0.26
2.02
2.53
3.17
4.45
1.67
0.47
0.40
0.62
0.73
1.04
1.39
0.30
0.22
0.95
3.25
1.00
1.08
0.84
0.85
0.60
0.47
0.80
0.96
0.79
1.18
1.18
2.11
2.81
0.68
0.31
0.89
0.50
0.66
0.20
0.22
0.68
1.25
0.28
1.12
1.33
0.94
0.61
0.56
0.55
0.68
0.53
0.39
0.91
0.09
0.58
1.32
1.06
0.74
0.38
0.85
0.88
0.63
0.43
0.37
0.35
0.37
0.18
0.38
0.36
0.41
0.38
0.64
0.61
0.55
0.48
0.49
0.39
0.61
0.04
0.06
0.54
0.66
0.57
0.51
0.29
0.17
0.39
0.24
0.61
0.61
0.21
0.39
0.86
0.39
0.90
0.29
0.24
0.18
0.23
0.48
0.19
0.25
0.27
0.21
0.91
0.94
0.36
0.60
0.39
0.32
0.46
0.23
0.35
0.24
0.29
0.41
0.92
0.75
1.26
0.91
0.10
0.27
0.47
