GUESS    :WALKING
STARTTIME:1288613531094
ENDTIME  :1288613544034
LOCALSPD :0.0
LONGSPD  :0.0
LOCATION :Location[mProvider=network,mTime=1288613497460,mLatitude=55.7824875,mLongitude=12.51397815,mHasAltitude=false,mAltitude=0.0,mHasSpeed=false,mSpeed=0.0,mHasBearing=false,mBearing=0.0,mHasAccuracy=true,mAccuracy=53.0,mExtras=Bundle[mParcelledData.dataSize=148]]
ADDRESS :

4.22
4.10
4.33
3.76
5.56
4.88
1.24
7.16
3.53
7.48
1.18
4.82
2.91
3.55
0.54
2.97
2.19
1.08
1.62
1.38
4.41
5.33
5.33
3.80
1.21
3.00
2.98
2.34
2.34
3.02
6.47
2.98
5.84
7.83
5.71
15.85
14.82
16.04
16.40
8.87
3.80
1.76
19.76
14.33
25.55
11.73
12.63
6.82
7.00
4.77
3.34
3.94
3.02
2.94
3.11
5.24
6.40
21.34
8.05
29.05
11.86
9.28
10.38
22.61
10.34
20.80
13.14
13.44
12.59
2.62
2.91
4.45
5.03
2.79
3.15
3.73
6.37
15.02
16.71
7.63
18.18
9.34
7.93
9.87
26.74
18.06
19.53
9.82
8.19
2.72
6.74
5.01
3.28
2.93
3.26
4.10
4.18
13.82
18.85
9.15
14.37
3.92
7.59
7.27
18.43
15.47
24.09
13.02
12.88
10.96
4.10
3.06
3.98
3.46
3.62
1.84
2.38
2.76
5.57
15.95
12.04
18.70
3.13
7.41
10.35
15.70
25.42
28.74
13.10
5.78
8.24
3.95
7.78
2.03
2.56
4.36
4.94
2.94
5.63
10.37
18.40
8.91
22.53
9.62
5.43
7.23
29.42
19.22
15.85
7.21
14.74
13.62
2.62
4.40
3.27
4.82
3.17
3.60
2.45
4.74
10.42
20.02
6.82
18.51
9.17
6.16
8.85
31.14
29.76
22.32
7.41
13.92
14.04
4.49
2.22
2.03
8.08
5.45
2.83
4.51
5.20
13.88
15.76
10.42
16.74
9.70
7.15
7.86
22.91
24.05
11.45
7.83
11.81
14.71
3.91
3.43
6.78
4.13
6.40
5.63
6.16
21.53
10.60
24.71
11.99
3.49
3.96
7.50
32.59
34.79
23.25
10.69
10.98
10.61
5.90
2.96
2.93
7.31
5.56
3.30
6.74
6.36
20.44
9.00
25.63
9.19
7.19
6.89
24.09
15.10
23.60
11.77
12.99
9.00
7.35
3.87
2.76
6.31
5.07
6.67
8.84
6.21
20.84
8.61
15.12
16.15
11.43
7.76
15.53
27.27
36.50
22.85
11.05
6.43
5.33
9.55
