GUESS    :WALKING
STARTTIME:1288613544035
ENDTIME  :1288613557097
LOCALSPD :0.0
LONGSPD  :0.0
LOCATION :Location[mProvider=network,mTime=1288613497460,mLatitude=55.7824875,mLongitude=12.51397815,mHasAltitude=false,mAltitude=0.0,mHasSpeed=false,mSpeed=0.0,mHasBearing=false,mBearing=0.0,mHasAccuracy=true,mAccuracy=53.0,mExtras=Bundle[mParcelledData.dataSize=148]]
ADDRESS :

3.26
1.76
7.08
4.22
5.67
7.01
12.14
18.25
9.96
26.67
12.26
4.34
8.84
33.44
31.83
26.63
10.12
13.63
13.95
4.59
4.00
1.96
6.55
3.77
5.33
8.16
7.44
23.59
6.92
23.78
6.93
7.27
7.65
35.67
35.63
23.11
10.80
14.86
16.73
4.52
2.55
3.35
5.99
4.32
5.15
6.67
6.71
21.25
8.00
17.05
8.51
9.77
8.43
31.84
24.48
24.52
10.00
9.58
9.03
13.81
2.52
2.38
5.60
3.50
5.94
6.69
6.42
25.20
7.85
17.43
12.07
10.30
5.60
13.02
22.61
29.84
14.38
8.01
12.34
15.65
2.98
2.44
2.41
4.96
2.07
4.37
7.53
9.14
22.04
8.89
17.65
10.58
11.10
9.89
29.76
24.86
23.69
11.37
7.00
9.92
11.51
3.21
2.11
4.29
3.79
6.21
6.58
8.32
22.49
12.05
18.47
3.79
6.13
5.09
9.28
31.33
39.83
24.01
11.50
14.83
14.53
3.36
2.72
3.02
5.87
4.10
4.90
6.47
3.96
20.92
8.05
21.62
3.87
7.10
5.58
21.45
20.10
27.54
16.86
11.54
12.29
15.62
2.66
2.18
2.83
4.02
3.32
1.81
3.95
1.84
18.51
9.07
10.80
5.03
3.41
8.55
10.30
28.06
34.98
24.23
11.65
8.20
5.71
8.31
1.38
1.76
4.44
3.53
5.92
7.55
12.30
20.14
16.54
7.31
2.66
9.92
13.01
26.34
12.03
20.23
10.46
12.18
2.42
2.87
4.75
2.38
2.68
2.14
2.37
2.18
4.00
4.09
15.65
14.67
14.49
2.30
3.72
10.66
10.91
14.96
17.58
23.11
5.09
5.13
3.94
2.90
2.47
1.73
2.10
1.39
2.14
2.04
10.26
22.26
10.73
15.21
3.30
9.64
22.35
21.37
5.05
3.43
1.38
1.99
1.39
2.07
1.23
2.41
0.89
0.59
0.53
0.57
1.54
1.80
1.88
2.17
1.87
2.18
0.80
3.02
1.55
2.00
2.72
3.26
2.70
6.02
5.72
6.14
7.59
3.38
1.27
4.66
1.48
3.21
1.92
1.18
