GUESS    :MOVING_HI
STARTTIME:1288613635124
ENDTIME  :1288613648037
LOCALSPD :0.0
LONGSPD  :0.0
LOCATION :Location[mProvider=network,mTime=1288613617515,mLatitude=55.782022659999996,mLongitude=12.5140385,mHasAltitude=false,mAltitude=0.0,mHasSpeed=false,mSpeed=0.0,mHasBearing=false,mBearing=0.0,mHasAccuracy=true,mAccuracy=70.0,mExtras=Bundle[mParcelledData.dataSize=148]]
ADDRESS :

9.03
1.07
0.67
0.30
0.20
0.80
0.07
0.67
0.42
0.98
1.16
0.42
6.01
0.64
1.64
0.20
0.56
1.14
0.41
0.49
0.84
0.94
0.53
0.71
3.49
1.04
0.46
0.51
0.26
0.60
0.97
0.50
0.83
1.46
1.13
1.02
4.03
0.59
0.94
0.51
0.27
0.60
0.32
0.65
0.48
1.20
1.29
0.71
2.07
0.91
0.27
0.39
0.15
0.15
0.20
0.65
0.51
0.54
0.81
0.64
1.37
0.97
0.23
0.32
0.39
0.15
0.35
0.08
0.75
0.22
0.10
0.53
0.66
0.23
0.47
0.53
0.29
0.18
0.38
0.13
0.54
0.54
0.07
0.23
0.16
0.67
0.48
0.88
0.31
0.35
0.06
0.21
0.12
0.15
0.42
0.36
0.71
0.34
0.44
0.59
0.47
0.14
0.52
0.49
0.30
0.27
0.80
0.39
0.27
1.02
0.43
0.58
0.55
0.23
0.69
0.40
0.32
0.73
0.82
0.31
0.60
1.60
0.38
0.85
0.33
0.45
0.30
0.36
