GUESS    :MOVING_SM
STARTTIME:1287838500152
ENDTIME  :1287838513276
LOCATION :Location[mProvider=network,mTime=1287838459562,mLatitude=55.749566400000006,mLongitude=12.37671915,mHasAltitude=false,mAltitude=0.0,mHasSpeed=false,mSpeed=0.0,mHasBearing=false,mBearing=0.0,mHasAccuracy=true,mAccuracy=50.0,mExtras=Bundle[mParcelledData.dataSize=148]]
ADDRESS :

0.11
0.04
0.15
0.04
0.11
0.07
0.14
0.15
0.12
0.08
0.15
0.10
0.07
0.11
0.07
0.10
0.07
0.08
0.07
0.07
0.14
0.11
0.11
0.11
0.08
0.08
0.03
0.04
0.04
0.07
0.08
0.08
0.15
0.12
0.07
0.08
0.04
0.04
0.12
0.15
0.07
0.04
0.03
0.08
0.08
0.03
0.07
0.08
0.11
0.03
0.07
0.11
0.04
0.08
0.15
0.15
0.12
0.08
0.11
0.08
0.11
0.04
0.07
0.04
0.12
0.07
0.08
0.11
0.07
0.03
0.07
0.05
0.04
0.04
0.03
0.07
0.03
0.07
0.10
0.04
0.11
0.15
0.11
0.07
0.03
0.07
0.08
0.15
0.07
0.16
0.04
0.15
0.11
0.19
0.18
0.03
0.23
0.16
0.08
0.12
0.82
0.74
1.04
0.45
0.37
0.49
0.31
0.30
0.27
0.12
0.12
0.23
0.15
0.25
0.08
0.16
0.11
0.11
0.31
0.15
0.25
0.11
0.12
0.16
0.04
0.19
0.03
0.11
0.19
0.16
0.23
0.07
0.20
0.45
0.23
0.18
0.46
0.12
0.38
0.23
0.31
0.50
0.46
0.35
0.12
0.49
0.68
0.54
0.52
0.86
0.59
0.34
0.19
0.15
0.19
0.42
0.38
0.23
0.14
0.23
0.26
1.31
0.53
0.76
0.91
0.37
0.44
0.42
0.27
0.29
0.57
0.22
0.68
0.04
0.15
0.50
0.38
0.11
0.26
0.30
0.59
1.31
0.90
0.72
2.03
0.57
0.23
0.74
0.26
0.22
0.35
0.12
0.27
0.42
0.34
0.31
0.80
0.26
0.29
1.06
0.79
0.59
0.19
0.25
0.27
0.20
0.44
0.29
0.27
0.34
0.35
0.53
0.61
1.96
0.76
2.26
0.78
0.50
1.35
0.03
0.26
0.22
0.27
0.38
0.23
0.22
0.61
0.76
0.37
0.31
0.31
0.31
0.27
0.31
0.25
0.20
0.45
0.19
0.11
0.34
0.07
0.38
0.19
0.15
0.69
0.44
0.48
0.38
0.18
0.26
0.44
0.61
0.61
0.93
1.16
1.24
