GUESS    :MOVING_SM
STARTTIME:1287838863347
ENDTIME  :1287838876196
LOCATION :Location[mProvider=network,mTime=1287838820150,mLatitude=55.749566400000006,mLongitude=12.37671915,mHasAltitude=false,mAltitude=0.0,mHasSpeed=false,mSpeed=0.0,mHasBearing=false,mBearing=0.0,mHasAccuracy=true,mAccuracy=50.0,mExtras=Bundle[mParcelledData.dataSize=148]]
ADDRESS :

0.38
0.18
0.27
0.93
0.42
1.32
0.33
0.30
0.59
0.37
0.30
0.45
0.31
0.38
0.49
0.30
0.56
0.95
0.38
0.19
0.30
0.14
0.25
0.84
0.38
1.13
0.49
0.52
0.42
0.41
0.97
1.33
1.72
0.75
2.32
1.31
2.10
4.14
0.61
6.10
2.45
2.19
1.33
2.38
0.82
0.98
0.49
1.12
0.57
0.27
0.98
0.67
0.34
0.82
0.52
0.30
0.29
0.59
0.19
0.39
0.50
0.33
0.14
0.50
0.46
0.19
0.27
0.48
0.64
0.27
0.71
0.11
0.35
0.83
0.49
0.23
0.19
0.72
0.25
0.71
0.27
2.07
0.93
3.54
0.54
0.84
0.95
0.99
0.08
0.53
1.06
0.19
0.78
0.68
0.46
0.65
0.33
1.08
0.65
2.21
1.91
0.34
1.46
0.42
0.42
0.19
0.93
0.12
0.45
0.27
1.31
0.61
1.14
0.83
0.30
0.34
0.75
0.10
0.74
0.97
0.23
1.10
0.76
0.34
0.49
0.38
0.61
0.54
0.34
0.82
0.25
0.89
0.50
0.45
0.38
0.39
0.12
0.49
0.54
0.27
0.80
1.12
0.56
0.18
0.98
0.18
0.65
0.54
0.48
0.41
0.49
0.65
0.71
0.15
0.26
0.27
1.05
0.80
0.59
0.44
0.38
0.07
0.45
0.41
0.61
0.46
0.57
0.34
0.89
0.91
0.14
0.35
0.38
1.20
1.27
0.29
0.60
0.38
0.20
0.31
0.33
0.19
0.33
0.18
0.26
0.23
0.20
0.34
0.08
0.42
0.50
0.30
0.61
0.60
1.23
0.35
1.23
1.08
0.19
0.50
0.31
0.23
0.20
0.54
0.30
0.39
0.35
0.39
0.39
0.15
0.31
0.25
0.53
1.08
0.65
0.61
1.99
0.97
0.20
2.10
3.13
1.42
0.64
0.39
0.71
1.81
0.84
1.05
0.63
1.21
2.32
2.26
3.21
1.08
0.91
0.95
0.31
0.69
0.34
0.34
0.80
1.04
0.76
0.23
0.80
0.23
0.49
0.31
0.50
0.38
0.23
0.72
0.30
0.50
0.84
1.31
