GUESS    :MOVING_ME
STARTTIME:1287836909188
ENDTIME  :1287836922127
LOCATION :Location[mProvider=network,mTime=1287836892235,mLatitude=55.749566400000006,mLongitude=12.37671915,mHasAltitude=false,mAltitude=0.0,mHasSpeed=false,mSpeed=0.0,mHasBearing=false,mBearing=0.0,mHasAccuracy=true,mAccuracy=50.0,mExtras=Bundle[mParcelledData.dataSize=148]]
ADDRESS :

1.18
0.75
0.52
0.16
1.27
0.30
0.29
0.31
0.34
0.69
0.65
0.30
2.07
0.38
0.61
1.42
0.65
0.56
0.84
1.38
1.02
0.87
0.59
1.57
1.08
0.27
0.61
1.35
0.25
0.49
0.84
0.53
0.20
0.34
0.30
1.16
0.31
0.38
1.31
0.69
0.20
0.46
0.35
0.23
0.27
1.27
0.50
0.57
0.42
0.22
0.08
0.07
0.41
0.61
0.39
0.72
0.34
0.12
0.87
0.03
0.27
0.23
1.24
0.35
0.42
0.83
0.83
1.25
0.72
1.36
1.47
0.44
1.76
0.49
0.42
0.80
0.89
0.45
0.23
0.60
0.38
0.37
0.44
0.65
0.41
0.45
0.26
0.10
0.45
0.50
0.83
0.53
1.27
0.11
0.53
0.29
0.42
0.35
0.31
0.56
0.44
0.35
0.41
0.46
0.16
0.16
0.49
0.41
0.35
0.45
0.07
0.30
0.53
0.80
0.50
0.60
0.83
0.37
0.38
1.17
0.64
1.99
1.42
1.91
2.49
1.23
0.87
0.44
0.95
0.65
1.72
1.95
0.68
0.68
1.31
1.87
4.26
0.76
4.45
1.96
2.82
0.54
1.47
2.19
1.91
0.95
1.14
1.05
1.18
1.31
0.44
1.69
1.02
0.72
2.17
1.27
2.17
0.42
1.48
1.50
1.14
1.54
0.23
1.78
1.95
0.65
1.23
1.54
1.58
1.10
1.91
0.74
1.63
0.49
0.46
0.95
1.46
1.84
2.41
0.33
1.23
1.43
1.25
2.23
0.99
2.91
0.39
1.65
0.95
0.46
0.97
0.29
0.67
1.32
0.93
1.01
1.04
0.31
3.12
1.23
1.35
2.71
0.65
2.18
1.09
0.65
0.64
0.91
3.66
0.50
3.57
2.11
0.71
2.81
1.73
1.29
1.12
1.66
1.23
0.44
0.44
3.85
2.45
2.26
2.47
0.57
0.75
4.24
1.73
3.36
2.18
5.43
2.78
1.92
1.31
3.19
0.99
0.65
1.01
0.76
0.53
0.15
0.93
0.38
1.46
1.32
1.96
1.27
2.81
1.47
0.48
0.53
0.48
0.45
0.82
0.31
