GUESS    :MOVING_SM
STARTTIME:1287837821537
ENDTIME  :1287837834436
LOCATION :Location[mProvider=network,mTime=1287837798417,mLatitude=55.749566400000006,mLongitude=12.37671915,mHasAltitude=false,mAltitude=0.0,mHasSpeed=false,mSpeed=0.0,mHasBearing=false,mBearing=0.0,mHasAccuracy=true,mAccuracy=50.0,mExtras=Bundle[mParcelledData.dataSize=148]]
ADDRESS :

0.15
0.27
0.91
0.56
1.80
0.89
0.83
1.14
1.80
2.57
1.58
1.38
0.57
0.60
0.30
0.69
1.18
0.99
0.79
0.14
0.68
0.23
1.18
0.19
0.61
0.23
0.27
0.54
0.15
0.56
0.11
0.33
0.31
0.23
1.10
0.45
1.23
1.02
0.61
0.61
0.49
0.59
0.49
0.31
0.23
0.15
0.76
0.18
0.42
0.34
0.37
0.23
0.95
0.83
0.68
0.98
0.33
0.26
0.49
0.89
0.57
0.57
0.95
0.65
0.53
0.65
1.43
0.78
0.83
1.53
0.18
0.65
0.48
0.68
0.69
0.38
2.17
0.35
1.28
0.42
0.18
0.33
0.56
1.24
0.34
1.50
0.38
0.27
0.19
0.41
0.27
0.04
0.04
0.19
0.12
0.69
0.34
0.38
0.33
0.46
0.30
0.76
0.37
0.50
0.35
0.67
0.42
1.46
1.31
0.65
2.34
1.01
2.67
4.69
5.83
4.10
2.41
1.25
0.63
1.33
0.50
0.87
0.93
0.25
0.15
0.15
0.82
0.94
0.59
0.39
0.57
0.23
0.08
0.93
0.44
0.44
0.23
0.33
0.39
0.27
0.34
0.23
0.27
0.42
0.16
0.54
0.34
0.42
0.20
0.64
0.53
0.20
0.45
0.14
0.34
0.12
0.56
0.39
0.15
0.45
0.46
0.27
1.06
0.64
0.11
0.50
0.29
0.27
0.08
0.31
0.65
0.68
0.44
0.52
0.53
0.23
0.30
0.23
0.23
0.16
0.25
0.50
0.12
0.35
0.93
0.54
0.42
0.46
0.61
0.38
0.57
0.23
0.38
0.53
0.27
0.57
0.50
0.59
0.31
0.38
0.08
0.31
0.37
0.19
0.53
0.38
0.15
0.29
0.53
0.31
0.20
0.65
0.19
0.35
0.15
0.23
0.34
0.72
0.80
0.52
0.76
0.80
0.60
0.86
1.99
2.48
2.03
0.65
1.29
0.38
0.34
1.25
0.23
0.23
0.49
0.27
0.41
0.33
0.39
0.38
0.12
0.23
0.35
0.27
0.41
0.95
0.26
0.54
0.08
0.46
0.16
0.04
0.04
0.16
0.20
0.11
