GUESS    :IDLE
STARTTIME:1288891253925
ENDTIME  :1288891268683
LOCALSPD :0.0
LONGSPD  :-1.0
LOCATION :Location[mProvider=network,mTime=1288891246860,mLatitude=55.749585280000005,mLongitude=12.37674428,mHasAltitude=false,mAltitude=0.0,mHasSpeed=false,mSpeed=0.0,mHasBearing=false,mBearing=0.0,mHasAccuracy=true,mAccuracy=50.0,mExtras=Bundle[mParcelledData.dataSize=148]]
ADDRESS :Address[addressLines=[0:"Egebjerg Bygade 4-18",1:"2750 Ballerup",2:"Denmark"],feature=4-18,admin=Capital Region of Denmark,sub-admin=Ballerup,locality=Ballerup,thoroughfare=Egebjerg Bygade,postalCode=2750,countryCode=DK,countryName=Denmark,hasLatitude=true,latitude=55.7495251,hasLongitude=true,longitude=12.3774314,phone=null,url=null,extras=null]

0.08
0.08
0.04
0.08
0.08
0.04
0.08
0.04
0.04
0.12
0.08
0.08
0.08
0.04
0.04
0.12
0.08
0.04
0.12
0.12
0.16
0.08
0.08
0.08
0.08
0.08
0.08
0.16
0.08
0.04
0.04
0.04
0.12
0.04
0.08
0.08
0.08
0.08
0.12
0.08
0.08
0.04
0.08
0.04
0.04
0.08
0.04
0.08
0.04
0.08
0.08
0.12
0.04
0.12
0.04
0.12
0.04
0.08
0.03
0.07
0.04
0.08
0.04
0.08
0.08
0.04
0.04
0.04
0.04
0.04
0.04
0.12
0.08
0.04
0.04
0.08
0.08
0.08
0.04
0.04
0.11
0.15
0.04
0.08
0.15
0.11
0.04
0.04
0.04
0.08
0.08
0.08
0.08
0.08
0.04
0.04
0.08
0.12
0.16
0.08
0.04
0.12
0.04
0.08
0.08
0.08
0.04
0.04
0.08
0.04
0.04
0.12
0.04
0.04
0.08
0.12
0.12
0.04
0.04
0.08
0.08
0.08
0.12
0.08
0.08
0.04
0.12
0.08
0.12
0.08
0.12
0.12
0.08
0.08
0.08
0.08
0.04
0.12
0.08
0.04
0.04
0.04
0.12
0.15
0.11
0.08
0.04
0.08
0.12
0.04
0.08
0.08
0.08
0.04
0.04
0.08
0.08
0.08
0.08
0.08
0.11
0.07
0.08
0.08
0.08
0.08
0.08
0.08
0.04
0.08
0.08
0.08
0.08
0.08
0.08
0.08
0.08
0.08
0.12
0.12
0.08
0.08
0.08
0.08
0.08
0.12
0.12
0.08
0.04
0.12
0.16
0.16
0.11
0.23
0.08
0.04
0.04
0.12
0.08
0.08
0.04
0.04
0.08
0.08
0.12
0.08
0.04
0.08
0.12
0.08
0.12
0.04
0.11
0.07
0.07
0.07
0.12
0.15
0.11
0.11
0.07
0.04
0.04
0.04
0.08
0.04
0.03
0.07
0.12
0.04
0.03
0.07
0.03
0.11
0.08
0.04
0.04
0.04
0.12
0.16
0.04
0.07
0.07
0.04
0.04
0.08
0.08
0.04
0.12
0.23
0.07
0.12
0.16
0.12
0.12
0.08
