GUESS    :MOVING_SM
STARTTIME:1290716309758
ENDTIME  :1290716323534
LOCALSPD :-1.0
LONGSPD  :NaN
LOCATION :Location[mProvider=network,mTime=1290715964745,mLatitude=55.74957875,mLongitude=12.376729950000001,mHasAltitude=false,mAltitude=0.0,mHasSpeed=false,mSpeed=0.0,mHasBearing=false,mBearing=0.0,mHasAccuracy=true,mAccuracy=50.0,mExtras=Bundle[mParcelledData.dataSize=148]]
ADDRESS :

0.15
0.04
0.09
0.09
0.09
0.10
0.06
0.09
0.09
0.08
0.07
0.09
0.10
0.07
0.09
0.08
0.09
0.08
0.08
0.09
0.08
0.08
0.09
0.08
0.08
0.08
0.09
0.07
0.09
0.08
0.09
0.08
0.08
0.09
0.08
0.07
0.09
0.08
0.07
0.09
0.08
0.08
0.08
0.09
0.08
0.08
0.08
0.08
0.09
0.09
0.08
0.08
0.08
0.08
0.08
0.09
0.08
0.08
0.09
0.08
0.08
0.08
0.09
0.07
0.09
0.08
0.08
0.09
0.09
0.09
0.08
0.09
0.08
0.09
0.07
0.08
0.08
0.08
0.09
0.09
0.08
0.07
0.08
0.09
0.08
0.08
0.08
0.08
0.08
0.08
0.09
0.08
0.08
0.09
0.08
0.09
0.08
0.09
0.08
0.08
0.08
0.08
0.08
0.08
0.08
0.08
0.07
0.09
0.08
0.08
0.08
0.09
0.08
0.07
0.08
0.09
0.08
0.07
0.08
0.09
0.07
0.08
0.07
0.09
0.07
0.08
0.09
0.08
