GUESS    :IDLE
STARTTIME:1290716378975
ENDTIME  :1290716392684
LOCALSPD :-1.0
LONGSPD  :NaN
LOCATION :Location[mProvider=network,mTime=1290715964745,mLatitude=55.74957875,mLongitude=12.376729950000001,mHasAltitude=false,mAltitude=0.0,mHasSpeed=false,mSpeed=0.0,mHasBearing=false,mBearing=0.0,mHasAccuracy=true,mAccuracy=50.0,mExtras=Bundle[mParcelledData.dataSize=148]]
ADDRESS :

0.11
0.50
1.23
0.80
0.27
0.42
0.19
0.42
0.18
0.46
0.30
0.11
0.19
0.30
0.12
0.54
0.15
0.56
0.22
0.31
0.18
0.27
0.26
0.19
0.19
0.10
0.22
0.03
0.12
0.15
0.03
0.15
0.59
0.50
0.25
0.31
0.12
0.31
0.31
0.31
0.16
0.07
0.12
0.11
0.04
0.11
0.12
0.15
0.11
0.04
0.04
0.04
0.12
0.08
0.04
0.08
0.04
0.04
0.04
0.04
0.08
0.08
0.04
0.12
0.15
0.15
0.15
0.04
0.07
0.11
0.03
0.04
0.03
0.15
0.12
0.08
0.04
0.04
0.12
0.04
0.03
0.12
0.07
0.03
0.05
0.15
0.12
0.16
0.04
0.08
0.08
0.04
0.08
0.04
0.04
0.08
0.07
0.07
0.08
0.12
0.08
0.11
0.15
0.04
0.08
0.08
0.08
0.07
0.07
0.08
0.15
0.11
0.04
0.07
0.11
0.08
0.12
0.04
0.11
0.19
0.07
0.03
0.04
0.19
0.07
0.11
0.08
0.15
0.12
0.08
0.07
0.07
0.04
0.03
0.07
0.03
0.03
0.08
0.12
0.04
0.08
0.07
0.04
0.15
0.12
0.15
0.19
0.23
0.16
0.15
0.07
0.11
0.12
0.12
0.11
0.11
0.08
0.08
0.12
0.08
0.04
0.08
0.12
0.04
0.08
0.08
0.04
0.04
0.04
0.11
0.07
0.08
0.11
0.03
0.08
0.10
0.18
0.12
0.04
0.07
0.03
0.04
0.03
0.07
0.12
0.04
0.07
0.18
0.11
0.07
0.10
0.07
0.12
0.12
0.04
0.11
0.03
0.04
0.03
0.07
0.04
0.14
0.11
0.15
0.04
0.08
0.19
0.08
0.11
0.08
0.22
0.18
0.08
0.04
0.08
0.08
0.08
0.04
0.16
0.08
0.15
0.11
0.11
0.15
0.12
0.04
0.11
0.11
0.08
0.04
0.07
0.07
0.07
0.11
0.08
0.11
0.19
0.15
0.07
0.04
0.08
0.04
0.11
0.11
0.07
0.04
0.04
0.07
0.10
0.10
0.07
0.04
0.03
0.08
0.12
0.08
