GUESS    :MOVING_SM
STARTTIME:1290716434835
ENDTIME  :1290716448762
LOCALSPD :-1.0
LONGSPD  :0.0
LOCATION :Location[mProvider=network,mTime=1290716406516,mLatitude=55.74957875,mLongitude=12.376729950000001,mHasAltitude=false,mAltitude=0.0,mHasSpeed=false,mSpeed=0.0,mHasBearing=false,mBearing=0.0,mHasAccuracy=true,mAccuracy=50.0,mExtras=Bundle[mParcelledData.dataSize=148]]
ADDRESS :

0.05
0.07
0.08
0.12
0.15
0.19
0.15
0.15
0.04
0.08
0.07
0.23
0.20
0.18
0.34
0.20
0.04
0.04
0.12
0.16
0.07
0.25
0.12
0.11
0.14
0.18
0.29
0.16
0.16
0.20
0.39
0.41
0.15
0.12
0.41
0.04
0.14
0.27
0.34
0.15
0.26
0.23
0.11
0.33
0.31
0.20
0.15
0.07
0.14
0.15
0.23
0.07
0.10
0.54
0.38
1.43
0.91
0.95
0.18
0.89
0.27
0.23
0.22
0.34
0.44
0.53
0.57
0.46
0.33
0.19
0.34
0.45
1.38
1.77
0.30
0.68
1.04
0.46
0.97
0.78
0.23
0.59
1.25
0.34
0.25
1.36
1.04
1.16
0.83
1.76
0.99
1.20
1.25
1.54
1.01
0.72
0.60
0.72
1.06
1.36
1.57
1.12
0.93
0.72
1.35
0.54
0.42
0.74
0.46
0.84
0.61
0.25
0.16
0.35
0.34
0.19
0.38
0.95
0.87
0.94
0.33
0.61
0.48
0.12
0.52
0.49
0.69
0.95
0.72
0.34
0.31
0.25
0.54
0.61
0.15
0.33
0.54
0.42
0.37
0.20
0.59
0.61
0.61
0.26
0.46
1.14
1.59
1.84
0.49
1.14
1.81
0.54
0.94
0.79
2.15
4.26
1.91
0.76
0.99
1.14
0.25
0.89
0.39
0.25
0.52
0.25
0.34
0.57
0.87
0.90
0.42
0.23
0.35
0.35
0.38
0.19
0.23
0.11
0.15
0.31
0.26
0.34
0.42
0.23
0.20
0.15
0.29
0.30
0.08
0.04
0.27
0.11
0.26
0.19
0.38
0.50
0.74
0.61
0.27
0.39
0.12
0.08
0.25
0.08
0.27
0.41
0.14
0.34
0.27
0.22
0.30
0.18
0.25
0.27
0.08
0.23
0.08
0.11
0.11
0.12
0.26
0.39
0.35
0.27
0.08
0.14
0.11
0.11
0.19
0.37
0.22
0.23
0.31
0.04
0.11
0.19
0.26
0.15
0.23
0.15
0.12
0.19
0.15
0.12
0.15
0.31
0.07
0.46
0.33
0.11
0.12
0.15
0.16
0.20
0.11
0.11
