GUESS    :IDLE
STARTTIME:1287691553650
ENDTIME  :1287691567698
LOCATION :Location[mProvider=network,mTime=1287691565963,mLatitude=55.74958026666667,mLongitude=12.376720666666666,mHasAltitude=false,mAltitude=0.0,mHasSpeed=false,mSpeed=0.0,mHasBearing=false,mBearing=0.0,mHasAccuracy=true,mAccuracy=50.0,mExtras=Bundle[mParcelledData.dataSize=148]]
ADDRESS :

0.25
0.20
0.08
0.12
0.08
0.08
0.04
0.15
0.19
0.12
0.08
0.27
0.27
0.19
0.30
0.35
0.07
0.27
0.08
0.39
0.12
0.46
0.19
0.29
0.27
0.19
0.16
0.29
0.08
0.12
0.12
0.15
0.15
0.04
0.16
0.12
0.23
0.27
0.12
0.12
0.19
0.15
0.08
0.20
0.08
0.08
0.12
0.16
0.11
0.11
0.12
0.16
0.12
0.12
0.16
0.08
0.08
0.08
0.08
0.04
0.08
0.12
0.12
0.08
0.16
0.12
0.04
0.04
0.12
0.15
0.15
0.12
0.20
0.08
0.15
0.15
0.12
0.08
0.04
0.04
0.08
0.16
0.04
0.12
0.04
0.08
0.08
0.08
0.04
0.11
0.15
0.08
0.12
0.04
0.04
0.04
0.08
0.12
0.04
0.04
0.12
0.08
0.08
0.12
0.04
0.08
0.12
0.08
0.08
0.12
0.04
0.08
0.08
0.08
0.16
0.04
0.07
0.11
0.08
0.04
0.04
0.04
0.12
0.16
0.08
0.04
0.08
0.04
0.08
0.08
0.08
0.04
0.04
0.04
0.12
0.12
0.04
0.12
0.12
0.04
0.08
0.08
0.08
0.08
0.04
0.04
0.04
0.04
0.16
0.12
0.08
0.12
0.08
0.08
0.12
0.08
0.12
0.08
0.08
0.12
0.12
0.08
0.08
0.04
0.12
0.04
0.04
0.04
0.16
0.16
0.08
0.04
0.08
0.04
0.12
0.16
0.16
0.08
0.12
0.04
0.12
0.25
0.08
0.30
0.10
0.29
0.29
0.12
0.25
0.20
0.12
0.04
0.12
0.08
0.15
0.11
0.12
0.16
0.04
0.12
0.12
0.08
0.04
0.12
0.16
0.25
0.08
0.04
0.12
0.16
0.12
0.12
0.12
0.04
0.04
0.04
0.12
0.08
0.12
0.08
0.04
0.08
0.08
0.04
0.08
0.08
0.04
0.08
0.16
0.12
0.08
0.16
0.12
0.08
0.08
0.12
0.16
0.08
0.16
0.16
0.16
0.12
0.08
0.08
0.08
0.08
0.08
0.08
0.08
0.08
0.04
0.12
0.08
0.04
0.04
0.04
