GUESS    :IDLE
STARTTIME:1287932460968
ENDTIME  :1287932476198
LOCALSPD :0.0
LONGSPD  :-1.0
LOCATION :org.peterstrand.service.LocationWrapper@44ab3b00
ADDRESS :

0.03
0.03
0.07
0.08
0.07
0.07
0.08
0.04
0.04
0.15
0.03
0.07
0.04
0.07
0.11
0.04
0.04
0.04
0.04
0.07
0.11
0.08
0.04
0.07
0.07
0.08
0.12
0.11
0.07
0.07
0.03
0.05
0.04
0.03
0.07
0.07
0.07
0.08
0.08
0.12
0.04
0.04
0.08
0.07
0.11
0.11
0.03
0.11
0.07
0.12
0.07
0.11
0.04
0.07
0.07
0.07
0.03
0.03
0.14
0.04
0.07
0.04
0.07
0.07
0.12
0.07
0.03
0.05
0.07
0.10
0.10
0.10
0.05
0.04
0.04
0.03
0.05
0.03
0.03
0.03
0.07
0.15
0.15
0.03
0.10
0.10
0.07
0.03
0.07
0.03
0.07
0.07
0.04
0.08
0.04
0.04
0.05
0.07
0.07
0.08
0.15
0.08
0.08
0.08
0.04
0.04
0.11
0.04
0.10
0.07
0.11
0.14
0.07
0.07
0.03
0.04
0.07
0.07
0.04
0.07
0.11
0.10
0.07
0.14
0.10
0.04
0.08
0.04
0.07
0.07
0.04
0.10
0.07
0.04
0.07
0.03
0.04
0.03
0.11
0.19
0.04
0.08
0.03
0.04
0.07
0.11
0.05
0.03
0.04
0.04
0.11
0.15
0.14
0.07
0.11
0.04
0.04
0.12
0.12
0.03
0.07
0.12
0.04
0.04
0.04
0.07
0.10
0.05
0.04
0.04
0.03
0.04
0.08
0.07
0.10
0.04
0.03
0.05
0.03
0.03
0.10
0.11
0.04
0.04
0.04
0.10
0.03
0.04
0.03
0.05
0.05
0.04
0.03
0.04
0.10
0.04
0.10
0.05
0.04
0.10
0.05
0.11
0.07
0.05
0.03
0.05
0.03
0.07
0.08
0.04
0.04
0.04
0.04
0.11
0.07
0.04
0.04
0.03
0.03
0.11
0.07
0.04
0.08
0.15
0.07
0.04
0.04
0.04
0.04
0.04
0.04
0.11
0.03
0.04
0.14
0.07
0.10
0.14
0.11
0.11
0.04
0.03
0.03
0.03
0.07
0.03
0.07
0.04
0.03
0.04
0.07
0.04
0.03
0.07
0.04
0.04
