GUESS    :WALKING
STARTTIME:1287910671190
ENDTIME  :1287910684695
LOCATION :Location[mProvider=network,mTime=1287910680458,mLatitude=55.746235,mLongitude=12.384796,mHasAltitude=false,mAltitude=0.0,mHasSpeed=false,mSpeed=0.0,mHasBearing=false,mBearing=0.0,mHasAccuracy=true,mAccuracy=814.0,mExtras=Bundle[mParcelledData.dataSize=148]]
ADDRESS :

2.27
1.54
1.43
1.83
1.04
2.81
4.55
9.62
10.39
6.80
7.38
8.47
3.80
3.72
1.01
2.41
1.18
1.25
0.75
2.86
3.01
5.39
3.95
5.33
3.98
1.87
2.07
1.28
1.27
2.30
2.75
1.48
1.29
4.99
4.92
4.00
4.29
1.25
5.34
2.96
3.53
1.84
1.20
2.47
0.44
1.62
4.06
0.50
9.08
3.69
7.52
2.18
3.58
2.14
2.10
2.76
2.12
0.72
1.06
1.54
4.78
2.07
0.95
3.60
1.77
0.26
0.91
0.80
0.60
0.69
1.10
0.95
2.08
1.16
1.10
0.76
0.46
0.19
0.76
0.89
0.25
0.89
1.04
0.65
0.26
0.72
0.35
0.80
0.57
0.11
0.41
0.20
0.34
0.04
0.08
0.15
0.12
0.12
0.11
0.33
0.53
0.42
0.29
0.52
0.12
0.74
0.19
0.78
0.44
0.31
0.75
0.91
0.64
0.41
0.68
0.54
0.38
0.15
0.16
0.08
0.20
0.07
0.14
0.18
0.04
0.19
0.10
0.15
0.07
0.15
0.26
0.20
0.10
0.22
0.15
0.08
0.20
0.20
0.08
0.07
0.08
0.08
0.04
0.08
0.03
0.19
0.19
0.15
0.04
0.08
0.04
0.07
0.03
0.08
0.04
0.08
0.08
0.04
0.08
0.16
0.08
0.08
0.04
0.12
0.16
0.53
0.37
0.23
0.12
0.19
0.14
0.11
0.30
0.56
0.27
0.38
0.29
0.80
0.69
1.72
0.53
1.25
0.59
0.69
0.84
0.97
0.64
0.44
1.18
0.65
0.35
0.54
0.71
1.27
1.42
3.36
5.79
2.00
5.57
4.14
1.92
4.10
1.66
2.45
0.87
1.35
0.45
0.84
0.72
0.16
0.95
1.87
2.42
2.14
1.95
2.19
2.81
2.83
2.07
0.97
1.18
0.80
0.52
0.16
0.69
0.97
0.84
1.04
1.31
1.18
0.42
0.68
0.59
0.42
0.18
0.15
0.37
0.15
0.30
0.34
0.27
0.42
0.16
0.30
0.12
0.61
0.38
0.16
0.20
0.23
0.44
0.20
0.04
0.08
0.08
0.08
