GUESS    :MOVING_SM
STARTTIME:1287910833546
ENDTIME  :1287910847350
LOCATION :Location[mProvider=network,mTime=1287910846362,mLatitude=55.746235,mLongitude=12.384796,mHasAltitude=false,mAltitude=0.0,mHasSpeed=false,mSpeed=0.0,mHasBearing=false,mBearing=0.0,mHasAccuracy=true,mAccuracy=814.0,mExtras=Bundle[mParcelledData.dataSize=148]]
ADDRESS :

3.38
8.32
4.13
5.56
4.14
3.91
2.72
2.53
1.69
1.16
1.42
1.65
0.76
1.24
1.84
1.88
10.00
3.75
6.66
2.79
2.96
2.76
4.64
5.76
3.06
5.07
3.60
3.31
2.30
2.17
3.04
0.80
1.27
1.24
1.06
1.21
1.66
2.62
2.82
1.92
3.15
0.99
0.93
0.61
1.53
0.22
1.28
1.89
2.07
3.41
2.57
1.62
1.78
2.11
0.84
0.60
0.61
0.99
0.27
0.76
0.99
2.41
0.89
2.72
0.56
1.46
0.53
0.90
0.39
0.38
0.34
0.19
0.07
0.22
0.03
0.22
0.19
0.30
0.08
0.15
0.12
0.15
0.15
0.22
0.15
0.15
0.03
0.19
0.49
0.57
0.68
1.80
2.32
0.75
0.71
0.80
0.27
0.29
0.31
0.82
0.19
0.80
0.53
0.25
0.80
0.54
0.50
0.35
0.57
0.30
0.08
0.23
0.26
0.27
0.12
0.23
0.19
0.35
0.46
0.68
0.30
2.10
4.18
3.43
1.58
1.31
0.29
0.57
0.80
0.23
0.35
0.79
0.31
0.93
0.50
0.42
0.54
0.08
0.75
0.34
0.46
0.12
0.33
0.64
0.31
0.53
0.48
0.53
0.61
0.50
0.46
0.35
0.11
0.23
0.12
0.12
0.12
0.15
0.19
0.08
0.12
0.16
0.05
0.14
0.11
0.18
0.20
0.11
0.15
0.12
0.10
0.11
0.14
0.18
0.16
0.07
0.10
0.30
0.25
0.04
0.27
0.27
0.18
0.22
0.18
0.23
0.11
0.26
0.30
0.57
0.30
0.35
0.29
0.72
0.29
0.39
0.20
0.14
0.19
0.19
0.16
0.08
0.04
0.16
0.12
0.12
0.11
0.07
0.04
0.04
0.07
0.11
0.11
0.15
0.04
0.12
0.16
0.16
0.04
0.04
0.12
0.16
0.12
0.11
0.15
0.15
0.03
0.14
0.18
0.07
0.04
0.07
0.04
0.11
0.15
0.07
0.19
0.19
0.07
0.07
0.22
0.11
0.18
0.19
0.14
0.08
0.25
0.44
0.31
0.19
0.26
0.07
0.07
0.10
0.03
0.08
