GUESS    :WALKING
STARTTIME:1287911075227
ENDTIME  :1287911088469
LOCATION :Location[mProvider=network,mTime=1287911086523,mLatitude=55.74593339999999,mLongitude=12.378263166666665,mHasAltitude=false,mAltitude=0.0,mHasSpeed=false,mSpeed=0.0,mHasBearing=false,mBearing=0.0,mHasAccuracy=true,mAccuracy=75.0,mExtras=Bundle[mParcelledData.dataSize=148]]
ADDRESS :

1.88
1.27
0.43
0.20
0.48
0.08
0.10
0.19
0.24
0.14
0.16
0.25
0.25
0.09
0.14
0.26
0.18
0.30
0.28
0.32
0.63
0.07
0.19
0.35
0.25
0.19
0.25
0.13
0.19
0.05
0.01
0.04
0.11
0.05
0.02
0.12
0.06
0.07
0.07
0.18
0.07
0.10
0.18
0.32
0.06
0.22
0.20
0.09
0.12
0.04
0.06
0.09
0.13
0.09
0.07
0.09
0.01
0.12
0.17
0.06
0.12
0.17
0.13
0.19
0.05
0.19
0.22
0.19
0.14
0.08
0.03
0.06
0.05
0.03
0.11
0.17
0.10
0.13
0.14
0.11
0.07
0.11
0.11
0.11
0.21
0.23
0.13
0.11
0.12
0.07
0.14
0.12
0.02
0.11
0.05
0.14
0.08
0.09
0.08
0.09
0.14
0.05
0.05
0.13
0.10
0.05
0.05
0.05
0.12
0.14
0.06
0.15
0.22
0.24
0.16
0.08
0.24
0.10
0.13
0.13
0.12
0.10
0.12
0.19
0.06
0.10
0.11
0.16
