GUESS    :MOVING_SM
STARTTIME:1287911433746
ENDTIME  :1287911446925
LOCATION :Location[mProvider=network,mTime=1287911401932,mLatitude=55.7454488,mLongitude=12.3767715,mHasAltitude=false,mAltitude=0.0,mHasSpeed=false,mSpeed=0.0,mHasBearing=false,mBearing=0.0,mHasAccuracy=true,mAccuracy=92.0,mExtras=Bundle[mParcelledData.dataSize=148]]
ADDRESS :

1.58
1.81
3.02
2.11
2.41
1.58
0.79
1.73
0.61
0.59
1.43
1.14
1.20
1.23
0.64
2.34
3.08
3.76
2.17
1.01
1.62
1.91
1.88
1.73
1.76
1.10
0.72
0.42
0.72
0.74
1.01
1.51
1.99
1.12
1.89
2.30
1.35
2.29
2.12
2.30
1.74
2.70
1.84
1.20
1.70
1.13
0.61
1.46
1.35
1.16
1.33
0.35
0.65
0.16
0.14
0.41
0.29
0.04
0.11
0.34
0.35
0.11
0.42
0.31
0.15
0.14
0.30
0.34
0.15
0.10
0.15
0.18
0.10
0.15
0.04
0.12
0.30
0.19
0.23
0.08
0.16
0.08
0.16
0.10
0.12
0.22
0.16
0.33
0.04
0.23
0.23
0.72
0.23
0.74
0.22
0.45
0.19
0.39
0.20
0.20
0.29
0.14
0.15
0.15
0.11
0.19
0.15
0.12
0.23
0.18
0.08
0.07
0.04
0.04
0.04
0.19
0.19
0.19
0.15
0.97
0.65
1.43
0.37
0.63
0.29
0.23
0.27
0.34
0.34
0.38
0.34
0.35
0.59
0.22
0.15
0.15
0.11
0.19
0.15
0.16
0.26
0.33
0.25
0.23
0.23
0.34
0.26
0.12
0.16
0.25
0.69
0.25
0.53
0.72
0.80
0.65
0.16
0.42
0.12
0.22
0.04
0.08
0.34
0.19
0.72
0.49
0.95
0.41
0.56
0.35
0.38
0.34
0.08
0.19
0.11
0.11
0.04
0.11
0.12
0.08
0.16
0.11
0.07
0.07
0.16
0.11
0.11
0.03
0.19
0.08
0.11
0.15
0.22
0.14
0.11
0.08
0.15
0.04
0.07
0.08
0.12
0.08
0.12
0.11
0.04
0.08
0.22
0.15
0.04
0.08
0.08
0.08
0.08
0.12
0.19
0.18
0.11
0.07
0.12
0.07
0.11
0.14
0.03
0.07
0.11
0.07
0.11
0.07
0.23
0.15
0.04
0.11
0.12
0.07
0.08
0.27
0.07
0.16
0.16
0.12
0.15
0.12
0.16
0.12
0.08
0.08
0.07
0.11
0.12
0.20
0.12
0.07
0.10
0.23
0.57
0.22
