GUESS    :MOVING_SM
STARTTIME:1287909127066
ENDTIME  :1287909141739
LOCATION :Location[mProvider=network,mTime=1287909106833,mLatitude=55.7465931,mLongitude=12.3726557,mHasAltitude=false,mAltitude=0.0,mHasSpeed=false,mSpeed=0.0,mHasBearing=false,mBearing=0.0,mHasAccuracy=true,mAccuracy=56.0,mExtras=Bundle[mParcelledData.dataSize=148]]
ADDRESS :

0.89
1.21
0.83
0.55
0.34
0.24
0.22
0.19
0.18
0.17
0.13
0.03
0.00
0.07
0.03
0.08
0.08
0.14
0.10
0.10
0.07
0.14
0.27
0.36
0.40
0.34
0.24
0.17
0.08
0.04
0.06
0.07
0.05
0.06
0.09
0.07
0.05
0.06
0.12
0.20
0.21
0.18
0.15
0.10
0.04
0.05
0.13
0.15
0.15
0.12
0.10
0.07
0.08
0.07
0.07
0.06
0.05
0.04
0.04
0.03
0.03
0.03
0.06
0.07
0.07
0.05
0.04
0.02
0.08
0.16
0.17
0.16
0.15
0.18
0.13
0.08
0.04
0.07
0.10
0.13
0.10
0.06
0.02
0.03
0.08
0.12
0.11
0.08
0.07
0.03
0.07
0.06
0.08
0.05
0.07
0.10
0.12
0.15
0.13
0.10
0.06
0.07
0.04
0.05
0.06
0.07
0.07
0.08
0.09
0.08
0.04
0.04
0.07
0.09
0.11
0.08
0.09
0.04
0.05
0.06
0.04
0.03
0.02
0.07
0.14
0.15
0.09
0.04
