GUESS    :WALKING
STARTTIME:1287909156244
ENDTIME  :1287909170677
LOCATION :Location[mProvider=network,mTime=1287909148044,mLatitude=55.7465931,mLongitude=12.3726557,mHasAltitude=false,mAltitude=0.0,mHasSpeed=false,mSpeed=0.0,mHasBearing=false,mBearing=0.0,mHasAccuracy=true,mAccuracy=56.0,mExtras=Bundle[mParcelledData.dataSize=148]]
ADDRESS :

1.74
1.72
0.11
0.35
0.36
0.10
0.18
0.16
0.30
0.25
0.17
0.08
0.16
0.20
0.20
0.15
0.08
0.32
0.20
0.22
0.30
0.35
0.35
0.48
0.49
0.41
0.36
0.24
0.15
0.12
0.14
0.16
0.09
0.11
0.14
0.14
0.09
0.04
0.03
0.10
0.23
0.13
0.04
0.10
0.09
0.05
0.08
0.13
0.13
0.09
0.15
0.20
0.12
0.05
0.00
0.08
0.07
0.04
0.11
0.13
0.08
0.13
0.18
0.14
0.09
0.03
0.11
0.13
0.10
0.06
0.07
0.06
0.09
0.12
0.10
0.15
0.17
0.12
0.10
0.11
0.12
0.05
0.05
0.12
0.08
0.06
0.09
0.07
0.09
0.13
0.16
0.19
0.16
0.17
0.09
0.05
0.15
0.11
0.07
0.04
0.14
0.22
0.21
0.13
0.07
0.05
0.08
0.03
0.07
0.09
0.07
0.13
0.15
0.12
0.12
0.07
0.05
0.06
0.07
0.02
0.07
0.17
0.21
0.19
0.22
0.04
0.16
0.14
