GUESS    :WALKING
STARTTIME:1287909519666
ENDTIME  :1287909533018
LOCATION :Location[mProvider=network,mTime=1287909512879,mLatitude=55.746266399999996,mLongitude=12.3789746,mHasAltitude=false,mAltitude=0.0,mHasSpeed=false,mSpeed=0.0,mHasBearing=false,mBearing=0.0,mHasAccuracy=true,mAccuracy=56.0,mExtras=Bundle[mParcelledData.dataSize=148]]
ADDRESS :

2.60
1.01
0.46
0.64
0.59
0.36
0.33
0.33
0.12
0.25
0.38
0.19
0.21
0.15
0.62
0.31
0.63
0.66
0.34
0.70
0.15
1.06
0.58
0.65
0.49
0.29
0.05
0.04
0.24
0.27
0.15
0.04
0.20
0.08
0.17
0.32
0.09
0.25
0.23
0.33
0.29
0.10
0.12
0.14
0.38
0.09
0.20
0.17
0.17
0.26
0.18
0.03
0.19
0.09
0.15
0.12
0.21
0.10
0.06
0.05
0.11
0.30
0.40
0.34
0.14
0.08
0.11
0.10
0.03
0.09
0.25
0.08
0.10
0.12
0.14
0.17
0.06
0.25
0.05
0.04
0.16
0.19
0.12
0.07
0.10
0.03
0.06
0.05
0.09
0.12
0.17
0.20
0.21
0.20
0.16
0.20
0.26
0.07
0.15
0.19
0.15
0.04
0.13
0.02
0.08
0.23
0.18
0.09
0.14
0.05
0.17
0.05
0.13
0.28
0.15
0.07
0.11
0.13
0.10
0.17
0.18
0.04
0.19
0.10
0.09
0.09
0.05
0.11
