GUESS    :WALKING
STARTTIME:1287909625238
ENDTIME  :1287909639156
LOCATION :Location[mProvider=network,mTime=1287909637083,mLatitude=55.746235,mLongitude=12.384796,mHasAltitude=false,mAltitude=0.0,mHasSpeed=false,mSpeed=0.0,mHasBearing=false,mBearing=0.0,mHasAccuracy=true,mAccuracy=814.0,mExtras=Bundle[mParcelledData.dataSize=148]]
ADDRESS :

2.93
1.11
0.62
0.34
0.41
0.26
0.27
0.18
0.15
0.08
0.18
0.46
0.03
0.28
0.07
0.09
0.10
0.23
0.27
0.06
0.49
0.26
0.36
0.45
0.86
0.48
0.07
0.59
0.27
0.17
0.20
0.19
0.13
0.04
0.17
0.20
0.22
0.22
0.24
0.11
0.19
0.13
0.29
0.11
0.25
0.15
0.19
0.33
0.06
0.13
0.25
0.22
0.27
0.14
0.24
0.18
0.06
0.11
0.21
0.20
0.18
0.07
0.03
0.16
0.26
0.20
0.30
0.19
0.27
0.05
0.15
0.51
0.31
0.26
0.19
0.27
0.33
0.16
0.14
0.23
0.12
0.05
0.13
0.13
0.19
0.09
0.03
0.13
0.27
0.25
0.06
0.16
0.25
0.14
0.16
0.11
0.14
0.32
0.22
0.11
0.22
0.11
0.17
0.23
0.20
0.17
0.11
0.19
0.10
0.19
0.14
0.18
0.24
0.32
0.17
0.03
0.34
0.11
0.07
0.04
0.19
0.15
0.04
0.06
0.23
0.09
0.30
0.14
