GUESS    :WALKING
STARTTIME:1287584355157
ENDTIME  :1287584370646
LOCATION :Location[mProvider=network,mTime=1287584357163,mLatitude=55.7334607,mLongitude=12.38653846,mHasAltitude=false,mAltitude=0.0,mHasSpeed=false,mSpeed=0.0,mHasBearing=false,mBearing=0.0,mHasAccuracy=true,mAccuracy=60.0,mExtras=Bundle[mParcelledData.dataSize=148]]
ADDRESS :

4.40
2.78
3.20
9.82
4.26
3.91
2.37
0.52
3.32
5.97
2.76
6.39
3.26
2.08
2.62
0.78
2.03
4.82
2.85
2.32
6.16
4.58
4.29
1.70
1.54
3.95
3.65
4.14
2.93
3.66
2.96
2.22
2.17
7.03
0.25
4.10
7.80
3.45
7.18
3.06
1.47
1.51
3.51
2.34
2.82
5.39
2.19
3.30
2.56
0.91
2.60
2.27
2.18
7.90
8.08
4.56
2.94
3.01
0.97
1.10
1.84
3.72
2.75
4.74
3.57
2.07
1.54
1.27
0.93
3.01
2.18
5.34
8.50
4.33
1.97
2.98
0.72
0.67
2.07
3.19
2.48
6.70
2.10
0.69
1.92
1.68
1.72
2.32
3.04
4.21
7.29
3.06
2.00
3.01
0.76
1.04
1.42
3.36
2.45
6.12
1.54
2.40
2.66
2.25
1.66
1.38
3.30
3.41
5.04
2.00
1.42
3.51
1.04
0.83
1.33
1.16
2.41
3.64
5.03
2.37
0.72
1.14
1.28
0.44
1.58
2.49
0.49
2.18
6.14
2.72
3.50
1.84
0.83
1.12
0.46
1.24
1.65
2.56
2.57
0.90
1.09
0.45
0.78
0.20
1.55
0.89
0.98
0.65
1.18
1.06
1.57
0.18
1.61
0.34
0.89
0.34
1.29
0.56
0.89
0.42
0.30
1.36
1.47
0.80
0.46
0.16
0.39
0.19
0.60
0.16
0.34
0.71
0.76
0.12
0.53
0.20
0.41
0.26
0.38
0.16
0.12
0.14
0.25
0.19
0.25
0.45
0.27
0.04
0.18
0.19
0.08
0.39
0.08
0.19
0.46
0.61
0.76
0.42
0.69
0.57
0.41
0.27
0.34
0.38
0.31
0.26
0.38
0.37
0.11
0.86
0.53
0.46
0.31
0.46
0.42
1.12
0.78
2.33
1.76
1.50
0.84
1.08
1.50
0.83
0.48
0.12
0.48
0.49
0.42
0.30
0.41
0.30
1.35
1.04
1.08
1.28
0.59
0.56
0.76
0.54
0.89
0.38
0.46
1.20
0.38
0.50
0.75
0.49
1.31
0.65
0.86
1.13
2.60
2.14
1.33
1.10
