GUESS    :MOVING_ME
STARTTIME:1287584463220
ENDTIME  :1287584478661
LOCATION :Location[mProvider=network,mTime=1287584475036,mLatitude=55.73349751999999,mLongitude=12.38653699,mHasAltitude=false,mAltitude=0.0,mHasSpeed=false,mSpeed=0.0,mHasBearing=false,mBearing=0.0,mHasAccuracy=true,mAccuracy=68.0,mExtras=Bundle[mParcelledData.dataSize=148]]
ADDRESS :

2.10
2.14
1.18
1.11
0.76
0.20
0.79
0.68
1.06
1.18
0.56
0.63
0.59
0.16
0.67
0.72
0.82
1.09
0.76
0.46
0.74
0.33
0.33
0.68
0.37
0.41
0.57
0.35
0.42
0.56
0.27
0.30
0.38
0.23
0.49
0.50
0.23
0.21
0.24
0.10
0.23
0.24
0.20
0.41
0.31
0.16
0.30
0.18
0.07
0.27
0.19
0.14
0.31
0.24
0.08
0.23
0.27
0.04
0.19
0.22
0.13
0.17
0.27
0.05
0.25
0.18
0.09
0.26
0.27
0.06
0.22
0.20
0.10
0.25
0.17
0.28
0.41
0.17
0.17
0.41
0.09
0.34
0.45
0.21
0.33
0.33
0.10
0.21
0.24
0.11
0.28
0.17
0.24
0.49
0.36
0.10
0.30
0.25
0.13
0.33
0.18
0.14
0.41
0.18
0.27
0.28
0.08
0.20
0.22
0.02
0.25
0.26
0.07
0.25
0.21
0.12
0.19
0.11
0.22
0.39
0.25
0.13
0.36
0.26
0.09
0.20
0.07
0.23
