GUESS    :WALKING
STARTTIME:1287584493496
ENDTIME  :1287584508005
LOCATION :Location[mProvider=network,mTime=1287584475036,mLatitude=55.73349751999999,mLongitude=12.38653699,mHasAltitude=false,mAltitude=0.0,mHasSpeed=false,mSpeed=0.0,mHasBearing=false,mBearing=0.0,mHasAccuracy=true,mAccuracy=68.0,mExtras=Bundle[mParcelledData.dataSize=148]]
ADDRESS :

3.18
1.64
0.55
0.40
0.69
0.42
0.31
0.11
0.35
0.06
0.41
0.21
0.61
0.86
0.02
0.32
0.22
0.42
0.31
0.06
0.25
0.33
0.37
0.42
0.64
1.12
0.34
0.06
0.25
0.05
0.08
0.01
0.10
0.07
0.12
0.13
0.14
0.27
0.28
0.08
0.05
0.06
0.14
0.07
0.14
0.05
0.22
0.13
0.04
0.15
0.37
0.05
0.09
0.15
0.27
0.21
0.05
0.10
0.05
0.10
0.20
0.07
0.04
0.14
0.15
0.21
0.10
0.04
0.05
0.17
0.05
0.20
0.26
0.13
0.08
0.04
0.09
0.02
0.33
0.37
0.35
0.23
0.13
0.19
0.09
0.14
0.08
0.09
0.20
0.44
0.33
0.10
0.11
0.10
0.10
0.03
0.15
0.21
0.00
0.14
0.07
0.04
0.07
0.41
0.33
0.21
0.20
0.19
0.03
0.12
0.11
0.09
0.04
0.07
0.20
0.29
0.14
0.04
0.07
0.16
0.18
0.14
0.21
0.05
0.13
0.16
0.08
0.16
