GUESS    :WALKING
STARTTIME:1287584714635
ENDTIME  :1287584727766
LOCATION :Location[mProvider=network,mTime=1287584715187,mLatitude=55.73349712,mLongitude=12.386608939999999,mHasAltitude=false,mAltitude=0.0,mHasSpeed=false,mSpeed=0.0,mHasBearing=false,mBearing=0.0,mHasAccuracy=true,mAccuracy=69.0,mExtras=Bundle[mParcelledData.dataSize=148]]
ADDRESS :

4.33
0.72
0.34
0.31
0.05
0.07
0.23
0.04
0.10
0.01
0.14
0.53
1.10
0.92
0.30
0.27
0.01
0.21
0.10
0.05
0.19
0.41
0.39
0.76
0.03
0.80
0.56
0.45
0.42
0.24
0.20
0.13
0.16
0.07
0.32
0.13
0.06
0.25
0.06
0.22
0.07
0.18
0.28
0.15
0.01
0.21
0.25
0.39
0.19
0.14
0.28
0.22
0.16
0.09
0.17
0.06
0.11
0.20
0.09
0.21
0.23
0.13
0.15
0.19
0.18
0.27
0.06
0.20
0.19
0.21
0.34
0.40
0.34
0.40
0.27
0.32
0.26
0.41
0.38
0.31
0.29
0.20
0.16
0.02
0.05
0.16
0.03
0.40
0.05
0.12
0.20
0.40
0.32
0.22
0.38
0.15
0.25
0.32
0.14
0.11
0.24
0.19
0.07
0.37
0.42
0.36
0.47
0.25
0.05
0.13
0.17
0.33
0.13
0.38
0.13
0.28
0.22
0.17
0.21
0.17
0.34
0.15
0.12
0.20
0.13
0.51
0.23
0.21
