GUESS    :WALKING
STARTTIME:1287582748545
ENDTIME  :1287582761696
LOCATION :Location[mProvider=network,mTime=1287582720977,mLatitude=55.7335176,mLongitude=12.386356150000001,mHasAltitude=false,mAltitude=0.0,mHasSpeed=false,mSpeed=0.0,mHasBearing=false,mBearing=0.0,mHasAccuracy=true,mAccuracy=68.0,mExtras=Bundle[mParcelledData.dataSize=148]]
ADDRESS :

1.20
1.35
1.00
0.51
0.09
0.22
0.35
0.27
0.04
0.07
0.17
0.38
0.48
0.35
0.22
0.13
0.14
0.24
0.15
0.06
0.26
0.24
0.33
0.33
0.22
0.18
0.19
0.15
0.18
0.20
0.17
0.08
0.04
0.08
0.10
0.11
0.13
0.09
0.08
0.08
0.13
0.11
0.10
0.06
0.05
0.03
0.02
0.04
0.03
0.05
0.09
0.11
0.17
0.17
0.14
0.14
0.06
0.07
0.06
0.02
0.05
0.07
0.07
0.09
0.13
0.14
0.14
0.13
0.11
0.09
0.12
0.15
0.17
0.21
0.14
0.13
0.11
0.15
0.12
0.07
0.04
0.06
0.15
0.17
0.14
0.14
0.10
0.07
0.10
0.10
0.05
0.05
0.04
0.11
0.15
0.14
0.13
0.06
0.09
0.13
0.12
0.07
0.05
0.06
0.06
0.04
0.05
0.04
0.08
0.13
0.15
0.13
0.11
0.09
0.07
0.01
0.03
0.00
0.07
0.07
0.05
0.13
0.18
0.22
0.27
0.27
0.21
0.09
