GUESS    :MOVING_ME
STARTTIME:1287582974065
ENDTIME  :1287582986945
LOCATION :Location[mProvider=network,mTime=1287582961115,mLatitude=55.73347604999999,mLongitude=12.386521400000001,mHasAltitude=false,mAltitude=0.0,mHasSpeed=false,mSpeed=0.0,mHasBearing=false,mBearing=0.0,mHasAccuracy=true,mAccuracy=73.0,mExtras=Bundle[mParcelledData.dataSize=148]]
ADDRESS :

1.61
0.90
0.81
0.16
0.73
0.28
0.17
0.68
0.36
0.15
0.11
0.44
0.31
0.34
0.42
0.17
0.17
0.25
0.14
0.19
0.25
0.21
0.19
0.08
0.23
0.36
0.09
0.11
0.23
0.27
0.03
0.20
0.21
0.13
0.08
0.17
0.10
0.05
0.15
0.10
0.09
0.07
0.11
0.16
0.06
0.12
0.04
0.14
0.11
0.14
0.07
0.11
0.14
0.15
0.11
0.17
0.12
0.10
0.14
0.10
0.04
0.04
0.06
0.11
0.04
0.05
0.09
0.04
0.14
0.18
0.11
0.06
0.10
0.08
0.07
0.07
0.07
0.07
0.05
0.13
0.11
0.08
0.12
0.18
0.15
0.03
0.07
0.13
0.16
0.10
0.12
0.07
0.09
0.12
0.08
0.01
0.04
0.08
0.05
0.16
0.23
0.12
0.06
0.11
0.08
0.05
0.01
0.03
0.07
0.02
0.04
0.06
0.09
0.09
0.12
0.10
0.12
0.10
0.14
0.10
0.08
0.07
0.05
0.01
0.05
0.02
0.07
0.05
