GUESS    :MOVING_SM
STARTTIME:1287583327496
ENDTIME  :1287583341310
LOCATION :Location[mProvider=network,mTime=1287583336426,mLatitude=55.73348007,mLongitude=12.38648803,mHasAltitude=false,mAltitude=0.0,mHasSpeed=false,mSpeed=0.0,mHasBearing=false,mBearing=0.0,mHasAccuracy=true,mAccuracy=69.0,mExtras=Bundle[mParcelledData.dataSize=148]]
ADDRESS :

0.23
0.12
0.48
0.75
1.08
0.64
1.29
1.92
0.95
1.21
0.57
1.99
0.74
0.53
0.80
0.68
0.19
0.23
0.20
0.20
0.34
0.61
0.97
1.23
2.62
2.81
2.08
2.21
1.08
1.95
1.14
1.14
1.24
1.44
1.05
0.30
0.59
0.93
1.16
3.02
1.81
2.36
1.35
2.56
2.91
1.69
2.14
0.80
0.91
0.89
0.50
1.32
1.33
1.39
0.80
0.95
1.09
0.78
0.46
0.72
0.38
0.23
0.29
0.26
0.22
0.15
0.38
0.35
0.19
0.35
0.30
0.18
0.39
0.14
0.35
0.53
0.10
0.26
0.19
0.23
0.20
0.23
0.05
0.11
0.14
0.27
0.11
0.14
0.03
0.08
0.23
0.18
0.25
0.15
0.15
0.11
0.07
0.15
0.26
0.46
0.23
0.34
0.46
0.42
0.29
0.30
0.29
0.26
0.22
0.20
0.14
0.05
0.25
0.23
0.12
0.12
0.11
0.14
0.19
0.30
0.15
0.31
0.26
0.10
0.07
0.16
0.11
0.11
0.12
0.04
0.07
0.04
0.12
0.11
0.19
0.35
0.39
0.35
0.27
0.27
0.38
0.14
0.19
0.23
0.15
0.04
0.04
0.08
0.16
0.12
0.04
0.12
0.11
0.12
0.15
0.29
0.29
0.19
0.39
0.35
0.25
0.16
0.08
0.25
0.08
0.20
0.25
0.25
0.27
0.15
0.19
0.08
0.08
0.12
0.38
0.31
0.20
0.19
0.12
0.19
0.34
0.41
0.45
0.35
0.64
0.53
0.46
0.08
0.15
0.38
0.37
0.95
0.61
0.30
0.69
0.25
0.35
0.38
0.26
0.25
0.26
0.38
0.42
0.38
0.42
0.30
0.61
0.11
0.83
1.80
2.75
0.30
3.30
2.41
2.38
0.61
1.46
1.31
1.81
0.97
0.34
0.46
0.97
1.42
1.80
4.17
5.03
4.63
4.25
5.53
1.68
2.72
1.35
1.38
1.99
2.86
2.53
2.23
1.20
2.96
3.49
3.13
1.48
2.03
1.24
2.47
3.70
4.25
1.81
3.90
2.10
0.95
3.42
2.26
1.29
0.76
