GUESS    :WALKING
STARTTIME:1287583723866
ENDTIME  :1287583736825
LOCATION :Location[mProvider=network,mTime=1287583696703,mLatitude=55.7334718,mLongitude=12.38653138,mHasAltitude=false,mAltitude=0.0,mHasSpeed=false,mSpeed=0.0,mHasBearing=false,mBearing=0.0,mHasAccuracy=true,mAccuracy=60.0,mExtras=Bundle[mParcelledData.dataSize=148]]
ADDRESS :

2.86
2.00
0.51
0.54
0.24
0.35
0.21
0.15
0.24
0.22
0.32
0.71
0.74
0.40
0.09
0.35
0.29
0.38
0.25
0.21
0.53
0.33
0.72
0.51
0.37
0.06
0.19
0.23
0.18
0.12
0.11
0.07
0.17
0.03
0.12
0.08
0.05
0.10
0.14
0.10
0.15
0.18
0.12
0.03
0.05
0.14
0.31
0.24
0.03
0.11
0.09
0.16
0.08
0.10
0.15
0.11
0.15
0.05
0.17
0.18
0.08
0.13
0.16
0.07
0.09
0.07
0.21
0.04
0.22
0.10
0.08
0.14
0.11
0.07
0.06
0.21
0.10
0.11
0.08
0.16
0.06
0.13
0.19
0.07
0.04
0.15
0.22
0.07
0.15
0.23
0.22
0.08
0.15
0.20
0.17
0.20
0.31
0.12
0.09
0.20
0.09
0.07
0.27
0.22
0.03
0.15
0.17
0.21
0.12
0.06
0.15
0.27
0.18
0.08
0.09
0.15
0.17
0.38
0.36
0.14
0.16
0.11
0.16
0.15
0.17
0.14
0.15
0.12
