GUESS    :MOVING_SM
STARTTIME:1289764735907
ENDTIME  :1289764752258
LOCALSPD :-1.0
LONGSPD  :-1.0
LOCATION :Location[mProvider=network,mTime=1289764692941,mLatitude=55.74957875,mLongitude=12.376729950000001,mHasAltitude=false,mAltitude=0.0,mHasSpeed=false,mSpeed=0.0,mHasBearing=false,mBearing=0.0,mHasAccuracy=true,mAccuracy=50.0,mExtras=Bundle[mParcelledData.dataSize=148]]
ADDRESS :

1.14
0.04
0.04
0.04
10.04
0.15
0.07
0.11
0.07
0.04
0.04
0.08
0.04
0.08
0.08
0.04
0.12
0.12
0.08
0.08
0.08
0.08
0.08
0.04
0.04
0.08
0.04
0.08
0.08
0.08
0.08
0.08
0.04
0.08
0.04
0.08
0.08
0.08
0.12
0.04
0.08
0.08
0.08
0.08
0.08
0.08
0.08
0.12
0.08
0.08
0.16
0.12
0.12
0.04
0.08
0.12
0.12
0.04
0.08
0.08
0.16
0.04
0.08
0.04
0.04
0.04
0.04
0.04
0.08
0.12
0.16
0.04
0.04
0.08
0.08
0.04
0.08
0.08
0.04
0.04
0.08
0.08
0.08
0.04
0.04
0.08
0.04
0.15
0.11
0.04
0.04
0.08
0.04
0.12
0.04
0.08
0.12
0.08
0.04
0.08
0.08
0.04
0.08
0.12
0.04
0.08
0.08
0.08
0.08
0.12
0.04
0.04
0.12
0.08
0.08
0.12
0.08
0.04
0.04
0.04
0.04
0.08
0.04
0.04
0.08
0.04
0.04
0.08
0.04
0.04
0.04
0.08
0.08
0.12
0.16
0.12
0.12
0.12
0.08
0.04
0.16
0.04
0.08
0.04
0.08
0.04
0.08
0.04
0.04
0.08
0.12
0.16
0.08
0.04
0.04
0.08
0.08
0.04
0.08
0.12
0.07
0.07
0.04
0.04
0.11
0.03
0.04
0.04
0.04
0.08
0.04
0.12
0.04
0.04
0.08
0.04
0.08
0.07
0.03
0.12
0.12
0.08
0.08
0.08
0.04
0.12
0.08
0.08
0.14
0.03
0.07
0.03
0.11
0.08
0.12
0.04
0.04
0.04
0.04
0.04
0.08
0.12
0.08
0.08
0.12
0.12
0.12
0.08
0.16
0.08
0.04
0.04
0.12
0.04
0.11
0.15
0.04
0.12
0.08
0.08
0.04
0.03
0.11
0.08
0.04
0.08
0.08
0.04
0.04
0.08
0.12
0.08
0.20
0.50
0.38
0.35
1.08
1.24
0.68
0.83
0.35
1.66
0.94
2.33
5.53
2.67
2.94
2.79
13.44
0.83
0.46
1.24
4.77
4.26
2.18
1.80
