GUESS    :MOVING_ME
STARTTIME:1287585659300
ENDTIME  :1287585673456
LOCATION :Location[mProvider=network,mTime=1287585665284,mLatitude=55.749181050000004,mLongitude=12.377079775,mHasAltitude=false,mAltitude=0.0,mHasSpeed=false,mSpeed=0.0,mHasBearing=false,mBearing=0.0,mHasAccuracy=true,mAccuracy=55.0,mExtras=Bundle[mParcelledData.dataSize=148]]
ADDRESS :

1.65
2.65
1.65
1.07
1.05
0.72
0.21
0.14
0.21
0.31
0.30
0.08
0.22
0.36
0.28
0.15
0.21
0.28
0.25
0.16
0.03
0.15
0.14
0.12
0.23
0.25
0.15
0.04
0.05
0.02
0.07
0.18
0.30
0.34
0.31
0.33
0.38
0.43
0.46
0.47
0.40
0.36
0.34
0.24
0.06
0.06
0.04
0.09
0.18
0.12
0.17
0.36
0.41
0.30
0.21
0.26
0.23
0.14
0.11
0.11
0.15
0.21
0.21
0.17
0.19
0.23
0.22
0.23
0.26
0.30
0.33
0.31
0.25
0.20
0.19
0.22
0.20
0.16
0.14
0.14
0.09
0.09
0.15
0.13
0.02
0.14
0.18
0.15
0.17
0.22
0.18
0.07
0.06
0.14
0.16
0.14
0.10
0.08
0.08
0.10
0.15
0.15
0.12
0.08
0.08
0.16
0.21
0.21
0.13
0.07
0.08
0.13
0.15
0.12
0.07
0.05
0.08
0.12
0.18
0.25
0.27
0.20
0.18
0.25
0.25
0.15
0.15
0.24
