GUESS    :MOVING_SM
STARTTIME:1289918612982
ENDTIME  :1289918626493
LOCALSPD :0.0
LONGSPD  :0.0
LOCATION :Location[mProvider=network,mTime=1289918624507,mLatitude=55.628169,mLongitude=12.65599,mHasAltitude=false,mAltitude=0.0,mHasSpeed=false,mSpeed=0.0,mHasBearing=false,mBearing=0.0,mHasAccuracy=true,mAccuracy=1394.0,mExtras=Bundle[mParcelledData.dataSize=148]]
ADDRESS :

0.19
0.11
0.07
0.07
0.10
0.10
0.04
0.04
0.07
0.12
0.19
0.07
0.08
0.11
0.10
0.08
0.11
0.04
0.08
0.11
0.14
0.11
0.11
0.08
0.03
0.15
0.15
0.23
0.11
0.07
0.04
0.11
0.04
0.11
0.11
0.14
0.10
0.12
0.33
0.03
0.26
0.15
0.19
0.14
0.11
0.07
0.04
0.07
0.18
0.08
0.04
0.07
0.07
0.07
0.15
0.15
0.27
0.11
0.16
0.18
0.08
0.18
0.12
0.19
0.49
0.38
0.33
0.37
0.30
0.19
0.11
0.29
0.18
0.14
0.23
0.20
0.18
0.22
0.16
0.19
0.23
0.15
0.26
0.15
0.15
0.15
0.08
0.08
0.08
0.04
0.04
0.08
0.11
0.03
0.08
0.11
0.11
0.27
0.29
0.29
0.30
0.19
0.07
0.11
0.11
0.04
0.15
0.12
0.11
0.08
0.19
0.29
0.19
0.15
0.19
0.19
0.19
0.25
0.26
0.08
0.18
0.54
0.29
0.27
0.57
0.34
0.12
0.15
0.19
0.19
0.08
0.08
0.15
0.08
0.22
0.42
0.65
0.52
0.20
0.10
0.33
0.41
0.50
0.50
0.69
0.42
0.46
0.31
0.27
0.16
0.15
0.22
0.61
0.45
0.08
0.29
0.16
0.22
0.29
0.15
0.12
0.31
0.19
0.07
0.04
0.10
0.19
0.15
0.42
0.42
0.38
0.19
0.20
0.08
0.08
0.30
0.53
0.42
0.31
0.08
0.08
0.08
0.19
0.12
0.11
0.11
0.15
0.15
0.19
0.15
0.12
0.29
0.23
0.20
0.27
0.19
0.03
0.19
0.20
0.27
0.31
0.08
0.12
0.25
0.12
0.10
0.33
0.33
0.15
0.48
0.74
0.45
0.37
0.30
0.03
0.10
0.22
0.12
0.08
0.34
0.31
0.08
0.08
0.23
0.23
0.19
0.14
0.15
0.15
0.08
0.18
0.29
0.34
0.65
0.87
0.53
0.37
0.33
0.53
0.49
0.11
0.08
0.08
0.16
0.30
0.33
0.22
0.11
0.12
0.23
0.19
0.19
0.05
0.08
0.27
0.19
