GUESS    :MOVING_SM
STARTTIME:1291024378185
ENDTIME  :1291024393233
LOCALSPD :-1.0
LONGSPD  :-1.0
LOCATION :Location[mProvider=network,mTime=1291024351028,mLatitude=55.78247141666666,mLongitude=12.5140376,mHasAltitude=false,mAltitude=0.0,mHasSpeed=false,mSpeed=0.0,mHasBearing=false,mBearing=0.0,mHasAccuracy=true,mAccuracy=53.0,mExtras=Bundle[mParcelledData.dataSize=148]]
ADDRESS :

0.82
0.50
0.33
0.18
0.08
0.12
0.14
0.16
0.12
0.14
0.05
0.24
0.20
0.08
0.17
0.04
0.12
0.07
0.12
0.07
0.06
0.09
0.09
0.12
0.05
0.13
0.07
0.05
0.09
0.19
0.15
0.08
0.04
0.05
0.05
0.04
0.09
0.14
0.08
0.08
0.02
0.01
0.05
0.01
0.08
0.03
0.05
0.08
0.06
0.11
0.07
0.07
0.04
0.06
0.05
0.06
0.04
0.01
0.07
0.05
0.05
0.06
0.09
0.12
0.05
0.06
0.13
0.14
0.06
0.02
0.01
0.05
0.05
0.07
0.07
0.05
0.05
0.06
0.03
0.04
0.07
0.01
0.04
0.06
0.05
0.01
0.04
0.09
0.02
0.01
0.01
0.03
0.02
0.02
0.07
0.07
0.05
0.02
0.10
0.10
0.10
0.04
0.07
0.11
0.07
0.12
0.02
0.03
0.03
0.05
0.10
0.16
0.09
0.08
0.09
0.07
0.10
0.05
0.05
0.00
0.06
0.09
0.07
0.04
0.08
0.09
0.07
0.02
