GUESS    :MOVING_SM
STARTTIME:1291024438525
ENDTIME  :1291024453682
LOCALSPD :0.0
LONGSPD  :-1.0
LOCATION :Location[mProvider=network,mTime=1291024444918,mLatitude=55.78247141666666,mLongitude=12.5140376,mHasAltitude=false,mAltitude=0.0,mHasSpeed=false,mSpeed=0.0,mHasBearing=false,mBearing=0.0,mHasAccuracy=true,mAccuracy=53.0,mExtras=Bundle[mParcelledData.dataSize=148]]
ADDRESS :

0.54
0.23
0.57
0.74
0.67
0.76
0.48
0.71
0.60
0.19
0.50
0.15
0.53
0.23
0.27
0.38
0.63
0.41
1.09
0.63
0.61
1.05
1.18
0.35
0.78
1.12
0.42
0.98
0.60
0.30
0.39
0.42
0.08
0.23
0.48
0.31
0.53
0.18
0.31
0.05
0.56
0.31
0.50
0.15
0.68
0.65
0.27
0.50
0.38
0.42
0.50
0.71
0.74
0.93
0.57
0.71
2.03
1.04
0.64
0.61
0.59
0.65
0.56
0.31
0.30
0.56
0.25
0.54
0.89
1.42
0.38
1.32
0.31
0.72
0.23
0.31
0.39
0.44
0.48
0.35
0.76
0.49
0.31
0.69
0.20
0.31
0.27
0.12
0.27
0.34
0.25
0.15
0.31
0.15
0.04
0.23
0.49
0.80
0.27
0.30
0.12
0.69
0.76
1.43
1.28
0.19
0.63
0.68
0.87
1.24
2.63
1.17
0.76
1.55
0.83
1.25
0.95
0.87
1.42
0.60
0.31
0.61
0.50
0.76
1.42
1.23
1.57
2.37
1.23
1.14
0.95
2.22
0.76
2.83
0.87
1.06
1.18
1.68
2.38
1.58
2.68
2.06
1.42
0.63
1.95
1.59
1.85
1.43
1.05
1.12
0.80
2.41
5.09
2.83
1.72
1.29
0.69
1.25
0.95
0.53
0.27
0.38
1.29
0.93
1.87
0.72
0.69
1.39
1.62
0.72
0.46
0.80
2.14
0.95
0.89
1.08
1.31
1.14
1.88
2.64
1.61
1.05
1.81
2.37
4.14
1.05
0.95
0.46
1.83
1.38
1.01
1.20
0.35
0.72
1.51
0.57
1.84
0.75
3.58
3.66
3.41
1.17
1.85
0.97
0.61
2.37
0.38
0.72
0.99
0.39
1.31
1.05
1.04
0.52
1.01
1.62
0.20
0.76
1.53
0.54
1.33
1.25
0.99
1.84
1.80
1.39
0.72
1.46
2.21
1.17
0.80
1.16
1.35
1.12
0.78
0.46
0.29
0.80
0.04
0.53
0.16
0.31
0.15
0.44
0.35
0.14
0.37
0.31
0.19
0.65
2.67
2.74
2.27
1.33
1.84
0.72
