GUESS    :MOVING_SM
STARTTIME:1289474763133
ENDTIME  :1289474777459
LOCALSPD :-1.0
LONGSPD  :NaN
LOCATION :Location[mProvider=network,mTime=1289474364800,mLatitude=55.782497189999994,mLongitude=12.513933250000001,mHasAltitude=false,mAltitude=0.0,mHasSpeed=false,mSpeed=0.0,mHasBearing=false,mBearing=0.0,mHasAccuracy=true,mAccuracy=53.0,mExtras=Bundle[mParcelledData.dataSize=148]]
ADDRESS :

10.39
0.12
0.12
0.08
0.04
0.04
0.16
0.16
0.08
0.16
0.08
0.04
0.08
0.08
0.16
0.08
0.16
0.16
0.12
0.15
0.15
0.12
0.08
0.16
0.04
0.08
0.12
0.12
0.16
0.12
0.12
0.08
0.16
0.16
0.12
0.04
0.04
0.16
0.12
0.29
0.08
0.25
0.12
0.04
0.12
0.12
0.20
0.25
0.08
0.08
0.08
0.16
0.16
0.20
0.08
0.08
0.04
0.12
0.16
0.20
0.25
0.16
0.08
0.04
0.04
0.08
0.08
0.16
0.04
0.08
0.12
0.04
0.12
0.16
0.12
0.16
0.08
0.12
0.12
0.04
0.12
0.08
0.08
0.04
0.08
0.04
0.16
0.08
0.16
0.12
0.16
0.04
0.04
0.04
0.12
0.08
0.16
0.08
0.08
0.08
0.16
0.12
0.12
0.04
0.20
0.08
0.08
0.08
0.04
0.16
0.16
0.04
0.08
0.12
0.04
0.12
0.08
0.08
0.19
0.23
0.27
0.11
0.04
0.12
0.12
0.04
0.08
0.12
0.29
0.20
0.07
0.15
0.16
0.08
0.12
0.12
0.04
0.12
0.07
0.19
0.08
0.16
0.08
0.12
0.12
0.08
0.08
0.16
0.08
0.12
0.12
0.16
0.16
0.08
0.16
0.20
0.12
0.12
0.16
0.16
0.04
0.20
0.16
0.12
0.08
0.08
0.08
0.12
0.04
0.04
0.04
0.04
0.08
0.12
0.08
0.16
0.16
0.04
0.08
0.08
0.12
0.16
0.20
0.04
0.08
0.08
0.08
0.12
0.04
0.12
0.16
0.12
0.12
0.08
0.08
0.08
0.08
0.12
0.16
0.12
0.04
0.08
0.08
0.08
0.08
0.08
0.04
0.08
0.16
0.08
0.04
0.08
0.08
0.12
0.04
0.08
0.12
0.12
0.08
0.12
0.08
0.04
0.12
0.29
0.16
0.04
0.08
0.16
0.12
0.16
0.08
0.12
0.08
0.16
0.12
0.04
0.12
0.16
0.08
0.04
0.20
0.16
0.16
0.08
0.08
0.12
0.08
0.04
0.08
0.08
0.08
0.08
0.12
0.04
0.12
0.08
