GUESS    :RUNNING
STARTTIME:1288463198098
ENDTIME  :1288463212597
LOCALSPD :0.0
LONGSPD  :0.0
LOCATION :Location[mProvider=network,mTime=1288463164210,mLatitude=55.7500757,mLongitude=12.3758087,mHasAltitude=false,mAltitude=0.0,mHasSpeed=false,mSpeed=0.0,mHasBearing=false,mBearing=0.0,mHasAccuracy=true,mAccuracy=60.0,mExtras=Bundle[mParcelledData.dataSize=148]]
ADDRESS :

6.09
4.74
4.26
6.58
5.58
3.49
3.26
5.07
4.28
4.97
12.94
6.47
5.54
6.86
1.97
2.30
2.18
4.60
2.89
8.73
2.98
4.24
5.46
5.00
3.09
7.97
4.52
4.00
13.31
5.90
10.31
6.63
1.05
4.66
4.17
4.79
7.76
8.73
11.11
9.38
13.97
7.70
4.02
5.53
17.35
9.68
17.33
10.83
6.61
13.14
5.71
24.73
7.93
10.95
8.68
3.64
3.72
17.68
11.93
6.39
14.29
9.44
10.31
4.14
14.87
21.17
14.87
11.17
9.79
3.45
9.19
17.39
4.69
13.84
10.53
6.37
7.64
5.22
22.05
5.82
6.05
8.28
7.31
4.10
8.28
22.87
8.47
14.03
10.20
7.00
4.43
15.55
20.68
10.68
12.57
9.71
8.72
11.09
14.06
4.85
13.29
9.47
7.50
3.68
18.16
11.97
10.50
13.13
4.88
5.31
4.99
20.68
6.92
13.25
9.55
6.44
9.55
2.60
25.72
10.61
9.53
9.28
4.60
3.66
18.85
14.03
17.24
11.16
6.82
10.46
2.22
17.75
13.85
8.20
11.58
7.01
4.90
6.78
25.29
9.74
17.86
11.37
5.05
7.55
16.32
22.31
7.48
9.45
5.19
2.53
3.60
14.17
5.28
9.23
6.73
4.06
2.37
5.20
5.00
8.01
10.30
9.71
7.57
2.23
7.44
9.49
4.47
11.51
8.25
11.54
5.58
3.02
1.77
8.08
4.37
12.12
6.33
10.08
6.70
3.64
4.82
12.39
2.30
7.94
6.59
10.68
7.16
3.08
0.69
2.56
5.45
4.43
7.08
4.17
6.25
7.16
4.21
2.72
6.20
5.46
3.66
11.75
3.49
9.15
5.28
2.47
2.45
4.43
4.14
2.87
6.44
2.87
5.52
6.07
4.70
1.21
5.20
3.85
3.53
8.47
9.53
8.96
4.52
1.33
2.37
7.16
9.41
5.37
6.46
4.77
4.84
4.52
0.80
2.02
4.11
3.19
6.62
3.95
5.58
5.43
2.90
0.60
1.77
2.14
1.96
5.48
4.40
4.28
5.99
7.50
1.39
1.18
1.81
3.75
1.63
3.95
