GUESS    :WALKING
STARTTIME:1288463326898
ENDTIME  :1288463340762
LOCALSPD :0.0
LONGSPD  :0.0
LOCATION :Location[mProvider=network,mTime=1288463331771,mLatitude=55.7491315,mLongitude=12.3763172,mHasAltitude=false,mAltitude=0.0,mHasSpeed=false,mSpeed=0.0,mHasBearing=false,mBearing=0.0,mHasAccuracy=true,mAccuracy=58.0,mExtras=Bundle[mParcelledData.dataSize=148]]
ADDRESS :

3.69
0.79
0.38
0.42
0.25
0.32
0.28
0.05
0.28
0.19
0.05
0.19
0.32
0.24
0.27
0.27
0.29
0.21
0.49
0.25
0.53
0.54
0.30
0.82
1.04
0.73
1.14
0.39
0.14
0.53
0.34
0.17
0.50
0.22
0.23
0.08
0.17
0.12
0.08
0.24
0.41
0.24
0.07
0.12
0.15
0.40
0.13
0.06
0.10
0.22
0.07
0.14
0.10
0.07
0.18
0.14
0.16
0.20
0.24
0.06
0.19
0.25
0.18
0.26
0.11
0.16
0.23
0.08
0.16
0.28
0.13
0.18
0.10
0.18
0.14
0.29
0.29
0.23
0.14
0.19
0.14
0.24
0.14
0.27
0.18
0.11
0.15
0.10
0.24
0.15
0.28
0.06
0.11
0.07
0.17
0.23
0.17
0.14
0.14
0.13
0.03
0.21
0.19
0.23
0.26
0.13
0.05
0.33
0.25
0.14
0.04
0.11
0.11
0.06
0.09
0.16
0.12
0.15
0.27
0.37
0.12
0.17
0.18
0.27
0.15
0.03
0.37
0.18
