GUESS    :IDLE
STARTTIME:1288350986355
ENDTIME  :1288351001474
LOCALSPD :-1.0
LONGSPD  :-1.0
LOCATION :Location[mProvider=network,mTime=1288350972264,mLatitude=55.782493985714275,mLongitude=12.514066999999999,mHasAltitude=false,mAltitude=0.0,mHasSpeed=false,mSpeed=0.0,mHasBearing=false,mBearing=0.0,mHasAccuracy=true,mAccuracy=53.0,mExtras=Bundle[mParcelledData.dataSize=148]]
ADDRESS :

0.10
0.02
0.02
0.01
0.01
0.01
0.00
0.01
0.01
0.00
0.00
0.01
0.00
0.01
0.01
0.01
0.01
0.01
0.00
0.01
0.01
0.01
0.01
0.01
0.01
0.00
0.01
0.01
0.00
0.00
0.01
0.01
0.00
0.01
0.01
0.01
0.01
0.00
0.01
0.00
0.00
0.00
0.01
0.01
0.00
0.00
0.00
0.01
0.00
0.01
0.01
0.01
0.01
0.00
0.00
0.01
0.01
0.01
0.01
0.00
0.00
0.00
0.01
0.00
0.01
0.01
0.01
0.01
0.01
0.00
0.01
0.01
0.01
0.00
0.00
0.00
0.01
0.01
0.00
0.00
0.01
0.00
0.00
0.01
0.01
0.00
0.00
0.01
0.00
0.00
0.00
0.00
0.00
0.01
0.00
0.00
0.01
0.00
0.01
0.01
0.01
0.01
0.00
0.00
0.00
0.01
0.00
0.00
0.00
0.01
0.01
0.00
0.00
0.01
0.01
0.00
0.01
0.01
0.01
0.01
0.01
0.01
0.00
0.00
0.00
0.00
0.01
0.00
