GUESS    :MOVING_HI
STARTTIME:1288600197336
ENDTIME  :1288600210288
LOCALSPD :6.1623974
LONGSPD  :5.887633
LOCATION :Location[mProvider=network,mTime=1288600196190,mLatitude=55.76524056666667,mLongitude=12.463158166666666,mHasAltitude=false,mAltitude=0.0,mHasSpeed=false,mSpeed=0.0,mHasBearing=false,mBearing=0.0,mHasAccuracy=true,mAccuracy=65.0,mExtras=Bundle[mParcelledData.dataSize=148]]
ADDRESS :

3.36
0.57
0.53
0.70
0.47
0.30
0.59
0.52
0.46
0.73
0.55
0.79
0.47
0.36
0.43
0.24
0.18
0.16
0.16
0.11
0.57
0.37
0.39
0.20
0.36
0.19
0.26
0.02
0.01
0.07
0.30
0.11
0.53
0.26
0.07
0.30
0.33
0.13
0.56
0.02
0.07
0.45
0.30
0.30
0.04
0.25
0.32
0.17
0.12
0.07
0.37
0.16
0.11
0.23
0.07
0.31
0.19
0.17
0.05
0.10
0.15
0.05
0.08
0.12
0.08
0.23
0.24
0.25
0.05
0.03
0.23
0.11
0.32
0.21
0.05
0.08
0.06
0.03
0.18
0.12
0.09
0.01
0.07
0.15
0.38
0.22
0.42
0.09
0.27
0.03
0.27
0.21
0.14
0.11
0.26
0.12
0.13
0.40
0.27
0.36
0.31
0.15
0.19
0.34
0.24
0.20
0.34
0.10
0.46
0.24
0.06
0.14
0.12
0.09
0.21
0.19
0.21
0.41
0.20
0.11
0.04
0.24
0.07
0.06
0.42
0.11
0.26
0.28
