GUESS    :MOVING_ME
STARTTIME:1288600716087
ENDTIME  :1288600728946
LOCALSPD :2.7775154
LONGSPD  :4.876607
LOCATION :Location[mProvider=network,mTime=1288600676198,mLatitude=55.7706486625,mLongitude=12.503774624999998,mHasAltitude=false,mAltitude=0.0,mHasSpeed=false,mSpeed=0.0,mHasBearing=false,mBearing=0.0,mHasAccuracy=true,mAccuracy=56.0,mExtras=Bundle[mParcelledData.dataSize=148]]
ADDRESS :

2.71
0.78
0.60
0.29
0.70
0.15
0.25
0.27
0.27
0.19
0.26
0.32
0.41
0.11
0.18
0.20
0.26
0.38
0.33
0.26
0.19
0.06
0.27
0.34
0.16
0.21
0.05
0.12
0.16
0.19
0.28
0.26
0.24
0.06
0.12
0.26
0.17
0.21
0.06
0.05
0.24
0.14
0.16
0.15
0.13
0.11
0.28
0.04
0.11
0.16
0.03
0.15
0.15
0.12
0.13
0.12
0.13
0.10
0.02
0.05
0.14
0.15
0.17
0.08
0.08
0.14
0.11
0.23
0.17
0.20
0.16
0.09
0.06
0.20
0.12
0.16
0.11
0.10
0.11
0.14
0.11
0.12
0.17
0.25
0.06
0.10
0.13
0.03
0.27
0.20
0.23
0.24
0.24
0.19
0.35
0.26
0.08
0.12
0.18
0.17
0.15
0.30
0.15
0.10
0.13
0.07
0.15
0.17
0.09
0.19
0.10
0.27
0.08
0.04
0.14
0.03
0.02
0.23
0.20
0.29
0.28
0.40
0.13
0.14
0.25
0.46
0.29
0.25
