GUESS    :MOVING_SM
STARTTIME:1288598923227
ENDTIME  :1288598938178
LOCALSPD :0.0
LONGSPD  :0.0
LOCATION :Location[mProvider=network,mTime=1288598901876,mLatitude=55.74958615,mLongitude=12.3767289,mHasAltitude=false,mAltitude=0.0,mHasSpeed=false,mSpeed=0.0,mHasBearing=false,mBearing=0.0,mHasAccuracy=true,mAccuracy=50.0,mExtras=Bundle[mParcelledData.dataSize=148]]
ADDRESS :

0.03
0.03
0.03
0.03
0.07
0.12
0.05
0.05
0.05
0.11
0.08
0.05
0.03
0.05
0.04
0.10
0.12
0.07
0.07
0.10
0.14
0.07
0.10
0.05
0.08
0.04
0.04
0.03
0.03
0.03
0.03
0.03
0.04
0.04
0.11
0.07
0.08
0.04
0.08
0.03
0.11
0.04
0.04
0.08
0.04
0.04
0.04
0.07
0.05
0.14
0.11
0.10
0.07
0.07
0.04
0.04
0.04
0.08
0.03
0.07
0.07
0.05
0.07
0.04
0.08
0.04
0.04
0.07
0.07
0.08
0.04
0.11
0.07
0.10
0.14
0.04
0.04
0.04
0.08
0.08
0.07
0.07
0.04
0.04
0.04
0.07
0.11
0.08
0.08
0.04
0.10
0.14
0.11
0.07
0.07
0.11
0.04
0.04
0.07
0.11
0.03
0.11
0.11
0.04
0.05
0.04
0.15
0.11
0.07
0.07
0.15
0.12
0.08
0.07
0.05
0.03
0.11
0.11
0.11
0.07
0.07
0.08
0.11
0.04
0.11
0.11
0.08
0.11
0.05
0.07
0.11
0.03
0.08
0.04
0.08
0.10
0.10
0.07
0.11
0.08
0.08
0.11
0.07
0.08
0.07
0.11
0.08
0.04
0.04
0.04
0.03
0.03
0.04
0.07
0.03
0.08
0.15
0.07
0.08
0.08
0.08
0.11
0.12
0.07
0.04
0.04
0.12
0.04
0.04
0.04
0.07
0.08
0.04
0.15
0.07
0.11
0.07
0.11
0.04
0.07
0.07
0.03
0.07
0.07
0.03
0.04
0.11
0.11
0.07
0.07
0.04
0.11
0.04
0.18
0.18
0.12
0.11
0.11
0.05
0.07
0.22
0.34
0.30
0.26
0.23
0.19
0.07
0.15
0.12
0.11
0.22
1.31
2.00
2.26
1.66
0.53
3.45
11.60
7.97
3.79
2.98
2.49
2.00
1.95
0.72
0.91
1.05
1.76
1.50
0.72
1.20
0.45
2.14
4.06
4.59
2.89
4.32
3.00
2.62
2.22
2.49
1.84
2.30
1.16
1.33
2.07
3.61
1.29
2.34
2.30
3.65
7.70
8.04
2.98
4.60
2.14
