GUESS    :WALKING
STARTTIME:1288599025987
ENDTIME  :1288599039758
LOCALSPD :0.0
LONGSPD  :0.0
LOCATION :Location[mProvider=network,mTime=1288599021946,mLatitude=55.74958026666667,mLongitude=12.376720666666666,mHasAltitude=false,mAltitude=0.0,mHasSpeed=false,mSpeed=0.0,mHasBearing=false,mBearing=0.0,mHasAccuracy=true,mAccuracy=50.0,mExtras=Bundle[mParcelledData.dataSize=148]]
ADDRESS :

3.21
2.04
1.14
0.20
0.51
0.18
0.12
0.19
0.07
0.21
0.11
0.27
0.12
0.08
0.13
0.21
0.12
0.17
0.08
0.24
0.24
0.22
0.17
0.08
0.72
0.25
1.72
1.11
0.15
0.37
0.13
0.24
0.08
0.04
0.16
0.15
0.06
0.19
0.22
0.10
0.29
0.25
0.05
0.15
0.17
0.21
0.29
0.09
0.18
0.09
0.36
0.10
0.23
0.16
0.29
0.23
0.10
0.09
0.11
0.19
0.23
0.11
0.26
0.26
0.08
0.20
0.11
0.23
0.06
0.20
0.29
0.15
0.39
0.12
0.38
0.18
0.22
0.26
0.31
0.82
0.56
0.20
0.33
0.14
0.26
0.17
0.09
0.15
0.13
0.25
0.09
0.05
0.16
0.17
0.17
0.16
0.12
0.30
0.69
0.37
0.26
0.15
0.10
0.15
0.14
0.48
0.49
0.10
0.32
0.19
0.22
0.09
0.18
0.22
0.07
0.04
0.16
0.25
0.21
0.11
0.13
0.21
0.05
0.45
0.66
0.47
0.11
0.12
