GUESS    :MOVING_HI
STARTTIME:1288599521429
ENDTIME  :1288599535209
LOCALSPD :0.98070157
LONGSPD  :2.0633283
LOCATION :Location[mProvider=network,mTime=1288599509401,mLatitude=55.7489157,mLongitude=12.3968888,mHasAltitude=false,mAltitude=0.0,mHasSpeed=false,mSpeed=0.0,mHasBearing=false,mBearing=0.0,mHasAccuracy=true,mAccuracy=90.0,mExtras=Bundle[mParcelledData.dataSize=148]]
ADDRESS :

0.80
0.76
1.33
1.29
2.76
0.90
2.33
1.42
0.90
2.26
2.26
5.33
1.33
5.09
1.29
2.03
0.72
1.66
1.27
1.53
0.97
0.84
1.14
1.39
2.57
2.03
5.56
2.68
2.32
2.98
4.71
20.02
8.58
22.53
4.33
11.58
13.02
8.74
3.28
3.32
1.81
1.89
2.55
2.76
5.43
2.71
5.46
2.71
2.57
7.45
6.54
5.33
4.33
3.45
1.66
3.99
5.27
6.13
14.46
3.60
8.21
3.31
6.05
1.89
1.04
2.67
5.99
10.39
6.69
9.23
3.94
7.63
5.52
6.50
4.88
12.16
4.20
11.28
0.53
7.01
8.08
4.13
2.83
3.77
2.03
2.55
4.30
2.91
0.72
2.60
2.07
1.36
1.12
2.15
2.72
1.14
2.07
3.83
1.53
3.54
2.30
7.35
5.26
8.09
5.71
4.99
1.76
2.47
2.52
1.31
2.29
6.51
2.93
6.31
2.63
3.70
2.12
2.87
1.23
4.21
7.08
5.45
4.10
5.37
2.78
2.87
2.49
3.30
2.55
0.84
1.27
1.57
1.29
1.88
1.95
0.61
2.49
0.84
1.42
1.24
1.46
1.73
0.80
0.69
1.92
0.93
1.23
3.53
1.42
1.93
5.18
8.00
2.19
3.36
8.50
6.17
1.81
2.98
5.54
7.86
6.32
7.46
29.50
7.63
22.96
3.39
3.51
7.27
3.87
2.91
3.84
8.47
4.10
4.39
3.64
5.24
0.63
3.66
2.75
1.44
1.53
3.68
0.82
1.73
1.65
1.66
1.31
2.52
1.39
3.16
5.16
2.17
2.68
0.59
1.50
2.29
1.28
1.65
1.92
2.79
3.11
3.02
3.06
3.02
2.22
1.27
0.89
2.60
1.18
2.32
2.79
1.47
1.68
2.64
2.81
1.48
1.69
0.63
1.50
2.98
1.80
2.26
2.26
3.91
3.06
4.28
2.02
1.88
1.63
0.99
3.64
2.70
3.27
1.48
0.27
3.53
1.42
2.56
2.45
1.53
1.47
2.22
2.60
3.26
2.12
2.71
4.29
1.99
7.07
2.86
3.92
1.18
2.91
1.17
2.67
1.23
