GUESS    :MOVING_ME
STARTTIME:1288600002417
ENDTIME  :1288600015491
LOCALSPD :0.5568495
LONGSPD  :4.1632576
LOCATION :Location[mProvider=network,mTime=1288600014081,mLatitude=55.762939,mLongitude=12.438977,mHasAltitude=false,mAltitude=0.0,mHasSpeed=false,mSpeed=0.0,mHasBearing=false,mBearing=0.0,mHasAccuracy=true,mAccuracy=708.0,mExtras=Bundle[mParcelledData.dataSize=148]]
ADDRESS :

2.77
0.40
0.28
0.40
0.66
0.81
0.58
0.15
0.23
0.23
0.18
0.22
0.39
0.02
0.18
0.15
0.35
0.15
0.15
0.58
0.35
0.20
0.06
0.25
0.39
0.12
0.37
0.16
0.25
0.35
0.30
0.30
0.08
0.22
0.33
0.20
0.07
0.25
0.08
0.17
0.26
0.44
0.08
0.12
0.28
0.09
0.24
0.11
0.32
0.13
0.11
0.14
0.26
0.32
0.08
0.07
0.16
0.37
0.11
0.17
0.15
0.09
0.27
0.11
0.16
0.16
0.20
0.14
0.08
0.22
0.14
0.08
0.22
0.13
0.12
0.05
0.10
0.07
0.15
0.13
0.07
0.39
0.14
0.12
0.27
0.13
0.26
0.27
0.28
0.25
0.13
0.13
0.07
0.18
0.24
0.20
0.11
0.13
0.21
0.04
0.05
0.06
0.04
0.26
0.11
0.01
0.34
0.24
0.20
0.10
0.20
0.09
0.10
0.07
0.12
0.19
0.17
0.10
0.13
0.07
0.05
0.18
0.05
0.30
0.09
0.11
0.09
0.11
