GUESS    :MOVING_SM
STARTTIME:1287935895456
ENDTIME  :1287935909415
LOCALSPD :-1.0
LONGSPD  :-1.0
LOCATION :org.peterstrand.service.LocationWrapper@44a91528
ADDRESS :

0.32
0.19
0.18
0.10
0.11
0.08
0.11
0.12
0.14
0.19
0.15
0.15
0.12
0.12
0.10
0.10
0.14
0.14
0.17
0.15
0.17
0.13
0.12
0.12
0.09
0.12
0.10
0.15
0.14
0.17
0.13
0.12
0.10
0.07
0.11
0.09
0.12
0.14
0.15
0.12
0.09
0.09
0.09
0.11
0.09
0.11
0.12
0.13
0.12
0.12
0.10
0.08
0.08
0.07
0.10
0.09
0.11
0.10
0.11
0.09
0.09
0.07
0.08
0.08
0.09
0.12
0.13
0.08
0.08
0.09
0.06
0.07
0.07
0.08
0.10
0.10
0.08
0.10
0.07
0.08
0.04
0.06
0.05
0.09
0.06
0.08
0.07
0.08
0.08
0.06
0.04
0.04
0.06
0.06
0.07
0.08
0.05
0.06
0.05
0.06
0.03
0.06
0.05
0.06
0.06
0.03
0.03
0.02
0.04
0.04
0.03
0.05
0.05
0.05
0.05
0.03
0.04
0.03
0.02
0.03
0.04
0.02
0.04
0.04
0.05
0.04
0.04
0.01
