GUESS    :IDLE
STARTTIME:1290457694757
ENDTIME  :1290457709191
LOCALSPD :-1.0
LONGSPD  :-1.0
LOCATION :Location[mProvider=network,mTime=1290457684325,mLatitude=55.74957426666666,mLongitude=12.376717400000002,mHasAltitude=false,mAltitude=0.0,mHasSpeed=false,mSpeed=0.0,mHasBearing=false,mBearing=0.0,mHasAccuracy=true,mAccuracy=50.0,mExtras=Bundle[mParcelledData.dataSize=148]]
ADDRESS :

0.12
0.02
0.03
0.03
0.02
0.03
0.02
0.01
0.02
0.01
0.00
0.02
0.01
0.02
0.02
0.02
0.01
0.01
0.01
0.01
0.01
0.01
0.01
0.01
0.01
0.02
0.01
0.01
0.01
0.01
0.01
0.01
0.00
0.00
0.00
0.01
0.00
0.01
0.01
0.00
0.01
0.01
0.01
0.00
0.01
0.00
0.01
0.00
0.00
0.01
0.01
0.01
0.01
0.01
0.01
0.00
0.01
0.01
0.00
0.01
0.01
0.01
0.00
0.01
0.01
0.00
0.01
0.01
0.00
0.00
0.00
0.01
0.00
0.01
0.01
0.01
0.00
0.00
0.01
0.00
0.01
0.01
0.00
0.01
0.01
0.01
0.01
0.01
0.01
0.01
0.01
0.00
0.01
0.01
0.00
0.01
0.01
0.01
0.01
0.01
0.01
0.01
0.01
0.01
0.00
0.01
0.00
0.01
0.01
0.01
0.00
0.01
0.00
0.00
0.00
0.01
0.00
0.01
0.01
0.00
0.00
0.01
0.00
0.01
0.00
0.01
0.01
0.00
