GUESS    :IDLE
STARTTIME:1288700264789
ENDTIME  :1288700279562
LOCALSPD :-1.0
LONGSPD  :-1.0
LOCATION :Location[mProvider=network,mTime=1288700235423,mLatitude=55.782506,mLongitude=12.51396259,mHasAltitude=false,mAltitude=0.0,mHasSpeed=false,mSpeed=0.0,mHasBearing=false,mBearing=0.0,mHasAccuracy=true,mAccuracy=53.0,mExtras=Bundle[mParcelledData.dataSize=148]]
ADDRESS :

0.09
0.01
0.01
0.00
0.01
0.01
0.01
0.01
0.00
0.00
0.01
0.01
0.01
0.00
0.01
0.01
0.00
0.01
0.00
0.01
0.01
0.00
0.00
0.00
0.01
0.00
0.01
0.01
0.00
0.00
0.00
0.01
0.00
0.01
0.01
0.01
0.00
0.01
0.01
0.01
0.01
0.00
0.01
0.00
0.00
0.00
0.00
0.00
0.01
0.00
0.01
0.01
0.01
0.00
0.00
0.01
0.00
0.01
0.01
0.01
0.00
0.01
0.00
0.01
0.00
0.00
0.00
0.00
0.00
0.01
0.00
0.01
0.01
0.00
0.01
0.00
0.00
0.00
0.00
0.01
0.01
0.00
0.00
0.00
0.00
0.01
0.01
0.00
0.01
0.00
0.00
0.01
0.00
0.01
0.00
0.00
0.01
0.01
0.00
0.00
0.00
0.01
0.00
0.00
0.00
0.00
0.00
0.00
0.00
0.00
0.01
0.00
0.01
0.00
0.00
0.00
0.00
0.00
0.00
0.00
0.00
0.00
0.00
0.00
0.00
0.00
0.01
0.01
