GUESS    :MOVING_SM
STARTTIME:1288896732832
ENDTIME  :1288896746686
LOCALSPD :0.0
LONGSPD  :-1.0
LOCATION :Location[mProvider=network,mTime=1288896736980,mLatitude=55.74906422,mLongitude=12.37709116,mHasAltitude=false,mAltitude=0.0,mHasSpeed=false,mSpeed=0.0,mHasBearing=false,mBearing=0.0,mHasAccuracy=true,mAccuracy=55.0,mExtras=Bundle[mParcelledData.dataSize=148]]
ADDRESS :

0.27
0.48
0.12
0.50
0.34
0.59
0.19
0.23
0.30
0.34
0.46
0.27
0.34
0.27
0.20
0.34
0.20
0.23
0.29
0.12
0.15
0.57
0.26
0.20
0.64
0.12
0.29
0.39
0.54
0.49
0.99
0.59
0.83
0.67
0.65
0.44
0.27
0.78
0.34
0.27
0.08
0.50
0.76
0.69
1.38
1.18
1.38
2.19
0.69
0.78
2.02
0.71
1.14
0.97
0.80
1.42
1.27
0.93
0.95
0.94
0.71
2.06
2.07
0.67
0.50
0.89
0.60
0.80
0.82
0.54
0.57
0.27
0.80
1.08
0.78
0.27
0.63
0.57
0.49
0.45
0.84
0.46
0.76
1.04
0.82
0.61
0.46
1.08
0.53
0.44
0.80
0.49
0.72
0.07
0.56
0.95
0.52
0.49
0.94
0.84
1.23
0.69
0.22
0.52
0.64
0.76
0.42
0.80
0.84
1.01
1.27
0.76
0.42
0.74
0.44
0.42
1.16
0.56
0.54
0.80
0.39
1.23
0.49
0.50
1.23
1.65
2.68
1.81
1.50
0.57
1.23
0.46
0.74
0.82
0.53
0.49
1.21
1.12
2.07
1.29
0.89
0.63
2.49
3.51
3.00
1.36
1.16
2.48
3.21
1.28
1.46
0.89
1.46
1.36
1.28
2.53
1.08
1.35
1.46
1.36
0.65
0.80
0.90
0.35
0.18
0.42
0.83
0.12
0.37
0.31
0.42
0.46
0.61
0.44
0.35
0.20
0.44
0.71
0.57
0.69
0.56
0.11
0.99
0.52
0.19
0.26
0.19
0.46
0.44
1.17
0.69
0.31
0.41
0.56
0.42
0.30
0.20
0.19
0.61
0.23
0.54
0.41
1.01
0.49
0.63
0.72
0.65
0.61
0.34
0.50
0.48
0.65
0.63
0.54
0.45
0.52
0.19
0.50
0.54
0.34
0.46
0.31
0.23
0.59
0.59
0.76
0.42
0.44
0.67
0.44
0.46
0.63
0.78
0.84
0.34
0.71
0.03
0.59
0.18
0.34
0.18
0.29
0.53
0.59
0.65
0.27
0.38
0.38
0.19
0.46
0.19
0.29
0.42
0.26
0.30
0.12
