GUESS    :MOVING_ME
STARTTIME:1288896565698
ENDTIME  :1288896579867
LOCALSPD :-1.0
LONGSPD  :-1.0
LOCATION :Location[mProvider=network,mTime=1288896552479,mLatitude=55.74958026666667,mLongitude=12.376720666666666,mHasAltitude=false,mAltitude=0.0,mHasSpeed=false,mSpeed=0.0,mHasBearing=false,mBearing=0.0,mHasAccuracy=true,mAccuracy=50.0,mExtras=Bundle[mParcelledData.dataSize=148]]
ADDRESS :

2.31
1.09
1.02
0.34
0.63
0.36
0.43
0.49
0.40
0.42
0.61
0.15
0.41
0.44
0.32
0.33
0.35
0.38
0.52
0.30
0.40
0.18
0.58
0.35
0.17
0.14
0.28
0.47
0.27
0.12
0.18
0.35
0.33
0.16
0.06
0.17
0.08
0.14
0.20
0.03
0.24
0.40
0.28
0.07
0.13
0.10
0.25
0.38
0.04
0.23
0.26
0.23
0.01
0.15
0.37
0.39
0.10
0.10
0.12
0.10
0.13
0.18
0.14
0.12
0.19
0.32
0.11
0.18
0.10
0.35
0.25
0.03
0.31
0.28
0.13
0.11
0.11
0.09
0.14
0.08
0.20
0.04
0.10
0.12
0.13
0.11
0.14
0.08
0.03
0.16
0.10
0.06
0.16
0.13
0.07
0.04
0.24
0.23
0.07
0.11
0.10
0.04
0.03
0.07
0.05
0.18
0.25
0.11
0.17
0.28
0.25
0.17
0.28
0.16
0.19
0.13
0.19
0.12
0.17
0.16
0.20
0.19
0.18
0.23
0.14
0.15
0.15
0.19
