GUESS    :MOVING_HI
STARTTIME:1288897266572
ENDTIME  :1288897280553
LOCALSPD :0.0
LONGSPD  :8.154385
LOCATION :Location[mProvider=network,mTime=1288897249500,mLatitude=55.7466433,mLongitude=12.32373805,mHasAltitude=false,mAltitude=0.0,mHasSpeed=false,mSpeed=0.0,mHasBearing=false,mBearing=0.0,mHasAccuracy=true,mAccuracy=80.0,mExtras=Bundle[mParcelledData.dataSize=148]]
ADDRESS :

3.30
1.70
0.69
0.86
0.61
0.23
0.80
1.46
1.16
0.46
0.88
1.21
0.44
0.57
0.95
0.73
0.86
0.91
1.05
0.61
0.27
0.89
0.68
0.57
0.49
0.51
0.52
0.31
0.35
0.53
0.38
0.41
0.58
0.53
0.52
0.19
0.22
0.39
0.20
0.37
0.47
0.05
0.06
0.41
0.23
0.15
0.01
0.15
0.23
0.19
0.22
0.18
0.07
0.09
0.08
0.21
0.15
0.19
0.26
0.15
0.19
0.01
0.11
0.08
0.24
0.15
0.49
0.11
0.29
0.26
0.25
0.24
0.06
0.09
0.06
0.04
0.15
0.10
0.22
0.17
0.20
0.17
0.04
0.10
0.25
0.01
0.43
0.27
0.03
0.02
0.15
0.08
0.09
0.28
0.28
0.07
0.14
0.12
0.16
0.15
0.15
0.07
0.15
0.13
0.13
0.26
0.26
0.17
0.31
0.26
0.12
0.16
0.15
0.36
0.28
0.41
0.36
0.17
0.12
0.21
0.27
0.33
0.39
0.38
0.18
0.27
0.41
0.41
