GUESS    :IDLE
STARTTIME:1288897416347
ENDTIME  :1288897431646
LOCALSPD :0.0
LONGSPD  :3.6978037
LOCATION :Location[mProvider=network,mTime=1288897375353,mLatitude=55.744169,mLongitude=12.327759,mHasAltitude=false,mAltitude=0.0,mHasSpeed=false,mSpeed=0.0,mHasBearing=false,mBearing=0.0,mHasAccuracy=true,mAccuracy=850.0,mExtras=Bundle[mParcelledData.dataSize=148]]
ADDRESS :Address[addressLines=[0:"Smørum Parkvej",1:"2750 Ballerup",2:"Denmark"],feature=Smørum Parkvej,admin=Capital Region of Denmark,sub-admin=Ballerup,locality=Ballerup,thoroughfare=Smørum Parkvej,postalCode=2750,countryCode=DK,countryName=Denmark,hasLatitude=true,latitude=55.7440931,hasLongitude=true,longitude=12.3273242,phone=null,url=null,extras=null]

0.08
0.04
0.11
0.12
0.15
0.07
0.11
0.08
0.08
0.04
0.04
0.11
0.03
0.08
0.11
0.03
0.04
0.04
0.08
0.08
0.04
0.04
0.08
0.04
0.04
0.04
0.08
0.19
0.07
0.08
0.04
0.12
0.11
0.12
0.12
0.11
0.08
0.08
0.04
0.03
0.07
0.04
0.04
0.12
0.04
0.12
0.08
0.04
0.08
0.11
0.03
0.08
0.12
0.04
0.04
0.27
0.23
0.11
0.11
0.11
0.11
0.11
0.03
0.03
0.07
0.08
0.08
0.07
0.11
0.04
0.03
0.12
0.12
0.03
0.04
0.03
0.11
0.04
0.11
0.04
0.07
0.12
0.12
0.19
0.11
0.07
0.11
0.07
0.08
0.15
0.07
0.07
0.08
0.11
0.04
0.04
0.03
0.04
0.04
0.03
0.04
0.03
0.07
0.04
0.07
0.11
0.08
0.03
0.07
0.15
0.11
0.03
0.07
0.11
0.04
0.07
0.08
0.08
0.08
0.08
0.11
0.11
0.08
0.07
0.03
0.11
0.04
0.15
0.11
0.04
0.03
0.07
0.04
0.07
0.07
0.08
0.11
0.08
0.04
0.08
0.05
0.10
0.04
0.11
0.15
0.12
0.08
0.15
0.08
0.08
0.11
0.04
0.07
0.08
0.15
0.07
0.04
0.08
0.12
0.15
0.11
0.08
0.07
0.07
0.08
0.08
0.04
0.12
0.04
0.08
0.08
0.08
0.08
0.11
0.07
0.04
0.04
0.04
0.08
0.15
0.11
0.03
0.11
0.07
0.04
0.04
0.07
0.11
0.04
0.11
0.08
0.15
0.08
0.07
0.07
0.11
0.04
0.12
0.04
0.07
0.07
0.11
0.04
0.03
0.07
0.07
0.08
0.08
0.08
0.03
0.04
0.04
0.04
0.07
0.11
0.11
0.08
0.04
0.15
0.07
0.08
0.03
0.07
0.07
0.11
0.11
0.03
0.07
0.03
0.08
0.16
0.15
0.11
0.08
0.11
0.11
0.11
0.07
0.07
0.04
0.07
0.04
0.08
0.08
0.08
0.15
0.15
0.08
0.08
0.04
0.11
0.03
0.03
0.07
0.04
0.07
