GUESS    :MOVING_SM
STARTTIME:1288194018070
ENDTIME  :1288194031039
LOCALSPD :5.4262733
LONGSPD  :9.899848
LOCATION :Location[mProvider=network,mTime=1288194007797,mLatitude=55.75446325,mLongitude=12.41203275,mHasAltitude=false,mAltitude=0.0,mHasSpeed=false,mSpeed=0.0,mHasBearing=false,mBearing=0.0,mHasAccuracy=true,mAccuracy=265.0,mExtras=Bundle[mParcelledData.dataSize=148]]
ADDRESS :

0.39
0.42
0.61
0.71
0.45
0.20
0.37
0.82
0.20
0.71
0.45
0.20
0.25
0.61
0.74
0.52
0.16
0.30
0.34
0.54
0.69
1.04
0.41
0.46
0.50
0.80
0.67
0.49
0.69
0.50
0.39
0.89
0.49
0.65
0.65
0.26
0.53
0.60
0.31
0.29
0.57
0.71
0.82
0.15
0.07
0.48
0.38
0.27
0.42
0.54
0.15
0.41
0.53
0.27
0.26
0.76
0.27
0.48
0.04
0.38
0.35
0.54
0.57
0.61
0.65
0.19
0.19
0.22
0.45
0.35
0.34
0.87
0.19
0.38
0.65
0.98
0.29
0.99
0.33
0.12
0.23
0.69
0.31
0.99
0.68
0.38
0.74
0.84
1.02
0.86
0.61
1.04
0.80
1.42
2.55
1.53
2.45
2.51
1.84
1.53
1.31
0.39
1.87
1.76
2.14
1.04
1.42
1.20
1.18
1.57
1.69
1.83
1.50
1.35
0.38
1.38
0.72
1.23
1.31
0.99
1.59
0.53
1.08
0.87
1.06
0.97
1.84
0.65
1.14
1.61
1.36
2.15
1.23
1.57
0.91
0.84
1.13
0.39
0.67
0.91
0.95
1.18
0.42
1.02
0.65
0.56
0.63
0.99
0.15
0.87
1.13
0.44
0.61
0.31
0.34
1.39
0.72
1.12
0.34
0.39
0.27
0.30
1.14
0.49
0.82
0.33
0.39
0.39
0.38
0.34
0.41
0.89
0.38
0.33
1.08
0.22
0.72
0.44
1.68
0.41
0.93
0.39
0.22
0.22
0.42
1.05
0.61
0.83
0.61
0.48
0.74
1.23
0.31
0.23
0.42
0.49
0.89
0.42
0.59
0.39
0.84
0.33
0.86
0.65
0.46
1.33
0.99
0.97
0.50
0.91
0.31
0.29
0.65
1.13
1.31
1.43
1.31
0.14
0.78
1.68
0.63
1.12
0.46
0.35
0.68
1.14
0.69
0.89
0.53
0.34
0.39
0.27
0.31
0.27
0.38
0.15
0.16
1.33
0.33
1.08
0.99
0.42
0.45
0.90
1.06
1.23
1.42
0.84
0.82
2.04
1.38
0.44
0.52
0.82
1.32
0.53
