GUESS    :MOVING_ME
STARTTIME:1288194139780
ENDTIME  :1288194152730
LOCALSPD :0.0
LONGSPD  :12.22727
LOCATION :Location[mProvider=network,mTime=1288194107359,mLatitude=55.74712955,mLongitude=12.395407850000002,mHasAltitude=false,mAltitude=0.0,mHasSpeed=false,mSpeed=0.0,mHasBearing=false,mBearing=0.0,mHasAccuracy=true,mAccuracy=60.0,mExtras=Bundle[mParcelledData.dataSize=148]]
ADDRESS :

2.07
1.92
2.44
0.42
0.69
0.80
0.76
1.33
2.19
0.78
1.38
2.22
3.69
2.62
2.38
1.33
5.98
3.83
4.67
2.64
0.80
0.84
1.76
0.34
1.65
0.82
2.63
1.02
3.00
6.28
5.30
3.94
1.42
3.95
6.05
3.64
2.07
6.32
4.40
4.02
3.06
3.83
1.35
2.96
1.80
1.88
1.39
3.21
3.61
4.48
1.99
3.17
4.13
1.69
1.47
0.75
1.14
0.35
0.46
1.23
4.25
2.98
1.32
2.14
1.84
1.84
1.16
2.32
1.31
1.38
1.05
2.41
3.69
1.18
4.06
0.91
2.19
1.32
0.15
2.18
1.35
1.88
0.89
0.80
0.37
1.05
1.43
1.53
1.31
1.20
1.63
2.96
4.28
3.04
4.82
1.10
1.35
0.50
1.18
0.35
0.30
1.81
1.78
2.26
0.37
1.73
2.15
3.15
0.98
1.93
1.02
1.02
0.44
3.19
2.10
1.70
1.42
3.55
1.09
2.08
5.71
2.71
2.34
2.41
3.90
5.38
3.11
2.37
2.72
1.96
1.65
5.79
6.70
3.79
2.04
1.85
2.67
1.21
1.16
1.97
1.08
1.27
0.74
4.51
4.44
4.10
2.15
1.63
3.64
4.92
3.57
4.36
3.45
2.25
1.18
2.37
2.14
3.19
0.61
1.08
0.84
1.31
2.67
1.87
2.96
0.68
3.49
1.17
1.21
2.86
2.75
1.42
1.18
1.39
1.23
0.87
1.69
1.04
2.11
0.93
2.53
1.68
3.21
4.06
1.10
2.64
0.93
1.76
2.18
4.09
1.27
0.46
1.31
1.40
1.88
2.11
3.38
3.26
1.91
2.04
4.36
1.39
3.98
2.64
3.06
1.04
1.42
1.53
4.63
2.98
3.16
1.28
2.41
2.40
2.42
3.88
0.89
0.82
2.75
0.91
2.68
2.00
2.52
1.91
1.80
2.14
2.38
1.24
1.80
0.89
2.34
1.66
2.19
2.81
2.78
2.94
4.55
1.23
2.96
2.57
2.63
0.31
3.57
1.99
1.46
1.72
2.03
2.00
2.10
1.06
2.72
1.68
2.15
1.77
0.59
0.65
