GUESS    :WALKING
STARTTIME:1288194273190
ENDTIME  :1288194286091
LOCALSPD :2.6368284
LONGSPD  :10.693274
LOCATION :Location[mProvider=network,mTime=1288194242424,mLatitude=55.74937712222223,mLongitude=12.377255655555555,mHasAltitude=false,mAltitude=0.0,mHasSpeed=false,mSpeed=0.0,mHasBearing=false,mBearing=0.0,mHasAccuracy=true,mAccuracy=58.0,mExtras=Bundle[mParcelledData.dataSize=148]]
ADDRESS :

2.02
0.58
0.69
0.49
0.52
0.54
0.15
0.23
0.61
0.39
0.60
0.63
0.82
0.61
0.66
0.42
0.43
0.20
0.10
0.05
0.20
0.27
0.44
0.37
0.36
0.34
0.22
0.52
0.23
0.13
0.13
0.08
0.08
0.22
0.25
0.28
0.35
0.11
0.25
0.23
0.17
0.06
0.17
0.05
0.15
0.06
0.11
0.07
0.02
0.15
0.11
0.08
0.12
0.12
0.25
0.15
0.01
0.03
0.05
0.01
0.03
0.05
0.11
0.15
0.15
0.21
0.11
0.11
0.07
0.13
0.09
0.09
0.18
0.17
0.19
0.23
0.10
0.05
0.14
0.09
0.04
0.10
0.21
0.13
0.21
0.20
0.28
0.32
0.17
0.21
0.03
0.03
0.09
0.06
0.15
0.18
0.17
0.20
0.13
0.18
0.22
0.14
0.06
0.14
0.07
0.03
0.04
0.04
0.04
0.19
0.06
0.21
0.27
0.12
0.02
0.13
0.19
0.06
0.04
0.17
0.14
0.15
0.05
0.08
0.03
0.05
0.09
0.12
