GUESS    :MOVING_HI
STARTTIME:1288194354181
ENDTIME  :1288194367419
LOCALSPD :0.0
LONGSPD  :7.1435165
LOCATION :Location[mProvider=network,mTime=1288194324666,mLatitude=55.746336,mLongitude=12.384762,mHasAltitude=false,mAltitude=0.0,mHasSpeed=false,mSpeed=0.0,mHasBearing=false,mBearing=0.0,mHasAccuracy=true,mAccuracy=810.0,mExtras=Bundle[mParcelledData.dataSize=148]]
ADDRESS :

5.42
2.87
1.93
0.71
0.27
0.75
0.81
0.49
0.35
0.34
0.34
0.50
0.64
0.47
0.90
0.32
0.39
0.45
0.19
0.28
0.25
0.25
0.13
0.29
0.22
0.20
0.45
0.33
0.47
0.14
0.14
0.28
0.09
0.24
0.14
0.34
0.18
0.32
0.22
0.17
0.50
0.93
0.61
0.44
0.64
0.58
0.48
0.46
0.25
0.25
0.44
0.12
0.37
0.21
0.60
0.92
0.49
0.12
0.15
0.36
0.58
0.36
0.72
0.53
0.13
0.64
0.15
0.44
0.27
0.65
0.12
0.19
0.31
0.34
0.34
0.31
0.07
0.41
0.19
0.66
0.19
0.70
0.78
0.49
0.26
0.19
0.14
0.32
0.08
0.43
0.19
0.24
0.36
0.17
0.39
0.07
0.75
0.46
0.23
0.23
0.13
0.10
0.18
0.27
0.01
0.65
0.64
0.12
0.45
0.73
0.36
0.19
0.27
0.08
0.19
0.29
0.25
0.11
0.35
0.51
0.19
0.13
0.62
0.19
0.52
0.49
0.29
0.46
