GUESS    :WALKING
STARTTIME:1288194540180
ENDTIME  :1288194554049
LOCALSPD :0.0
LONGSPD  :0.6540943
LOCATION :Location[mProvider=network,mTime=1288194516587,mLatitude=55.749565700000005,mLongitude=12.376724133333333,mHasAltitude=false,mAltitude=0.0,mHasSpeed=false,mSpeed=0.0,mHasBearing=false,mBearing=0.0,mHasAccuracy=true,mAccuracy=50.0,mExtras=Bundle[mParcelledData.dataSize=148]]
ADDRESS :

1.17
2.00
1.53
0.93
0.45
0.42
0.61
0.75
0.87
0.95
0.93
0.77
0.55
0.43
0.49
0.52
0.47
0.36
0.25
0.13
0.07
0.18
0.30
0.35
0.28
0.14
0.09
0.22
0.28
0.26
0.19
0.11
0.09
0.04
0.04
0.17
0.24
0.26
0.22
0.14
0.09
0.15
0.22
0.26
0.26
0.25
0.19
0.12
0.11
0.13
0.15
0.16
0.17
0.17
0.16
0.13
0.09
0.05
0.04
0.02
0.06
0.13
0.19
0.23
0.22
0.18
0.10
0.10
0.19
0.27
0.32
0.33
0.32
0.28
0.23
0.19
0.16
0.16
0.18
0.21
0.26
0.30
0.35
0.36
0.33
0.29
0.25
0.25
0.27
0.29
0.31
0.30
0.26
0.22
0.19
0.18
0.21
0.23
0.25
0.24
0.22
0.20
0.19
0.16
0.13
0.09
0.07
0.04
0.03
0.05
0.11
0.16
0.19
0.17
0.12
0.05
0.04
0.09
0.12
0.11
0.10
0.09
0.09
0.10
0.11
0.13
0.14
0.16
