GUESS    :MOVING_ME
STARTTIME:1288193079570
ENDTIME  :1288193092739
LOCALSPD :1.0995322
LONGSPD  :2.6275826
LOCATION :Location[mProvider=network,mTime=1288193037424,mLatitude=55.77240598000001,mLongitude=12.50097932,mHasAltitude=false,mAltitude=0.0,mHasSpeed=false,mSpeed=0.0,mHasBearing=false,mBearing=0.0,mHasAccuracy=true,mAccuracy=56.0,mExtras=Bundle[mParcelledData.dataSize=148]]
ADDRESS :

2.81
2.98
3.91
3.23
2.53
4.18
1.12
1.46
1.57
0.82
1.16
1.95
3.12
3.55
2.21
2.14
2.55
2.55
2.62
0.99
1.12
2.32
1.08
1.80
2.15
1.33
1.14
2.15
0.91
0.72
0.84
0.53
0.80
0.20
0.34
0.27
0.69
0.34
0.87
0.34
0.35
0.57
0.76
0.39
0.41
1.38
0.57
0.54
0.53
1.08
1.57
0.74
5.50
4.47
9.00
2.74
2.52
2.14
1.20
1.13
0.83
0.76
0.34
0.84
0.65
0.30
0.15
0.46
0.46
0.78
0.72
0.78
0.44
0.48
0.57
0.27
0.69
0.75
1.74
0.57
2.02
0.87
0.76
0.64
1.61
1.73
1.66
0.78
1.08
1.18
0.44
1.69
0.46
0.27
0.76
1.23
2.07
1.92
1.06
2.22
1.43
2.53
0.82
0.27
0.37
0.61
0.31
0.46
0.30
0.49
0.68
0.57
0.68
0.69
1.14
0.84
1.48
0.93
0.97
1.61
1.80
2.15
2.15
0.72
2.26
2.83
3.12
3.55
1.83
0.68
1.21
0.97
0.78
0.56
0.54
0.89
0.59
0.45
1.18
0.59
0.86
0.56
1.25
0.30
0.87
0.65
0.91
0.82
0.64
0.91
0.68
0.65
0.59
0.53
0.46
0.75
0.54
1.13
1.54
0.87
2.64
1.12
0.99
0.93
0.50
1.65
0.74
0.30
1.54
0.97
1.80
1.77
2.25
0.64
0.89
0.52
0.23
0.53
0.90
0.38
0.48
1.04
0.46
0.65
0.98
0.50
0.18
0.27
0.44
0.48
0.89
0.49
0.27
0.68
0.56
0.34
0.50
0.39
0.44
1.65
0.99
0.83
1.57
1.31
0.76
1.42
1.54
1.40
0.14
0.57
0.89
0.84
0.26
0.15
0.61
0.41
0.29
1.32
1.10
1.08
1.06
1.84
0.42
0.87
1.27
1.50
1.69
2.00
0.31
1.25
1.16
0.42
0.26
0.60
0.68
1.31
0.42
1.10
1.24
0.84
0.79
0.86
0.99
0.31
1.39
0.95
0.69
2.72
2.64
0.82
1.65
0.93
0.76
1.61
1.66
1.08
