GUESS    :MOVING_SM
STARTTIME:1288551830000
ENDTIME  :1288551845354
LOCALSPD :0.0
LONGSPD  :-1.0
LOCATION :Location[mProvider=network,mTime=1288551791944,mLatitude=55.74958615,mLongitude=12.3767289,mHasAltitude=false,mAltitude=0.0,mHasSpeed=false,mSpeed=0.0,mHasBearing=false,mBearing=0.0,mHasAccuracy=true,mAccuracy=50.0,mExtras=Bundle[mParcelledData.dataSize=148]]
ADDRESS :

0.80
0.23
0.46
0.54
0.54
0.91
0.56
0.65
0.39
0.59
0.68
0.63
0.64
0.35
0.60
0.23
0.64
0.49
0.59
0.35
0.19
0.23
0.11
0.38
0.12
0.65
0.15
0.41
1.05
0.95
0.76
0.89
0.99
0.72
0.50
0.42
0.34
0.69
0.84
0.98
1.01
0.46
0.41
0.61
0.04
1.06
0.52
0.35
0.25
0.12
0.42
0.19
0.15
0.31
0.56
0.12
0.12
0.18
0.22
0.30
0.25
0.57
1.23
1.13
1.21
0.54
1.50
0.90
0.41
0.65
0.83
0.37
0.68
0.72
1.08
1.16
0.35
0.72
0.74
0.31
0.25
0.19
0.19
0.46
0.57
0.53
0.44
0.69
0.34
0.65
0.71
1.43
0.57
0.95
1.23
1.54
1.21
1.18
1.04
0.34
1.16
0.98
0.23
0.89
0.59
2.74
1.96
2.60
1.63
1.65
0.57
1.06
1.88
0.68
0.50
1.04
0.34
0.50
0.38
0.74
2.10
2.93
2.42
1.92
0.34
0.75
0.99
2.14
0.37
0.65
1.38
3.42
1.39
3.30
2.03
1.73
0.76
0.65
0.80
0.25
0.57
1.92
1.50
1.35
2.57
3.43
1.16
1.24
1.92
0.91
1.62
0.86
0.82
0.83
2.00
2.25
3.28
3.04
1.42
0.99
1.44
0.53
0.60
0.93
1.08
0.83
2.23
1.63
3.66
1.27
1.50
0.95
0.95
0.69
1.10
0.71
0.56
0.63
3.30
1.87
2.91
2.15
1.84
1.02
1.18
0.63
0.90
0.42
0.45
1.21
0.59
0.49
1.57
2.07
3.38
1.28
1.14
2.34
0.91
0.76
0.80
2.17
1.28
3.35
2.96
1.66
1.43
0.83
0.57
0.41
0.42
0.54
1.88
2.26
3.23
1.48
0.72
1.18
0.84
1.27
0.37
0.49
0.78
0.78
0.39
0.42
1.23
2.14
1.16
1.55
1.50
0.67
0.46
0.74
0.72
0.35
0.42
0.64
0.49
0.08
0.27
0.65
0.35
0.10
0.44
0.35
0.30
0.08
0.08
0.15
0.35
0.29
0.14
0.27
0.35
0.30
