GUESS    :MOVING_SM
STARTTIME:1289330676554
ENDTIME  :1289330691230
LOCALSPD :-1.0
LONGSPD  :-1.0
LOCATION :Location[mProvider=network,mTime=1289330648264,mLatitude=55.74958615,mLongitude=12.3767289,mHasAltitude=false,mAltitude=0.0,mHasSpeed=false,mSpeed=0.0,mHasBearing=false,mBearing=0.0,mHasAccuracy=true,mAccuracy=50.0,mExtras=Bundle[mParcelledData.dataSize=148]]
ADDRESS :

0.67
0.25
0.20
0.44
0.12
0.35
1.04
0.56
0.52
0.12
0.20
0.16
0.12
0.46
0.63
0.12
0.25
0.08
0.46
0.12
0.50
0.12
0.08
0.08
0.16
0.20
0.19
0.35
0.08
0.08
0.16
0.11
0.15
0.20
0.08
0.16
0.12
0.12
0.11
0.11
0.16
0.15
0.15
0.12
0.23
0.11
0.12
0.30
0.27
0.34
0.19
0.71
0.31
0.08
0.12
0.04
0.20
0.19
0.38
1.09
0.97
0.69
0.27
0.12
0.48
0.14
0.30
0.16
0.12
0.16
0.19
0.27
0.16
0.08
0.31
0.23
0.12
0.16
0.27
0.15
0.12
0.12
0.08
0.04
0.23
0.15
0.19
0.30
0.30
0.23
0.19
0.19
0.12
0.12
0.04
0.20
0.27
0.15
0.16
0.12
0.12
0.12
0.08
0.19
0.12
0.11
0.04
0.15
0.54
0.84
0.29
0.33
0.35
0.19
0.08
0.04
0.07
0.11
0.12
0.08
0.08
0.14
0.14
0.15
0.30
0.15
0.11
0.19
0.19
0.15
0.07
0.08
0.11
0.12
0.07
0.07
0.12
0.16
0.03
0.11
0.15
0.11
0.08
0.08
0.12
0.19
0.25
0.26
0.12
0.16
0.04
0.19
0.19
0.08
0.11
0.12
0.12
0.12
0.08
0.23
0.30
0.30
0.23
0.11
0.12
0.08
0.23
0.16
0.89
0.39
0.33
0.45
0.12
0.15
0.12
0.12
0.11
0.15
0.11
0.04
0.11
0.08
0.04
0.04
0.19
0.23
0.29
0.04
0.16
0.19
0.03
0.11
0.16
0.30
0.16
0.04
0.08
0.04
0.11
0.04
0.11
0.07
0.10
0.12
0.10
0.10
0.10
0.04
0.04
0.07
0.04
0.07
0.07
0.07
0.04
0.08
0.07
0.11
0.11
0.11
0.08
0.07
0.07
0.11
0.04
0.07
0.07
0.03
0.04
0.08
0.04
0.07
0.15
0.12
0.08
0.11
0.08
0.11
0.12
0.12
0.07
0.15
0.12
0.07
0.07
0.12
0.04
0.16
0.15
0.11
0.08
0.08
0.15
0.04
0.11
0.04
