GUESS    :IDLE
STARTTIME:1288009867801
ENDTIME  :1288009883670
LOCALSPD :0.0
LONGSPD  :-1.0
LOCATION :org.peterstrand.service.LocationWrapper@44988860
ADDRESS :

0.08
0.01
0.01
0.00
0.01
0.01
0.01
0.00
0.00
0.00
0.01
0.00
0.00
0.01
0.00
0.01
0.00
0.01
0.00
0.00
0.01
0.01
0.01
0.00
0.01
0.01
0.01
0.01
0.01
0.00
0.00
0.01
0.00
0.01
0.00
0.00
0.01
0.01
0.01
0.01
0.00
0.00
0.00
0.00
0.00
0.01
0.00
0.00
0.00
0.01
0.00
0.01
0.01
0.00
0.00
0.01
0.01
0.00
0.00
0.00
0.01
0.00
0.00
0.00
0.01
0.01
0.00
0.00
0.00
0.01
0.01
0.00
0.01
0.00
0.01
0.00
0.00
0.00
0.00
0.00
0.01
0.00
0.00
0.00
0.01
0.01
0.00
0.00
0.00
0.00
0.00
0.01
0.01
0.00
0.00
0.01
0.00
0.00
0.00
0.01
0.00
0.01
0.01
0.01
0.01
0.00
0.00
0.00
0.00
0.00
0.00
0.00
0.00
0.00
0.00
0.00
0.00
0.00
0.00
0.00
0.00
0.00
0.00
0.00
0.00
0.00
0.00
0.01
