GUESS    :MOVING_SM
STARTTIME:1288876751352
ENDTIME  :1288876765908
LOCALSPD :0.0
LONGSPD  :-1.0
LOCATION :Location[mProvider=network,mTime=1288876709090,mLatitude=55.749566400000006,mLongitude=12.37671915,mHasAltitude=false,mAltitude=0.0,mHasSpeed=false,mSpeed=0.0,mHasBearing=false,mBearing=0.0,mHasAccuracy=true,mAccuracy=50.0,mExtras=Bundle[mParcelledData.dataSize=148]]
ADDRESS :

0.20
0.13
0.06
0.09
0.09
0.07
0.06
0.04
0.03
0.02
0.01
0.00
0.01
0.02
0.04
0.04
0.05
0.04
0.03
0.04
0.03
0.02
0.02
0.01
0.01
0.02
0.02
0.02
0.01
0.02
0.04
0.03
0.04
0.04
0.04
0.05
0.04
0.02
0.02
0.03
0.04
0.03
0.02
0.01
0.01
0.01
0.00
0.01
0.02
0.02
0.02
0.02
0.02
0.01
0.01
0.02
0.01
0.01
0.02
0.02
0.02
0.02
0.01
0.00
0.02
0.05
0.02
0.01
0.03
0.02
0.02
0.03
0.02
0.02
0.03
0.02
0.02
0.02
0.01
0.02
0.02
0.00
0.01
0.02
0.02
0.02
0.01
0.01
0.01
0.02
0.03
0.02
0.02
0.03
0.01
0.01
0.02
0.00
0.01
0.01
0.01
0.02
0.01
0.02
0.02
0.02
0.03
0.01
0.03
0.03
0.02
0.02
0.02
0.02
0.01
0.01
0.01
0.02
0.01
0.01
0.02
0.01
0.01
0.01
0.01
0.01
0.01
0.01
