GUESS    :MOVING_SM
STARTTIME:1288162255527
ENDTIME  :1288162269160
LOCALSPD :7.9521685
LONGSPD  :9.427294
LOCATION :Location[mProvider=network,mTime=1288162267562,mLatitude=55.77626465,mLongitude=12.52529865,mHasAltitude=false,mAltitude=0.0,mHasSpeed=false,mSpeed=0.0,mHasBearing=false,mBearing=0.0,mHasAccuracy=true,mAccuracy=275.0,mExtras=Bundle[mParcelledData.dataSize=148]]
ADDRESS :

0.08
0.07
0.08
0.08
0.04
0.03
0.04
0.07
0.23
0.29
0.23
0.25
0.16
0.19
0.07
0.07
0.19
0.22
0.16
0.11
0.14
0.25
0.05
0.03
0.04
0.08
0.19
0.20
0.11
0.08
0.20
0.12
0.48
0.69
0.72
0.53
0.20
0.41
0.15
0.15
0.25
0.27
0.11
0.34
0.04
0.08
0.27
0.27
0.16
0.23
0.04
0.14
0.10
0.16
0.16
0.15
0.15
0.27
0.20
0.11
0.16
0.15
0.56
0.08
0.08
0.16
0.07
0.20
0.04
0.08
0.07
0.07
0.18
0.31
0.42
0.26
0.20
0.46
0.38
0.42
0.18
0.23
0.37
0.48
0.35
0.11
0.26
0.42
0.46
0.14
0.27
0.46
0.31
0.26
0.15
0.49
0.61
0.37
0.34
0.26
0.41
0.82
0.46
0.29
0.45
0.38
0.44
0.03
0.31
0.69
0.46
0.20
0.31
0.37
0.19
0.23
0.44
0.53
0.30
1.14
1.58
0.42
1.12
0.42
0.20
0.27
1.16
0.57
0.80
1.77
0.59
1.46
1.68
0.42
0.34
0.27
0.23
0.49
0.26
0.26
0.57
0.22
0.74
0.50
0.26
0.07
0.22
0.44
0.65
0.63
0.98
0.35
0.46
0.11
0.54
0.45
0.34
0.74
0.34
0.54
0.84
0.34
0.65
0.31
0.26
0.65
0.54
0.61
0.38
0.37
0.12
0.45
0.39
0.23
0.34
0.49
0.27
0.39
0.54
0.49
0.46
0.48
0.26
0.65
0.41
0.61
0.31
0.44
0.65
0.46
0.50
0.60
0.53
0.61
0.35
0.57
0.80
0.22
0.49
0.30
0.42
0.46
0.65
0.72
0.53
0.27
0.59
0.23
0.48
0.84
0.57
1.01
0.61
0.69
0.49
0.08
0.57
0.10
0.35
0.50
0.42
0.74
0.57
0.71
0.46
0.30
0.33
0.41
0.23
0.56
0.15
1.61
1.63
0.08
0.80
0.91
2.48
0.91
2.45
1.51
0.89
0.61
1.20
0.80
0.99
0.76
0.79
0.93
1.42
0.68
0.90
0.90
0.68
2.55
0.44
2.64
