GUESS    :MOVING_ME
STARTTIME:1288162741457
ENDTIME  :1288162757245
LOCALSPD :0.0
LONGSPD  :1.4263991
LOCATION :Location[mProvider=network,mTime=1288162698306,mLatitude=55.78251023,mLongitude=12.51395238,mHasAltitude=false,mAltitude=0.0,mHasSpeed=false,mSpeed=0.0,mHasBearing=false,mBearing=0.0,mHasAccuracy=true,mAccuracy=53.0,mExtras=Bundle[mParcelledData.dataSize=148]]
ADDRESS :

0.08
0.12
0.12
0.07
0.07
0.04
0.08
0.08
0.04
0.08
0.15
0.15
0.07
0.04
0.03
0.08
0.11
0.07
0.12
0.19
0.15
0.08
0.04
0.16
0.12
0.04
0.08
0.08
0.12
0.08
0.12
0.12
0.07
0.11
0.04
0.12
0.15
0.14
0.11
0.14
0.14
0.12
0.15
0.11
0.12
0.04
0.08
0.07
0.07
0.04
0.04
0.12
0.07
0.07
0.07
0.05
0.12
0.08
0.14
0.10
0.08
0.11
0.08
0.15
0.12
0.07
0.12
0.11
0.04
0.03
0.07
0.07
0.12
0.12
0.07
0.03
0.08
0.07
0.07
0.14
0.03
0.10
0.08
0.04
0.11
0.04
0.03
0.11
0.10
0.04
0.08
0.07
0.15
0.08
0.03
0.07
0.07
0.12
0.14
0.15
0.08
0.19
0.16
0.07
0.11
0.18
0.16
0.23
0.04
0.20
0.19
0.15
0.12
0.12
0.15
0.16
0.19
0.08
0.12
0.15
0.04
0.07
0.04
0.15
0.18
0.11
0.07
0.22
0.19
0.12
0.12
0.11
0.16
0.15
0.15
0.04
0.12
0.12
0.07
0.11
0.08
0.04
0.08
0.11
0.10
0.11
0.08
0.07
0.11
0.07
0.03
0.04
0.04
0.19
0.08
0.08
0.08
0.04
0.04
0.03
0.05
0.11
3.05
7.67
16.13
7.70
9.81
8.74
3.00
3.41
2.23
4.67
3.98
2.45
6.25
1.08
5.09
10.75
7.12
5.48
1.80
3.49
3.06
9.21
0.50
5.24
4.62
7.49
2.23
1.43
2.06
2.68
2.55
2.26
3.51
0.60
1.70
2.34
2.17
5.24
11.07
5.37
6.24
2.76
1.13
6.25
3.85
1.25
3.15
6.27
2.62
2.94
2.03
2.63
2.30
4.55
3.98
2.68
4.92
5.71
7.78
1.09
0.84
0.23
0.04
0.04
0.20
0.37
0.22
0.42
0.12
0.08
0.12
0.08
0.12
0.04
0.16
0.08
0.15
0.11
0.15
0.19
0.16
0.08
0.12
0.04
0.16
0.03
0.15
0.15
0.08
0.25
0.10
0.15
0.04
0.08
