GUESS    :MOVING_SM
STARTTIME:1288162771480
ENDTIME  :1288162785859
LOCALSPD :0.0
LONGSPD  :1.1880038
LOCATION :Location[mProvider=network,mTime=1288162758321,mLatitude=55.78251023,mLongitude=12.51395238,mHasAltitude=false,mAltitude=0.0,mHasSpeed=false,mSpeed=0.0,mHasBearing=false,mBearing=0.0,mHasAccuracy=true,mAccuracy=53.0,mExtras=Bundle[mParcelledData.dataSize=148]]
ADDRESS :

0.15
0.04
0.04
0.07
0.04
0.08
0.19
0.20
0.11
0.08
0.19
0.15
0.08
0.08
0.04
0.04
0.07
0.14
0.18
0.94
3.09
1.68
2.10
2.49
8.23
5.24
4.51
4.71
0.23
0.16
0.07
0.11
0.25
0.19
0.29
0.27
0.38
0.42
0.38
0.41
0.65
0.34
0.16
0.49
0.26
0.41
0.14
0.18
0.15
0.19
0.08
0.11
0.23
0.18
0.29
0.46
0.80
0.46
0.38
0.97
1.42
0.80
0.34
0.11
0.25
0.37
0.37
0.42
0.30
0.38
0.42
0.53
0.15
0.12
0.08
0.31
0.41
0.23
0.23
0.16
0.08
0.11
0.23
0.12
0.25
0.74
0.42
0.15
0.35
0.42
0.39
0.30
0.18
0.20
0.08
0.29
0.20
0.12
0.12
0.16
0.35
0.35
0.39
0.34
0.22
0.48
0.72
0.42
0.26
0.35
0.29
0.37
0.38
0.33
0.34
0.30
0.30
0.19
0.42
0.33
0.25
0.42
0.46
0.50
1.04
0.42
0.30
0.30
0.33
0.30
0.11
0.35
0.54
0.87
0.79
0.30
0.23
0.15
0.12
0.08
0.23
0.19
0.12
0.15
0.30
1.25
0.91
0.53
0.91
0.19
0.80
0.23
0.46
0.49
0.19
0.50
0.49
0.54
0.57
0.45
0.60
0.10
0.57
0.12
0.44
0.41
0.23
0.29
0.19
0.30
0.30
0.27
0.26
0.15
0.38
0.07
0.14
0.16
0.10
0.10
0.07
0.10
0.07
0.08
0.15
0.03
0.03
0.11
0.15
0.07
0.03
0.08
0.11
0.08
0.19
0.11
0.07
0.07
0.03
0.07
0.11
0.08
0.23
0.15
0.07
0.08
0.07
0.08
0.11
0.11
0.04
0.14
0.11
0.11
0.04
0.04
0.04
0.12
0.11
0.11
0.10
0.04
0.08
0.11
0.04
0.07
0.08
0.15
0.11
0.04
0.15
0.11
0.04
0.04
0.04
0.12
0.08
0.11
0.18
0.11
0.15
0.04
0.11
0.11
0.12
0.15
0.11
0.15
0.15
0.34
0.08
0.08
0.15
0.03
0.18
0.14
