GUESS    :IDLE
STARTTIME:1287780647730
ENDTIME  :1287780662449
LOCATION :Location[mProvider=network,mTime=1287780651534,mLatitude=55.74958615,mLongitude=12.3767289,mHasAltitude=false,mAltitude=0.0,mHasSpeed=false,mSpeed=0.0,mHasBearing=false,mBearing=0.0,mHasAccuracy=true,mAccuracy=50.0,mExtras=Bundle[mParcelledData.dataSize=148]]
ADDRESS :

0.08
0.12
0.11
0.07
0.11
0.08
0.08
0.11
0.08
0.04
0.08
0.19
0.19
0.08
0.08
0.08
0.15
0.19
0.04
0.11
0.07
0.07
0.15
0.27
0.31
0.20
0.04
0.12
0.16
0.23
0.08
0.27
0.16
0.08
0.04
0.19
0.26
0.15
0.08
0.12
0.04
0.04
0.07
0.07
0.08
0.08
0.11
0.23
0.08
0.08
0.12
0.08
0.04
0.08
0.12
0.08
0.27
0.11
0.08
0.23
0.23
0.04
0.11
0.11
0.11
0.19
0.12
0.16
0.03
0.18
0.15
0.15
0.15
0.04
0.12
0.03
0.12
0.22
0.18
0.22
0.19
0.27
0.22
0.14
0.19
0.08
0.23
0.19
0.23
0.11
0.04
0.15
0.15
0.03
0.11
0.08
0.03
0.19
0.16
0.15
0.08
0.26
0.23
0.20
0.16
0.12
0.12
0.31
0.20
0.12
0.23
0.11
0.23
0.23
0.07
0.12
0.15
0.26
0.15
0.15
0.26
0.07
0.08
0.04
0.04
0.08
0.08
0.07
0.04
0.15
0.10
0.07
0.04
0.11
0.08
0.15
0.15
0.34
0.18
0.23
0.07
0.08
0.15
0.16
0.08
0.11
0.07
0.07
0.11
0.19
0.16
0.08
0.23
0.11
0.15
0.12
0.18
0.15
0.11
0.19
0.16
0.27
0.20
0.15
0.23
0.08
0.26
0.15
0.18
0.38
0.39
0.23
0.16
0.27
0.23
0.20
0.26
0.26
0.15
0.18
0.12
0.20
0.15
0.11
0.18
0.14
0.11
0.15
0.15
0.12
0.07
0.07
0.04
0.04
0.12
0.04
0.11
0.11
0.15
0.07
0.07
0.10
0.15
0.07
0.18
0.11
0.11
0.15
0.04
0.04
0.04
0.03
0.03
0.11
0.07
0.12
0.19
0.18
0.03
0.08
0.16
0.08
0.08
0.04
0.04
0.08
0.04
0.27
0.27
0.07
0.04
0.15
0.12
0.11
0.23
0.12
0.16
0.08
0.11
0.15
0.04
0.08
0.23
0.23
0.15
0.07
0.12
0.11
0.26
0.04
0.12
0.08
0.11
0.03
0.11
0.08
