GUESS    :MOVING_SM
STARTTIME:1287780063230
ENDTIME  :1287780079169
LOCATION :Location[mProvider=network,mTime=1287780047401,mLatitude=55.74958615,mLongitude=12.3767289,mHasAltitude=false,mAltitude=0.0,mHasSpeed=false,mSpeed=0.0,mHasBearing=false,mBearing=0.0,mHasAccuracy=true,mAccuracy=50.0,mExtras=Bundle[mParcelledData.dataSize=148]]
ADDRESS :

0.18
0.18
0.17
0.18
0.17
0.17
0.16
0.15
0.15
0.15
0.15
0.14
0.14
0.13
0.14
0.14
0.14
0.13
0.12
0.12
0.12
0.11
0.11
0.10
0.09
0.09
0.07
0.07
0.07
0.07
0.06
0.06
0.05
0.06
0.06
0.05
0.05
0.04
0.05
0.05
0.04
0.04
0.03
0.04
0.03
0.03
0.03
0.03
0.03
0.03
0.02
0.03
0.03
0.02
0.03
0.03
0.02
0.02
0.02
0.03
0.02
0.02
0.02
0.02
0.02
0.02
0.02
0.02
0.02
0.01
0.02
0.02
0.02
0.02
0.03
0.02
0.01
0.02
0.02
0.03
0.03
0.03
0.03
0.03
0.03
0.03
0.03
0.03
0.04
0.04
0.03
0.03
0.03
0.03
0.04
0.03
0.03
0.03
0.03
0.03
0.03
0.03
0.03
0.03
0.03
0.03
0.03
0.03
0.02
0.02
0.02
0.02
0.02
0.02
0.02
0.01
0.01
0.02
0.02
0.02
0.01
0.01
0.01
0.01
0.01
0.01
0.01
0.01
