GUESS    :WALKING
STARTTIME:1288531552236
ENDTIME  :1288531565163
LOCALSPD :0.77534044
LONGSPD  :0.040139534
LOCATION :Location[mProvider=network,mTime=1288531539126,mLatitude=55.737521,mLongitude=12.351753,mHasAltitude=false,mAltitude=0.0,mHasSpeed=false,mSpeed=0.0,mHasBearing=false,mBearing=0.0,mHasAccuracy=true,mAccuracy=752.0,mExtras=Bundle[mParcelledData.dataSize=148]]
ADDRESS :

1.41
1.73
1.31
0.74
0.42
0.29
0.06
0.16
0.43
0.63
0.76
0.68
0.54
0.55
0.42
0.35
0.24
0.34
0.43
0.44
0.40
0.33
0.32
0.29
0.22
0.20
0.16
0.16
0.15
0.10
0.17
0.29
0.37
0.34
0.30
0.22
0.17
0.16
0.17
0.24
0.28
0.31
0.35
0.30
0.23
0.22
0.20
0.19
0.15
0.15
0.22
0.23
0.21
0.23
0.27
0.28
0.28
0.26
0.23
0.15
0.20
0.17
0.16
0.17
0.24
0.26
0.28
0.26
0.23
0.20
0.14
0.12
0.10
0.10
0.11
0.17
0.18
0.24
0.27
0.27
0.27
0.20
0.17
0.07
0.06
0.05
0.07
0.11
0.16
0.19
0.21
0.18
0.17
0.16
0.14
0.08
0.08
0.09
0.15
0.13
0.12
0.12
0.07
0.09
0.10
0.09
0.11
0.07
0.11
0.11
0.10
0.09
0.06
0.10
0.20
0.21
0.18
0.15
0.11
0.12
0.09
0.06
0.02
0.04
0.05
0.11
0.16
0.20
