GUESS    :MOVING_HI
STARTTIME:1288530316804
ENDTIME  :1288530330085
LOCALSPD :1.7205188
LONGSPD  :-1.0
LOCATION :Location[mProvider=network,mTime=1288530285306,mLatitude=55.74196965,mLongitude=12.36715105,mHasAltitude=false,mAltitude=0.0,mHasSpeed=false,mSpeed=0.0,mHasBearing=false,mBearing=0.0,mHasAccuracy=true,mAccuracy=65.0,mExtras=Bundle[mParcelledData.dataSize=148]]
ADDRESS :

1.08
0.82
1.66
3.79
4.33
6.70
7.18
0.93
2.29
1.33
1.39
3.49
3.32
1.23
1.69
1.48
3.45
5.90
2.89
3.51
2.86
2.67
0.57
1.59
1.04
1.21
2.56
2.22
1.88
1.99
3.68
6.43
8.50
6.05
3.19
0.74
0.65
2.19
2.57
2.87
1.44
3.17
1.38
3.45
2.96
1.93
1.61
2.79
2.78
3.68
1.80
2.25
2.72
1.68
4.18
3.23
1.53
1.92
1.44
1.02
2.93
2.33
1.46
1.69
2.03
2.60
2.12
1.27
1.63
1.33
1.65
3.17
4.66
4.89
3.72
2.91
3.00
1.53
0.84
3.32
4.70
4.94
2.57
1.85
2.47
0.99
2.03
0.94
1.05
0.19
0.80
1.27
1.68
1.50
1.27
1.87
1.69
2.41
4.14
2.67
1.69
0.35
1.46
2.08
2.10
0.84
1.39
0.79
0.42
1.46
1.01
1.50
2.45
1.69
1.33
3.26
1.83
4.26
4.63
2.79
3.41
4.09
2.12
3.72
1.84
2.41
1.28
3.26
0.63
2.07
1.44
1.51
1.18
1.16
2.30
2.90
1.35
6.69
2.30
9.59
6.74
9.13
11.54
9.58
12.75
6.20
1.43
0.99
2.83
1.92
0.90
2.64
2.47
2.97
4.36
2.52
0.91
0.99
2.79
1.65
2.12
1.58
1.27
0.90
3.32
7.33
5.92
4.75
2.12
1.63
5.26
2.87
3.79
2.96
3.09
3.91
2.29
4.10
3.36
4.25
1.62
4.44
3.91
2.56
4.82
4.32
3.16
5.52
2.78
2.96
3.39
3.34
2.87
5.28
6.95
6.40
4.82
3.32
1.16
2.96
4.60
10.04
10.38
26.63
19.50
34.58
15.40
11.77
3.61
2.68
14.63
10.68
37.01
24.18
10.50
16.26
17.41
25.97
6.59
18.84
15.20
4.74
4.18
1.96
4.25
3.30
3.61
6.88
8.16
2.45
1.23
6.61
3.00
2.56
3.68
2.33
3.69
4.30
1.92
0.30
1.96
3.88
1.88
3.91
4.84
2.49
3.05
2.74
1.69
1.42
1.29
1.88
1.54
1.16
0.80
0.89
