GUESS    :WALKING
STARTTIME:1288530431282
ENDTIME  :1288530445714
LOCALSPD :0.0
LONGSPD  :0.0
LOCATION :Location[mProvider=network,mTime=1288530431934,mLatitude=55.740442,mLongitude=12.376823,mHasAltitude=false,mAltitude=0.0,mHasSpeed=false,mSpeed=0.0,mHasBearing=false,mBearing=0.0,mHasAccuracy=true,mAccuracy=872.0,mExtras=Bundle[mParcelledData.dataSize=148]]
ADDRESS :

0.50
0.27
0.34
1.05
1.58
0.38
0.57
0.30
0.93
0.72
1.04
0.97
0.11
0.72
0.29
0.16
0.46
0.50
1.42
1.46
0.64
1.32
1.46
1.54
0.65
0.65
0.49
1.50
1.14
1.42
0.34
0.65
1.08
0.27
0.46
0.99
1.10
3.58
2.18
0.75
1.25
1.61
0.31
0.84
1.20
0.78
0.84
1.17
1.27
1.16
2.45
1.05
0.69
0.65
0.67
0.34
0.10
0.52
0.56
0.25
0.84
0.53
1.53
0.84
0.03
0.82
0.64
1.10
0.69
0.35
0.30
0.11
0.56
0.63
0.50
0.15
0.38
0.34
0.35
0.12
0.12
0.14
0.42
0.49
0.53
0.23
0.45
0.41
0.89
0.46
0.19
0.20
1.04
1.84
0.78
0.99
1.29
0.76
0.49
0.59
0.18
0.27
0.42
0.34
0.34
0.25
0.15
0.11
0.11
0.31
0.16
0.23
0.26
0.30
0.23
0.27
0.12
0.38
0.11
0.39
0.65
0.94
0.67
0.46
0.65
0.74
0.86
0.42
1.27
0.38
0.59
0.60
0.46
0.80
0.31
0.53
0.89
0.44
0.14
0.74
0.38
0.31
0.76
0.50
1.08
0.93
1.69
0.65
0.59
0.23
0.34
0.19
0.39
0.25
0.20
0.30
0.39
0.23
0.20
0.19
0.18
0.34
0.19
0.23
0.19
0.26
0.12
0.30
0.34
0.22
0.15
0.15
0.35
0.42
0.27
0.29
0.35
0.08
0.22
1.10
0.87
0.46
1.95
1.72
1.08
0.89
0.87
0.61
1.55
1.69
1.66
1.16
0.76
0.84
0.76
1.59
0.23
0.68
1.08
0.04
3.17
1.25
4.52
3.32
3.84
2.70
1.42
2.15
1.57
3.19
1.24
2.93
1.50
2.03
2.49
1.91
1.57
0.76
1.93
1.14
1.20
0.26
0.45
1.78
1.24
1.13
9.43
11.80
9.34
2.85
4.02
1.53
0.57
2.62
2.72
2.14
1.81
0.97
3.68
3.72
4.52
1.31
1.80
1.58
0.99
2.45
1.18
0.84
1.58
2.74
1.33
5.58
4.84
4.79
3.84
0.95
