GUESS    :WALKING
STARTTIME:1288820320316
ENDTIME  :1288820335046
LOCALSPD :0.0
LONGSPD  :-1.0
LOCATION :Location[mProvider=network,mTime=1288820310547,mLatitude=55.74958026666667,mLongitude=12.376720666666666,mHasAltitude=false,mAltitude=0.0,mHasSpeed=false,mSpeed=0.0,mHasBearing=false,mBearing=0.0,mHasAccuracy=true,mAccuracy=50.0,mExtras=Bundle[mParcelledData.dataSize=148]]
ADDRESS :

2.11
0.43
0.64
0.24
0.14
0.14
0.10
0.23
0.14
0.11
0.22
0.11
0.19
0.19
0.14
0.25
0.30
0.10
0.12
0.16
0.18
0.19
0.11
0.15
0.12
0.23
0.81
0.91
0.32
0.60
0.30
0.20
0.10
0.20
0.15
0.12
0.15
0.03
0.14
0.10
0.10
0.09
0.17
0.16
0.15
0.25
0.10
0.21
0.04
0.17
0.18
0.14
0.58
0.66
0.19
0.45
0.25
0.45
0.26
0.20
0.05
0.23
0.03
0.03
0.21
0.09
0.12
0.12
0.11
0.21
0.11
0.09
0.12
0.02
0.20
0.11
0.11
0.05
0.13
0.13
0.21
0.24
0.02
0.25
0.11
0.05
0.06
0.11
0.09
0.18
0.04
0.13
0.05
0.13
0.13
0.08
0.12
0.16
0.07
0.07
0.04
0.14
0.09
0.03
0.05
0.11
0.16
0.07
0.19
0.16
0.09
0.10
0.04
0.03
0.07
0.02
0.07
0.14
0.22
0.11
0.06
0.15
0.17
0.08
0.16
0.09
0.02
0.13
