GUESS    :MOVING_SM
STARTTIME:1288445414214
ENDTIME  :1288445428497
LOCALSPD :-1.0
LONGSPD  :-1.0
LOCATION :Location[mProvider=network,mTime=1288445384266,mLatitude=55.633027,mLongitude=12.657241,mHasAltitude=false,mAltitude=0.0,mHasSpeed=false,mSpeed=0.0,mHasBearing=false,mBearing=0.0,mHasAccuracy=true,mAccuracy=910.0,mExtras=Bundle[mParcelledData.dataSize=148]]
ADDRESS :

0.19
0.13
0.11
0.13
0.12
0.11
0.12
0.10
0.13
0.12
0.11
0.11
0.10
0.11
0.11
0.11
0.10
0.10
0.12
0.10
0.11
0.12
0.10
0.12
0.12
0.10
0.11
0.11
0.11
0.10
0.11
0.11
0.10
0.11
0.11
0.09
0.10
0.10
0.10
0.11
0.10
0.10
0.09
0.11
0.10
0.10
0.11
0.10
0.10
0.10
0.09
0.10
0.11
0.10
0.10
0.09
0.08
0.09
0.08
0.07
0.08
0.09
0.07
0.08
0.08
0.07
0.08
0.09
0.09
0.07
0.08
0.08
0.08
0.08
0.07
0.07
0.07
0.07
0.06
0.07
0.07
0.07
0.07
0.07
0.06
0.07
0.06
0.06
0.05
0.05
0.06
0.06
0.04
0.05
0.06
0.05
0.05
0.05
0.06
0.04
0.04
0.04
0.04
0.03
0.04
0.04
0.04
0.03
0.04
0.03
0.03
0.02
0.03
0.04
0.02
0.03
0.03
0.02
0.02
0.02
0.02
0.02
0.03
0.02
0.02
0.01
0.02
0.02
