GUESS    :MOVING_SM
STARTTIME:1288446883066
ENDTIME  :1288446897592
LOCALSPD :0.0
LONGSPD  :0.0
LOCATION :Location[mProvider=network,mTime=1288446889381,mLatitude=55.687626,mLongitude=12.42782,mHasAltitude=false,mAltitude=0.0,mHasSpeed=false,mSpeed=0.0,mHasBearing=false,mBearing=0.0,mHasAccuracy=true,mAccuracy=959.0,mExtras=Bundle[mParcelledData.dataSize=148]]
ADDRESS :

0.15
0.20
0.45
0.26
0.23
0.04
0.46
0.26
0.27
0.44
0.08
0.27
0.08
0.15
0.11
0.39
0.12
0.26
0.19
0.37
0.15
0.25
0.12
0.25
0.11
0.29
0.08
0.16
0.33
0.35
0.41
0.22
0.07
0.41
0.12
0.11
0.54
0.16
0.65
0.49
0.25
0.53
0.45
0.57
0.42
0.29
0.16
0.63
0.69
0.63
0.08
0.34
0.27
0.27
0.19
0.41
0.27
0.15
0.23
0.22
0.08
0.30
0.61
0.39
0.64
0.65
0.68
0.12
0.23
0.15
0.60
0.39
0.38
0.23
0.20
0.11
0.22
0.30
0.23
0.15
0.22
0.53
0.19
0.15
0.35
0.26
0.26
0.27
0.34
0.30
0.22
0.08
0.30
0.23
0.15
0.07
0.38
0.25
0.42
0.38
0.50
0.54
0.53
0.41
0.99
0.57
0.30
0.56
0.61
0.20
0.38
0.53
0.30
0.93
0.50
0.35
0.59
0.63
0.30
0.16
0.19
0.16
0.80
1.08
0.72
0.46
0.54
0.99
0.31
0.69
0.27
0.42
0.99
0.84
0.23
0.42
0.26
0.50
0.11
0.07
0.23
0.41
0.20
0.50
0.42
0.57
0.61
0.16
0.23
0.16
0.27
0.54
0.52
0.12
0.16
0.26
0.30
0.25
0.12
0.57
0.95
0.49
0.57
0.89
0.42
0.34
0.30
0.19
0.80
0.56
0.50
0.27
0.33
0.39
0.19
0.46
0.29
0.95
0.49
0.67
0.11
0.26
0.80
0.50
0.38
0.53
0.79
0.42
0.52
0.30
0.98
0.91
1.12
0.76
0.46
0.69
0.26
0.11
0.80
0.49
0.50
0.16
0.08
0.31
0.69
0.19
0.33
0.93
0.38
0.34
0.65
0.49
0.61
0.86
0.27
0.89
0.80
0.57
0.56
0.18
0.26
0.84
0.04
0.75
0.53
0.16
0.31
0.27
0.54
0.57
0.90
0.29
0.42
0.38
0.30
0.46
0.30
0.48
0.82
0.56
0.37
0.20
0.60
0.26
0.69
0.41
0.54
0.38
0.27
0.39
0.57
0.19
0.84
0.76
0.52
0.95
