GUESS    :MOVING_SM
STARTTIME:1288447045014
ENDTIME  :1288447059722
LOCALSPD :0.0
LONGSPD  :0.0
LOCATION :Location[mProvider=network,mTime=1288447049251,mLatitude=55.687626,mLongitude=12.42782,mHasAltitude=false,mAltitude=0.0,mHasSpeed=false,mSpeed=0.0,mHasBearing=false,mBearing=0.0,mHasAccuracy=true,mAccuracy=959.0,mExtras=Bundle[mParcelledData.dataSize=148]]
ADDRESS :

0.11
0.56
0.25
0.27
0.23
0.84
0.27
0.20
0.52
0.34
0.38
0.38
0.54
0.48
0.84
0.50
0.38
0.19
0.07
0.12
0.30
0.61
0.19
0.07
0.68
0.12
0.31
0.31
0.08
0.29
0.82
0.84
1.12
0.19
0.25
0.20
0.22
0.41
0.42
0.08
0.57
0.04
0.23
0.33
0.08
0.04
0.23
0.48
0.35
0.19
0.37
0.41
0.22
0.19
0.27
0.23
0.33
0.46
0.11
0.08
0.19
0.16
0.20
0.42
0.37
0.49
0.16
0.25
0.23
0.27
0.23
0.31
0.12
0.59
0.35
0.15
0.19
0.12
0.27
0.30
0.12
0.33
0.34
0.16
0.39
0.57
0.26
0.08
0.12
0.23
0.23
0.35
0.10
0.23
0.22
0.03
0.22
0.48
0.25
0.26
0.19
0.53
0.11
0.12
0.20
0.27
0.12
0.12
0.12
0.15
0.08
0.18
0.35
0.25
0.11
0.26
0.15
0.19
0.22
0.23
0.20
0.59
0.31
0.37
0.05
0.46
0.08
0.41
0.14
0.61
0.20
0.12
0.07
0.44
0.19
0.12
0.23
0.19
0.15
0.27
0.12
0.27
0.35
0.12
0.27
0.23
0.25
0.48
0.08
0.26
0.23
0.65
0.23
0.16
0.29
0.12
0.45
0.19
0.16
0.35
0.35
0.33
0.16
0.42
0.16
0.19
0.34
0.37
0.42
0.35
0.19
0.26
0.38
0.19
0.19
0.38
0.38
0.45
0.11
0.19
0.12
0.16
0.34
0.26
0.14
0.30
0.11
0.12
0.44
0.50
0.15
0.20
0.35
0.30
0.19
0.08
0.11
0.07
0.54
0.50
0.37
0.29
0.27
0.11
0.30
0.11
0.34
0.23
0.33
0.31
0.15
0.03
0.23
0.38
0.14
0.12
0.39
0.12
0.37
0.18
0.46
0.04
0.42
0.50
0.25
0.26
0.37
0.16
0.23
0.41
0.34
0.12
0.26
0.18
0.26
0.15
0.22
0.26
0.08
0.26
0.03
0.19
0.15
0.04
0.16
0.25
0.23
0.31
0.23
0.37
0.34
0.48
0.16
0.34
0.26
0.12
