GUESS    :IDLE
STARTTIME:1288447090153
ENDTIME  :1288447105727
LOCALSPD :0.0
LONGSPD  :0.0
LOCATION :Location[mProvider=network,mTime=1288447089678,mLatitude=55.687626,mLongitude=12.42782,mHasAltitude=false,mAltitude=0.0,mHasSpeed=false,mSpeed=0.0,mHasBearing=false,mBearing=0.0,mHasAccuracy=true,mAccuracy=959.0,mExtras=Bundle[mParcelledData.dataSize=148]]
ADDRESS :

0.12
0.16
0.04
0.15
0.11
0.04
0.12
0.08
0.04
0.04
0.12
0.12
0.04
0.08
0.08
0.16
0.08
0.08
0.04
0.08
0.12
0.04
0.12
0.08
0.11
0.15
0.04
0.08
0.12
0.04
0.08
0.04
0.08
0.04
0.12
0.16
0.04
0.03
0.03
0.04
0.08
0.08
0.08
0.12
0.11
0.11
0.08
0.12
0.08
0.04
0.04
0.04
0.12
0.04
0.20
0.08
0.08
0.08
0.12
0.16
0.08
0.08
0.12
0.04
0.04
0.12
0.08
0.08
0.08
0.12
0.12
0.04
0.04
0.04
0.08
0.04
0.12
0.04
0.29
0.20
0.12
0.08
0.08
0.08
0.08
0.04
0.04
0.12
0.08
0.08
0.04
0.12
0.04
0.04
0.04
0.08
0.08
0.08
0.04
0.08
0.12
0.08
0.04
0.04
0.08
0.12
0.12
0.12
0.12
0.04
0.04
0.08
0.08
0.08
0.12
0.08
0.04
0.08
0.04
0.12
0.12
0.08
0.08
0.04
0.08
0.04
0.16
0.16
0.04
0.04
0.12
0.08
0.08
0.08
0.08
0.08
0.08
0.08
0.04
0.16
0.04
0.12
0.08
0.12
0.12
0.08
0.08
0.16
0.08
0.08
0.08
0.08
0.16
0.29
0.12
0.08
0.12
0.04
0.08
0.16
0.12
0.08
0.04
0.16
0.12
0.12
0.12
0.04
0.12
0.08
0.08
0.04
0.12
0.08
0.08
0.04
0.08
0.08
0.08
0.04
0.08
0.16
0.08
0.04
0.04
0.08
0.04
0.08
0.04
0.04
0.16
0.16
0.16
0.08
0.12
0.08
0.12
0.12
0.12
0.08
0.12
0.08
0.04
0.12
0.08
0.08
0.08
0.12
0.16
0.12
0.04
0.08
0.04
0.04
0.04
0.04
0.04
0.12
0.16
0.04
0.04
0.08
0.12
0.08
0.04
0.12
0.04
0.08
0.16
0.08
0.08
0.12
0.12
0.04
0.04
0.12
0.08
0.04
0.04
0.08
0.08
0.08
0.08
0.08
0.12
0.12
0.08
0.08
0.04
0.08
0.08
0.12
0.20
0.08
0.12
0.16
