GUESS    :MOVING_SM
STARTTIME:1288447488523
ENDTIME  :1288447504672
LOCALSPD :2.042037
LONGSPD  :7.547061
LOCATION :Location[mProvider=network,mTime=1288447468663,mLatitude=55.685726599999995,mLongitude=12.36835795,mHasAltitude=false,mAltitude=0.0,mHasSpeed=false,mSpeed=0.0,mHasBearing=false,mBearing=0.0,mHasAccuracy=true,mAccuracy=55.0,mExtras=Bundle[mParcelledData.dataSize=148]]
ADDRESS :

4.92
6.25
3.00
0.20
0.31
0.39
0.12
0.04
0.04
0.12
0.04
0.04
0.08
0.12
0.12
0.20
0.08
0.12
0.04
0.16
0.08
0.15
0.19
0.16
0.08
0.08
0.25
0.26
0.15
0.15
0.12
0.12
0.16
0.12
0.08
0.04
0.08
0.04
0.12
0.08
0.08
0.08
0.16
0.12
0.04
0.08
0.08
0.12
0.04
0.04
0.12
0.04
0.04
0.20
0.04
0.12
0.12
0.16
0.16
0.08
0.08
0.12
0.08
0.08
0.12
0.61
0.53
0.65
0.16
0.22
0.31
0.20
0.08
0.16
0.08
0.12
0.12
0.04
0.12
0.04
0.12
0.04
0.08
0.08
0.12
0.19
0.07
0.04
0.04
0.04
0.08
0.04
0.04
0.04
0.08
0.08
0.12
0.08
0.04
0.16
0.12
0.04
0.08
0.04
0.08
0.04
0.08
0.04
0.08
0.08
0.08
0.04
0.08
0.08
0.04
0.08
0.12
0.08
0.04
0.04
0.08
0.08
0.12
0.04
0.12
0.12
0.04
0.08
0.04
0.08
0.12
0.12
0.08
0.08
0.08
0.12
0.08
0.12
0.04
0.12
0.12
0.08
0.08
0.12
0.04
0.04
0.08
0.08
0.08
0.12
0.08
0.04
0.08
0.08
0.12
0.04
0.04
0.08
0.08
0.12
0.08
0.04
0.04
0.12
0.08
0.04
0.04
0.04
0.04
0.08
0.04
0.08
0.04
0.08
0.12
0.08
0.08
0.08
0.08
0.07
0.15
0.08
0.08
0.04
0.04
0.07
0.03
0.04
0.04
0.04
0.04
0.04
0.04
0.12
0.08
0.08
0.08
0.12
0.08
0.04
0.04
0.08
0.08
0.08
0.04
0.12
0.04
0.04
0.08
0.04
0.20
0.04
0.04
0.08
0.12
0.04
0.11
0.07
0.08
0.12
0.08
0.08
0.16
0.08
0.08
0.08
0.08
0.12
0.08
0.08
0.12
0.16
0.12
0.12
0.08
0.08
0.08
0.08
0.08
0.08
0.04
0.04
0.08
0.12
0.12
0.08
0.12
0.04
0.12
0.16
0.04
0.08
0.08
0.08
0.08
0.08
