GUESS    :MOVING_SM
STARTTIME:1288008212652
ENDTIME  :1288008226972
LOCALSPD :0.0
LONGSPD  :0.0
LOCATION :org.peterstrand.service.LocationWrapper@44948010
ADDRESS :

0.08
0.08
0.08
0.07
0.19
0.12
0.16
0.08
0.08
0.08
0.04
0.08
0.08
0.04
0.07
0.19
0.12
0.15
0.15
0.04
0.15
0.23
0.08
0.11
0.12
0.72
0.82
0.84
0.65
1.78
4.89
4.05
1.72
1.13
5.72
1.01
5.48
2.81
4.11
3.30
3.46
1.91
3.13
4.15
2.59
2.18
1.46
0.98
0.38
1.01
1.65
1.27
0.72
0.41
0.74
0.39
0.76
1.04
2.75
2.11
0.95
0.76
0.39
0.74
0.89
0.68
0.71
0.99
0.25
0.26
0.23
0.65
0.78
0.12
0.61
0.27
0.12
0.15
0.86
0.59
0.52
0.27
2.14
1.54
1.59
1.25
1.06
0.86
0.18
0.30
0.37
0.07
0.15
0.49
0.38
0.15
0.23
0.27
0.23
0.12
0.05
0.11
0.16
0.08
0.19
0.04
0.18
0.18
0.12
0.08
0.12
0.04
0.08
0.12
0.16
0.15
0.19
0.22
0.04
0.08
0.31
0.54
0.69
0.49
0.61
0.61
0.46
0.35
0.35
0.15
0.27
0.37
1.66
0.80
2.96
1.76
0.76
1.95
2.56
1.01
1.47
0.79
0.64
0.35
0.45
0.60
0.71
0.45
0.03
0.29
0.86
0.34
0.18
0.26
0.07
0.15
0.19
0.12
0.16
0.15
0.49
0.60
0.53
0.54
0.72
0.22
0.48
0.38
0.33
0.08
0.04
0.08
0.11
0.10
0.11
0.07
0.30
0.07
0.23
0.27
0.20
0.16
0.19
0.19
0.16
0.12
0.04
0.08
0.11
0.10
0.11
0.15
0.18
0.08
0.07
0.12
0.15
0.38
0.31
0.35
0.61
0.44
0.15
0.61
0.53
0.19
0.33
0.12
0.33
0.39
0.45
0.26
0.14
0.15
0.23
0.22
0.31
0.18
0.27
0.38
0.35
1.42
0.69
0.65
0.69
0.57
0.16
0.27
0.23
0.11
0.04
0.10
0.29
0.20
0.20
0.26
0.22
0.27
0.08
0.15
0.18
0.33
0.15
0.34
0.20
0.23
0.12
0.15
0.04
0.15
0.12
0.12
0.15
0.15
0.08
0.16
