GUESS    :IDLE
STARTTIME:1288008627602
ENDTIME  :1288008642731
LOCALSPD :0.0
LONGSPD  :0.0
LOCATION :org.peterstrand.service.LocationWrapper@4498b3e0
ADDRESS :

0.09
0.02
0.01
0.01
0.00
0.01
0.00
0.01
0.01
0.01
0.01
0.01
0.00
0.01
0.01
0.00
0.01
0.00
0.00
0.01
0.01
0.00
0.01
0.01
0.00
0.01
0.00
0.00
0.02
0.00
0.01
0.01
0.00
0.01
0.01
0.01
0.01
0.00
0.01
0.00
0.01
0.01
0.00
0.00
0.00
0.00
0.01
0.00
0.01
0.01
0.01
0.00
0.01
0.01
0.00
0.01
0.01
0.00
0.01
0.01
0.01
0.01
0.00
0.01
0.01
0.00
0.00
0.01
0.01
0.00
0.00
0.00
0.00
0.00
0.00
0.01
0.01
0.00
0.00
0.00
0.01
0.00
0.01
0.00
0.00
0.00
0.00
0.00
0.00
0.01
0.01
0.00
0.01
0.01
0.00
0.01
0.00
0.01
0.01
0.01
0.00
0.00
0.00
0.00
0.00
0.01
0.01
0.00
0.01
0.00
0.00
0.01
0.00
0.00
0.00
0.00
0.01
0.00
0.00
0.01
0.00
0.01
0.00
0.01
0.00
0.01
0.01
0.01
