GUESS    :MOVING_SM
STARTTIME:1289368706715
ENDTIME  :1289368721494
LOCALSPD :-1.0
LONGSPD  :-1.0
LOCATION :Location[mProvider=network,mTime=1289368663251,mLatitude=55.74958615,mLongitude=12.3767289,mHasAltitude=false,mAltitude=0.0,mHasSpeed=false,mSpeed=0.0,mHasBearing=false,mBearing=0.0,mHasAccuracy=true,mAccuracy=50.0,mExtras=Bundle[mParcelledData.dataSize=148]]
ADDRESS :

0.18
0.11
0.11
0.20
0.19
0.07
0.08
0.12
0.11
0.12
0.12
0.11
0.04
0.12
0.08
0.05
0.07
0.08
0.07
0.10
0.04
0.08
0.07
0.11
0.08
0.08
0.08
0.04
0.11
0.15
0.08
0.04
0.11
0.23
0.12
0.08
0.12
0.11
0.07
0.08
0.26
0.44
1.20
0.84
0.15
0.11
1.25
4.74
2.86
3.46
0.95
6.36
10.32
5.33
6.24
5.52
7.98
5.41
0.91
2.97
1.24
4.52
5.37
2.26
3.83
2.08
3.36
0.53
2.72
0.56
1.51
0.72
0.59
1.20
0.35
0.30
0.37
1.48
2.34
4.92
3.46
0.83
2.97
1.44
0.46
0.31
0.35
0.35
0.46
0.54
0.63
0.29
0.34
0.11
0.04
0.27
0.07
0.49
0.20
0.25
0.19
0.56
0.84
0.53
0.26
0.20
0.37
0.38
0.19
0.46
0.23
0.19
0.72
0.93
0.54
0.56
0.57
0.60
0.78
0.23
0.23
0.27
0.15
0.03
0.19
0.19
0.20
0.04
0.14
0.08
0.16
0.12
0.31
0.25
0.07
0.07
0.20
0.31
0.64
1.53
0.52
1.85
1.80
1.35
1.77
1.33
0.22
0.31
0.46
0.19
0.20
0.27
0.15
0.25
0.20
0.16
0.20
0.08
0.12
0.20
0.12
0.12
0.23
0.27
0.25
0.16
0.16
0.29
0.25
0.12
0.12
0.20
0.29
0.22
0.15
0.42
0.27
0.11
0.15
0.16
0.16
0.12
0.12
0.16
0.27
0.34
0.12
0.54
0.54
1.04
0.69
0.33
0.08
0.12
0.26
0.22
0.22
0.12
0.11
0.12
0.11
0.16
0.15
0.04
0.04
0.04
0.08
0.04
0.04
0.23
0.31
0.34
0.35
0.30
0.27
0.15
0.18
0.11
0.07
0.14
0.14
0.05
0.05
0.07
0.14
0.22
0.15
0.19
0.08
0.08
0.12
0.04
0.12
0.08
0.16
0.08
0.20
0.16
0.16
0.08
0.08
0.12
0.12
0.04
0.12
0.08
0.11
0.15
0.12
0.08
0.11
0.15
0.12
0.12
0.08
0.04
