GUESS    :IDLE
STARTTIME:1289368721495
ENDTIME  :1289368736488
LOCALSPD :0.0
LONGSPD  :-1.0
LOCATION :Location[mProvider=network,mTime=1289368727446,mLatitude=55.74958615,mLongitude=12.3767289,mHasAltitude=false,mAltitude=0.0,mHasSpeed=false,mSpeed=0.0,mHasBearing=false,mBearing=0.0,mHasAccuracy=true,mAccuracy=50.0,mExtras=Bundle[mParcelledData.dataSize=148]]
ADDRESS :

0.13
0.04
0.03
0.03
0.04
0.01
0.03
0.02
0.01
0.03
0.04
0.01
0.01
0.02
0.02
0.01
0.01
0.01
0.01
0.03
0.01
0.01
0.01
0.01
0.00
0.01
0.01
0.00
0.02
0.01
0.01
0.01
0.02
0.01
0.01
0.01
0.01
0.00
0.01
0.01
0.01
0.02
0.01
0.01
0.01
0.02
0.01
0.01
0.00
0.00
0.01
0.01
0.01
0.00
0.01
0.02
0.01
0.01
0.01
0.00
0.02
0.01
0.01
0.00
0.01
0.01
0.01
0.01
0.01
0.01
0.00
0.01
0.01
0.01
0.01
0.01
0.01
0.00
0.01
0.02
0.01
0.01
0.01
0.01
0.01
0.01
0.01
0.00
0.01
0.01
0.01
0.01
0.01
0.01
0.01
0.01
0.01
0.01
0.01
0.01
0.01
0.02
0.01
0.01
0.01
0.01
0.01
0.00
0.01
0.01
0.01
0.01
0.01
0.00
0.01
0.01
0.01
0.01
0.00
0.01
0.00
0.00
0.00
0.00
0.00
0.00
0.01
0.01
