GUESS    :WALKING
STARTTIME:1288277233548
ENDTIME  :1288277247427
LOCALSPD :0.0
LONGSPD  :-1.0
LOCATION :Location[mProvider=network,mTime=1288277191296,mLatitude=55.749566400000006,mLongitude=12.37671915,mHasAltitude=false,mAltitude=0.0,mHasSpeed=false,mSpeed=0.0,mHasBearing=false,mBearing=0.0,mHasAccuracy=true,mAccuracy=50.0,mExtras=Bundle[mParcelledData.dataSize=148]]
ADDRESS :

4.94
1.14
4.02
4.15
4.92
3.02
5.56
5.01
8.13
5.24
1.84
1.27
4.06
4.90
2.96
7.71
5.37
8.28
7.55
2.47
3.49
3.36
4.20
3.01
5.60
4.59
5.92
4.63
2.29
2.27
4.05
4.63
2.70
8.74
3.23
6.28
7.00
2.19
2.96
3.21
3.58
4.69
5.56
3.96
7.40
5.56
1.84
1.93
3.87
3.55
2.97
4.32
5.48
3.76
9.02
1.87
1.38
3.68
3.19
3.49
4.81
5.71
5.79
8.49
6.55
1.78
2.91
5.60
7.14
1.12
8.27
4.99
3.28
8.43
4.32
17.90
12.04
5.71
2.29
8.27
32.31
17.67
8.42
16.93
6.65
3.24
12.95
18.92
4.20
10.12
12.29
8.87
4.10
12.83
13.74
11.50
4.26
3.06
2.41
2.40
2.68
4.60
6.18
7.61
9.55
7.21
8.93
3.30
1.29
0.95
3.15
3.55
3.99
4.62
13.28
10.34
9.28
2.26
1.27
4.55
6.70
4.02
9.89
8.64
7.38
5.28
3.85
1.88
5.37
5.05
2.71
6.85
9.58
11.70
10.24
4.33
3.94
6.95
5.72
3.34
8.05
7.97
4.56
6.02
3.01
1.61
3.23
3.87
3.91
3.94
7.01
2.98
5.34
3.70
1.72
2.90
3.57
3.30
3.64
10.68
1.80
6.07
7.82
4.17
3.32
5.73
4.84
2.49
7.91
4.45
7.46
5.13
1.47
2.49
4.67
4.86
1.18
5.52
7.44
2.34
6.54
3.11
2.57
3.30
4.74
2.19
3.54
6.28
2.91
5.80
4.11
1.20
3.60
4.99
2.18
7.16
6.55
2.87
9.23
3.27
1.58
3.20
4.88
3.94
4.90
5.13
1.57
6.97
5.39
0.69
3.28
7.46
1.66
8.51
6.55
4.79
7.90
3.68
1.73
3.23
4.82
4.41
2.14
6.74
3.53
3.64
4.56
2.79
1.69
3.20
4.94
3.70
4.17
7.90
1.85
5.46
6.78
1.96
3.46
4.63
3.57
3.55
5.35
3.06
6.67
5.20
2.18
2.00
3.66
6.09
1.06
4.32
7.90
2.59
7.71
4.17
