GUESS    :WALKING
STARTTIME:1288277289111
ENDTIME  :1288277303209
LOCALSPD :0.0
LONGSPD  :0.0
LOCATION :Location[mProvider=network,mTime=1288277251525,mLatitude=55.75020705,mLongitude=12.377319575,mHasAltitude=false,mAltitude=0.0,mHasSpeed=false,mSpeed=0.0,mHasBearing=false,mBearing=0.0,mHasAccuracy=true,mAccuracy=48.0,mExtras=Bundle[mParcelledData.dataSize=148]]
ADDRESS :

3.92
4.20
2.91
4.44
10.09
3.70
7.07
3.76
1.17
2.26
6.80
3.19
2.30
9.28
4.03
11.35
5.37
1.27
4.89
5.26
6.22
5.37
12.30
3.06
8.81
3.28
0.95
3.27
5.63
4.10
1.28
7.57
3.80
9.25
4.02
2.52
3.11
5.04
4.99
2.15
11.14
3.30
10.07
5.41
1.83
2.38
4.51
5.50
2.71
10.76
8.02
13.58
8.84
5.56
17.05
11.07
9.52
5.34
14.25
3.02
5.30
7.12
3.76
5.92
8.81
3.38
4.34
8.57
3.76
6.70
6.80
2.79
3.45
3.23
8.62
2.15
28.74
46.20
24.07
5.82
1.17
3.06
5.69
21.03
30.07
18.16
1.35
5.00
4.67
6.71
6.59
5.01
3.19
8.34
4.25
2.70
7.68
4.03
2.33
4.60
7.29
3.01
4.11
6.37
4.30
10.68
1.76
3.28
4.51
4.37
2.94
6.13
9.34
5.75
6.80
2.38
0.95
4.75
5.75
3.09
3.13
9.51
3.41
7.19
2.53
1.69
5.03
6.66
1.99
5.82
11.50
5.18
7.68
3.51
0.72
2.32
6.47
4.13
4.86
9.41
6.20
8.77
4.97
3.34
3.64
5.39
5.60
2.81
8.14
3.60
6.36
5.60
3.51
3.02
4.82
4.78
3.35
3.73
6.51
5.90
9.04
1.88
2.22
3.85
5.11
5.49
4.82
11.52
4.97
7.90
3.75
0.99
3.30
3.98
5.98
2.19
5.86
5.78
7.74
5.31
2.18
4.84
6.12
8.55
2.00
12.04
1.72
5.48
4.55
1.31
1.47
3.46
5.75
3.06
6.47
6.78
6.84
4.66
2.59
1.95
4.32
5.98
4.17
5.11
2.90
4.79
6.55
1.99
2.11
4.03
6.54
2.14
5.63
7.97
5.50
8.01
4.39
2.38
6.09
6.44
5.26
6.99
7.27
3.24
8.80
1.44
1.20
3.15
5.75
3.32
3.17
9.10
2.87
10.58
2.94
2.11
3.32
4.73
5.01
3.45
7.67
1.91
5.73
6.86
1.44
1.72
4.18
6.32
1.77
5.13
5.52
0.89
8.73
3.30
4.99
6.92
