GUESS    :MOVING_HI
STARTTIME:1288277414178
ENDTIME  :1288277428738
LOCALSPD :0.0
LONGSPD  :0.087085836
LOCATION :Location[mProvider=network,mTime=1288277423649,mLatitude=55.7508101,mLongitude=12.3774015,mHasAltitude=false,mAltitude=0.0,mHasSpeed=false,mSpeed=0.0,mHasBearing=false,mBearing=0.0,mHasAccuracy=true,mAccuracy=54.0,mExtras=Bundle[mParcelledData.dataSize=148]]
ADDRESS :

3.37
0.83
1.04
0.45
0.39
0.42
0.15
0.16
0.18
0.08
0.10
0.26
0.14
0.11
0.13
0.34
0.16
0.15
0.23
0.27
0.23
0.25
0.34
0.21
0.69
0.64
0.16
0.73
0.39
0.19
0.26
0.27
0.23
0.31
0.15
0.19
0.07
0.11
0.15
0.01
0.05
0.16
0.11
0.29
0.22
0.26
0.07
0.22
0.12
0.41
0.04
0.05
0.08
0.17
0.15
0.06
0.28
0.17
0.15
0.25
0.18
0.08
0.24
0.13
0.20
0.06
0.09
0.14
0.13
0.25
0.07
0.13
0.12
0.35
0.22
0.17
0.30
0.06
0.18
0.07
0.37
0.08
0.37
0.40
0.39
0.22
0.09
0.16
0.15
0.08
0.22
0.09
0.19
0.03
0.15
0.06
0.26
0.24
0.06
0.19
0.13
0.06
0.02
0.27
0.39
0.16
0.07
0.26
0.13
0.18
0.06
0.08
0.19
0.29
0.05
0.17
0.07
0.09
0.16
0.25
0.07
0.22
0.10
0.08
0.07
0.17
0.11
0.24
