GUESS    :MOVING_SM
STARTTIME:1288277668608
ENDTIME  :1288277684591
LOCALSPD :0.0
LONGSPD  :0.0
LOCATION :Location[mProvider=network,mTime=1288277675797,mLatitude=55.7508101,mLongitude=12.3774015,mHasAltitude=false,mAltitude=0.0,mHasSpeed=false,mSpeed=0.0,mHasBearing=false,mBearing=0.0,mHasAccuracy=true,mAccuracy=54.0,mExtras=Bundle[mParcelledData.dataSize=148]]
ADDRESS :

0.34
0.38
0.46
0.23
0.22
0.23
0.04
0.44
0.20
0.04
0.39
0.23
0.46
0.16
0.35
0.27
0.25
0.20
0.12
0.18
0.38
0.12
0.15
0.03
0.14
0.14
0.19
0.27
0.23
0.07
0.05
0.10
0.11
0.08
0.15
0.11
0.15
0.23
0.11
0.11
0.19
0.16
0.12
0.08
0.12
0.27
0.31
0.60
0.33
0.38
0.45
0.34
0.49
0.23
0.16
0.38
0.30
0.30
0.26
1.04
1.01
1.17
0.91
0.64
1.06
0.53
1.17
1.12
0.94
0.79
0.57
0.35
0.16
0.23
0.07
0.54
1.10
1.83
2.21
2.81
1.27
2.47
2.15
0.53
1.06
1.18
0.80
1.13
0.61
0.74
0.31
0.46
0.22
0.35
0.38
0.71
0.30
0.54
2.70
2.59
2.18
3.17
4.63
1.09
1.08
1.54
1.20
0.39
0.50
0.76
0.61
0.86
0.60
0.42
0.27
0.27
0.49
0.34
0.35
0.30
0.52
0.75
0.33
0.99
1.21
0.72
0.74
1.18
0.79
0.97
1.76
2.36
2.87
1.99
1.78
1.02
1.18
0.44
0.38
0.90
0.35
0.59
0.56
0.83
0.69
0.49
0.42
0.98
0.95
1.24
1.68
1.83
0.94
0.91
0.80
1.46
0.34
0.49
0.57
0.46
0.39
0.08
0.82
0.57
0.26
0.91
0.16
0.72
0.22
0.08
0.14
0.35
0.15
0.12
0.26
0.08
0.08
0.12
0.12
0.12
0.12
0.12
0.12
0.07
0.08
0.04
0.27
0.27
0.07
0.08
0.27
0.16
0.08
0.20
0.31
0.19
0.11
0.11
0.08
0.68
0.60
0.33
1.14
1.61
1.20
0.57
0.44
0.49
0.12
0.27
0.23
0.08
0.19
0.07
0.15
0.07
0.10
0.15
0.12
0.15
0.07
0.11
0.15
0.11
0.04
0.04
0.08
0.04
0.19
0.27
0.20
0.12
0.16
0.23
0.19
0.27
0.07
0.15
0.08
0.20
0.16
0.11
0.15
0.23
0.19
0.23
0.15
0.15
0.20
0.12
0.08
0.08
0.12
0.16
0.08
0.08
