GUESS    :MOVING_SM
STARTTIME:1288277811538
ENDTIME  :1288277825556
LOCALSPD :0.0
LONGSPD  :0.0
LOCATION :Location[mProvider=network,mTime=1288277791811,mLatitude=55.750688433333345,mLongitude=12.377512233333333,mHasAltitude=false,mAltitude=0.0,mHasSpeed=false,mSpeed=0.0,mHasBearing=false,mBearing=0.0,mHasAccuracy=true,mAccuracy=54.0,mExtras=Bundle[mParcelledData.dataSize=148]]
ADDRESS :

0.28
0.13
0.16
0.11
0.04
0.05
0.03
0.04
0.08
0.08
0.04
0.07
0.04
0.04
0.01
0.01
0.04
0.02
0.04
0.04
0.06
0.04
0.04
0.03
0.01
0.03
0.03
0.02
0.03
0.01
0.02
0.03
0.02
0.05
0.01
0.04
0.01
0.01
0.01
0.01
0.01
0.02
0.01
0.02
0.02
0.02
0.02
0.01
0.01
0.01
0.00
0.02
0.00
0.03
0.01
0.01
0.01
0.01
0.01
0.02
0.02
0.03
0.02
0.01
0.01
0.00
0.02
0.02
0.02
0.02
0.00
0.02
0.04
0.03
0.03
0.03
0.01
0.02
0.01
0.02
0.02
0.02
0.02
0.02
0.03
0.03
0.02
0.02
0.02
0.01
0.02
0.01
0.01
0.01
0.01
0.02
0.02
0.02
0.01
0.01
0.01
0.03
0.02
0.02
0.02
0.01
0.02
0.02
0.01
0.00
0.02
0.02
0.02
0.01
0.02
0.01
0.02
0.02
0.02
0.03
0.01
0.01
0.00
0.01
0.01
0.00
0.00
0.01
