GUESS    :IDLE
STARTTIME:1288016268380
ENDTIME  :1288016284030
LOCALSPD :0.0
LONGSPD  :-1.0
LOCATION :org.peterstrand.service.LocationWrapper@4492af48
ADDRESS :

0.08
0.12
0.08
0.04
0.08
0.12
0.04
0.04
0.04
0.08
0.04
0.08
0.12
0.08
0.16
0.16
0.08
0.08
0.04
0.08
0.08
0.04
0.15
0.15
0.04
0.07
0.11
0.12
0.08
0.08
0.04
0.11
0.07
0.07
0.07
0.12
0.04
0.08
0.12
0.12
0.12
0.03
0.07
0.03
0.11
0.08
0.08
0.11
0.11
0.04
0.04
0.04
0.04
0.04
0.08
0.04
0.04
0.08
0.08
0.04
0.08
0.08
0.12
0.04
0.16
0.12
0.16
0.08
0.04
0.12
0.12
0.16
0.07
0.11
0.08
0.08
0.15
0.08
0.11
0.11
0.07
0.08
0.08
0.08
0.04
0.08
0.11
0.08
0.07
0.04
0.08
0.12
0.08
0.04
0.04
0.12
0.04
0.11
0.07
0.08
0.12
0.11
0.08
0.04
0.11
0.08
0.11
0.03
0.08
0.12
0.04
0.04
0.11
0.07
0.04
0.12
0.08
0.12
0.12
0.08
0.12
0.04
0.08
0.08
0.16
0.08
0.12
0.08
0.04
0.04
0.19
0.11
0.04
0.16
0.12
0.12
0.08
0.15
0.04
0.11
1.33
0.35
3.41
1.24
1.06
0.12
0.16
0.04
0.04
0.04
0.08
0.08
0.12
0.08
0.04
0.16
0.12
0.03
0.07
0.04
0.04
0.11
0.11
0.08
0.08
0.12
0.12
0.12
0.19
0.07
0.12
0.12
0.03
0.11
0.12
0.16
0.16
0.08
0.16
0.08
0.15
0.07
0.04
0.04
0.08
0.07
0.07
0.04
0.04
0.08
0.08
0.08
0.15
0.04
0.14
0.19
0.08
0.11
0.07
0.16
0.08
0.08
0.08
0.20
0.16
0.12
0.04
0.04
0.11
0.11
0.04
0.03
0.11
0.04
0.08
0.08
0.12
0.08
0.08
0.11
0.11
0.12
0.08
0.04
0.04
0.04
0.04
0.04
0.08
0.04
0.12
0.04
0.08
0.04
0.12
0.08
0.08
0.08
0.12
0.08
0.04
0.12
0.12
0.08
0.08
0.04
0.12
0.08
0.08
0.08
0.08
0.08
0.12
0.15
0.19
0.12
