GUESS    :IDLE
STARTTIME:1287994386574
ENDTIME  :1287994401423
LOCALSPD :0.0
LONGSPD  :-1.0
LOCATION :org.peterstrand.service.LocationWrapper@4495f028
ADDRESS :

0.12
0.00
0.03
0.01
0.01
0.01
0.03
0.02
0.03
0.02
0.02
0.03
0.02
0.02
0.03
0.00
0.01
0.03
0.02
0.02
0.02
0.03
0.03
0.01
0.02
0.01
0.01
0.01
0.01
0.02
0.01
0.01
0.02
0.01
0.02
0.01
0.01
0.01
0.02
0.02
0.02
0.02
0.01
0.02
0.01
0.00
0.02
0.00
0.01
0.02
0.01
0.02
0.01
0.01
0.00
0.01
0.02
0.01
0.01
0.01
0.01
0.01
0.01
0.02
0.01
0.01
0.01
0.01
0.01
0.02
0.00
0.01
0.01
0.01
0.00
0.01
0.00
0.01
0.00
0.00
0.01
0.01
0.00
0.02
0.01
0.01
0.01
0.01
0.01
0.01
0.01
0.01
0.01
0.01
0.00
0.01
0.01
0.01
0.00
0.01
0.00
0.00
0.00
0.00
0.01
0.00
0.00
0.00
0.00
0.01
0.00
0.01
0.00
0.00
0.01
0.00
0.00
0.00
0.01
0.00
0.00
0.00
0.00
0.00
0.00
0.00
0.00
0.01
