GUESS    :MOVING_SM
STARTTIME:1289331272200
ENDTIME  :1289331287073
LOCALSPD :0.0
LONGSPD  :-1.0
LOCATION :Location[mProvider=network,mTime=1289331260058,mLatitude=55.749565700000005,mLongitude=12.376724133333333,mHasAltitude=false,mAltitude=0.0,mHasSpeed=false,mSpeed=0.0,mHasBearing=false,mBearing=0.0,mHasAccuracy=true,mAccuracy=50.0,mExtras=Bundle[mParcelledData.dataSize=148]]
ADDRESS :

0.08
0.26
0.29
0.12
0.42
0.34
0.12
0.15
0.27
0.15
0.11
0.26
0.11
0.07
0.12
0.15
0.16
0.18
0.15
0.15
0.10
0.04
0.14
0.16
0.19
0.11
0.08
0.07
0.15
0.14
0.03
0.07
0.18
0.11
0.11
0.11
0.18
0.26
0.04
0.12
0.15
0.16
0.15
0.35
0.23
0.19
0.44
0.16
0.16
0.12
0.12
0.23
0.15
0.16
0.37
0.20
0.19
0.12
0.18
0.22
0.16
0.07
0.23
0.16
0.15
0.15
0.12
0.20
0.16
0.16
0.12
0.20
0.11
0.38
0.23
0.12
0.16
0.20
0.19
0.15
0.23
0.11
0.11
0.15
0.35
0.38
0.18
0.03
0.07
0.11
0.16
0.04
0.08
0.04
0.30
0.30
0.35
0.45
0.31
0.41
0.16
0.61
0.19
0.46
0.48
0.64
0.46
0.14
0.27
0.12
0.27
0.15
0.04
0.08
0.12
0.20
0.16
0.16
0.27
0.05
0.19
0.19
0.65
1.04
1.76
1.89
0.97
1.10
0.87
0.38
1.24
0.59
1.62
0.48
0.80
0.44
1.27
0.65
0.82
0.82
0.59
0.30
0.41
0.50
0.49
0.49
0.25
0.26
0.34
0.49
0.23
0.22
0.30
0.33
0.34
0.04
0.34
0.38
0.34
0.26
0.20
0.15
0.14
0.07
0.11
0.19
0.25
0.23
0.03
0.16
0.11
0.15
0.15
0.19
0.16
0.04
0.12
0.16
0.29
0.08
0.16
0.04
0.16
0.20
0.20
0.12
0.29
0.31
0.15
0.12
0.33
0.16
0.20
0.08
0.16
0.33
0.20
0.23
0.27
0.23
0.27
0.12
0.20
0.12
0.08
0.20
0.20
0.19
0.31
0.20
0.25
0.27
0.23
0.27
0.15
0.15
0.12
0.11
0.11
0.26
0.26
0.26
0.31
1.02
1.20
1.51
1.38
2.22
2.08
3.64
5.26
2.25
11.32
5.79
2.07
2.08
0.44
2.53
1.01
1.92
3.11
2.76
3.72
1.84
0.91
1.12
0.95
1.23
0.93
0.26
0.12
0.38
0.52
0.41
0.30
0.19
