GUESS    :MOVING_SM
STARTTIME:1289831149691
ENDTIME  :1289831162810
LOCALSPD :3.11997
LONGSPD  :4.563117
LOCATION :Location[mProvider=network,mTime=1289831147696,mLatitude=55.75001112000001,mLongitude=12.37790976,mHasAltitude=false,mAltitude=0.0,mHasSpeed=false,mSpeed=0.0,mHasBearing=false,mBearing=0.0,mHasAccuracy=true,mAccuracy=49.0,mExtras=Bundle[mParcelledData.dataSize=148]]
ADDRESS :

0.66
0.29
0.28
0.32
0.14
0.07
0.05
0.05
0.11
0.09
0.10
0.11
0.06
0.04
0.09
0.13
0.07
0.04
0.10
0.05
0.02
0.06
0.07
0.09
0.09
0.08
0.04
0.07
0.03
0.01
0.05
0.02
0.04
0.06
0.08
0.06
0.05
0.07
0.02
0.04
0.03
0.05
0.02
0.05
0.04
0.06
0.02
0.07
0.03
0.03
0.00
0.03
0.04
0.02
0.04
0.02
0.03
0.05
0.05
0.03
0.07
0.03
0.05
0.02
0.03
0.05
0.03
0.03
0.09
0.06
0.01
0.04
0.03
0.08
0.02
0.05
0.06
0.02
0.03
0.04
0.01
0.08
0.04
0.07
0.06
0.00
0.06
0.02
0.05
0.01
0.05
0.03
0.05
0.03
0.04
0.05
0.03
0.05
0.05
0.03
0.04
0.08
0.02
0.01
0.01
0.09
0.01
0.05
0.08
0.05
0.06
0.06
0.04
0.04
0.03
0.04
0.03
0.02
0.03
0.05
0.04
0.05
0.08
0.07
0.05
0.06
0.05
0.05
