GUESS    :MOVING_ME
STARTTIME:1289831188686
ENDTIME  :1289831201610
LOCALSPD :1.0386611
LONGSPD  :4.3893037
LOCATION :Location[mProvider=network,mTime=1289831188203,mLatitude=55.7505181,mLongitude=12.3782946,mHasAltitude=false,mAltitude=0.0,mHasSpeed=false,mSpeed=0.0,mHasBearing=false,mBearing=0.0,mHasAccuracy=true,mAccuracy=113.0,mExtras=Bundle[mParcelledData.dataSize=148]]
ADDRESS :

4.43
7.35
3.64
1.88
1.77
2.55
1.57
1.29
1.96
4.07
2.83
10.31
4.44
9.22
2.22
2.19
1.14
1.38
1.77
3.38
2.26
5.05
3.47
7.21
6.84
3.69
2.90
2.64
2.10
1.85
2.29
1.04
2.79
2.37
4.29
15.05
14.87
6.39
3.75
3.87
4.15
1.73
3.49
2.19
2.49
0.89
1.42
1.24
0.34
0.33
1.21
2.23
2.29
1.73
0.82
0.30
0.72
0.79
0.60
1.66
0.89
1.20
2.44
2.60
1.65
1.01
0.95
0.38
0.34
0.31
0.56
0.98
1.04
1.53
3.60
4.60
1.58
1.33
1.68
1.38
1.99
1.88
1.88
0.31
2.37
1.36
2.48
2.29
2.53
0.45
0.83
0.53
0.31
0.39
0.34
0.16
0.59
0.64
0.57
0.54
1.08
0.54
0.50
0.34
0.89
0.76
0.80
2.76
2.62
5.68
1.63
2.85
2.18
1.92
2.41
1.31
0.76
1.92
1.72
1.92
1.92
3.57
7.94
12.20
1.70
2.57
3.34
1.96
0.63
0.46
3.64
2.56
5.37
11.99
13.48
4.41
3.55
3.36
2.26
2.25
4.30
2.27
8.20
11.37
4.90
3.68
1.59
3.75
2.21
2.11
4.75
7.23
5.75
3.64
9.15
5.19
2.53
0.46
3.09
2.56
2.72
2.11
2.10
0.68
1.55
1.54
0.72
1.31
1.01
0.64
0.91
0.87
0.35
0.50
0.65
0.27
0.57
0.18
0.34
0.19
0.15
0.35
0.53
0.42
0.50
0.64
0.71
1.02
0.20
0.53
0.41
0.46
0.44
1.20
0.57
0.33
0.65
0.61
0.12
0.35
0.46
0.56
0.41
0.26
0.38
0.41
0.11
0.53
0.31
0.31
0.48
0.16
0.30
0.27
0.31
0.25
0.23
0.27
0.59
0.31
1.23
0.87
0.74
1.38
0.64
0.23
0.20
0.72
0.60
0.57
0.65
0.38
0.50
0.30
0.45
0.46
0.61
0.19
0.49
0.49
0.61
0.49
0.07
0.26
0.61
0.95
0.23
0.87
0.61
0.23
0.61
0.48
0.18
0.07
0.42
0.20
