GUESS    :MOVING_SM
STARTTIME:1289831305071
ENDTIME  :1289831317970
LOCALSPD :0.0
LONGSPD  :1.3571821
LOCATION :Location[mProvider=network,mTime=1289831286524,mLatitude=55.750314599999996,mLongitude=12.3780426,mHasAltitude=false,mAltitude=0.0,mHasSpeed=false,mSpeed=0.0,mHasBearing=false,mBearing=0.0,mHasAccuracy=true,mAccuracy=97.0,mExtras=Bundle[mParcelledData.dataSize=148]]
ADDRESS :

0.34
0.63
0.42
1.20
0.76
0.87
0.39
0.50
0.59
0.61
0.30
0.65
0.79
0.45
0.65
0.19
0.99
1.16
0.53
0.34
0.15
0.41
0.44
0.38
0.23
0.76
0.56
0.49
0.22
0.23
0.23
0.27
0.38
0.46
0.64
0.38
0.27
0.44
0.20
0.14
0.44
0.42
0.31
0.30
0.39
0.64
0.79
0.41
0.74
0.67
0.33
0.31
0.38
0.20
0.91
0.34
0.27
0.49
0.38
0.15
0.16
0.12
0.31
0.42
0.20
0.22
0.44
0.38
0.42
0.12
0.23
0.33
0.53
0.16
0.19
0.39
0.53
0.54
0.35
0.93
1.04
1.57
0.59
0.89
1.33
0.23
0.95
1.28
1.59
1.77
0.23
1.76
1.96
0.93
0.69
0.15
0.49
0.42
0.65
0.53
1.99
0.93
2.30
1.50
1.16
0.65
0.89
1.31
0.79
0.97
1.44
0.57
0.84
0.56
0.69
2.21
3.41
0.91
1.66
1.84
0.84
0.64
0.30
1.40
0.60
0.84
1.02
1.06
2.00
5.97
1.04
4.90
2.49
2.70
0.99
4.07
5.65
1.93
4.71
3.51
1.39
2.11
5.22
4.90
5.54
3.26
2.66
1.12
3.02
3.54
2.12
1.39
2.06
0.84
1.92
2.98
0.69
2.03
3.43
2.11
2.34
10.94
2.66
9.28
6.89
1.92
12.20
4.71
8.92
2.96
3.02
2.33
0.54
0.93
0.61
0.27
0.34
0.97
0.54
0.63
1.17
0.25
0.49
0.46
0.82
0.74
0.31
0.23
0.30
0.69
0.69
0.34
0.82
0.80
0.42
0.93
0.34
0.42
0.33
0.49
0.23
0.84
0.95
0.31
0.69
0.93
0.30
0.65
0.56
0.22
0.35
0.16
0.20
0.19
0.14
0.16
0.14
0.10
0.25
0.08
0.12
0.16
0.22
0.16
0.03
0.03
0.12
0.08
0.08
0.04
0.07
0.11
0.14
0.12
0.20
0.04
0.07
0.08
0.04
0.16
0.11
0.08
0.19
0.08
0.18
0.12
0.07
0.22
0.15
0.93
0.35
0.89
0.48
1.13
1.69
1.92
