GUESS    :WALKING
STARTTIME:1289831408531
ENDTIME  :1289831421550
LOCALSPD :0.0
LONGSPD  :1.2450988
LOCATION :Location[mProvider=network,mTime=1289831420797,mLatitude=55.74971165,mLongitude=12.376857025000001,mHasAltitude=false,mAltitude=0.0,mHasSpeed=false,mSpeed=0.0,mHasBearing=false,mBearing=0.0,mHasAccuracy=true,mAccuracy=45.0,mExtras=Bundle[mParcelledData.dataSize=148]]
ADDRESS :

3.87
8.23
3.20
6.01
10.61
2.79
3.41
2.27
1.23
1.24
1.27
2.52
4.09
2.41
1.95
7.64
2.68
6.20
2.06
2.18
1.84
0.34
1.24
0.93
4.73
2.18
4.79
4.48
8.69
2.91
3.57
2.67
2.30
1.80
1.91
1.77
4.10
2.98
0.78
9.21
11.47
2.68
1.48
2.68
1.55
1.28
1.72
3.36
3.01
4.21
5.67
3.84
7.06
2.85
1.10
2.91
1.35
1.61
1.08
2.07
7.04
3.80
7.86
5.65
7.44
2.71
1.54
2.22
0.46
1.21
1.04
4.45
2.18
1.42
6.33
6.59
3.23
1.48
3.31
0.76
0.95
1.58
5.82
2.03
7.63
3.87
4.18
1.95
2.79
1.35
2.53
0.64
1.81
5.94
3.21
4.10
7.11
5.20
3.38
3.98
1.80
1.53
0.61
5.86
3.81
1.40
5.37
3.06
6.88
1.81
3.30
1.77
1.42
0.93
0.95
7.12
4.21
5.09
5.71
2.07
3.69
2.63
2.49
0.39
1.38
1.05
6.43
3.69
3.11
9.21
10.58
3.46
2.85
3.36
0.95
1.91
1.23
0.83
5.09
2.79
3.87
8.46
4.29
2.51
2.53
2.11
1.20
1.25
3.98
5.37
5.22
11.58
4.56
5.26
1.57
2.25
1.99
0.89
1.42
0.69
4.77
1.89
3.94
5.75
8.08
5.20
3.00
3.49
1.65
1.24
1.61
2.67
9.03
3.87
8.49
8.76
2.00
1.73
1.95
2.17
1.13
2.06
2.04
2.60
3.11
2.82
5.03
8.98
3.57
2.67
3.31
3.26
1.09
1.85
1.35
6.70
4.40
9.66
6.65
3.27
2.56
2.56
1.88
1.29
0.80
1.04
5.79
2.34
4.75
6.02
6.20
3.15
3.21
3.47
1.43
1.51
1.35
1.84
7.18
2.90
9.04
6.71
4.06
2.52
1.95
1.39
0.98
0.80
1.50
5.45
1.28
3.49
5.26
4.79
4.07
2.83
2.18
0.93
0.94
0.60
4.52
5.64
3.46
9.32
10.68
2.03
1.12
3.30
1.38
0.76
1.38
2.53
4.59
2.15
5.71
5.63
