GUESS    :MOVING_ME
STARTTIME:1289831800311
ENDTIME  :1289831813190
LOCALSPD :0.0
LONGSPD  :0.38471195
LOCATION :Location[mProvider=network,mTime=1289831788794,mLatitude=55.7496151,mLongitude=12.3807419,mHasAltitude=false,mAltitude=0.0,mHasSpeed=false,mSpeed=0.0,mHasBearing=false,mBearing=0.0,mHasAccuracy=true,mAccuracy=58.0,mExtras=Bundle[mParcelledData.dataSize=148]]
ADDRESS :

0.59
0.41
0.82
0.49
0.76
1.31
1.08
0.83
1.61
0.79
4.21
9.62
9.36
5.13
2.45
4.82
1.20
2.22
1.62
1.50
0.57
1.10
0.84
1.87
1.16
0.50
0.90
5.57
5.65
8.16
4.41
2.47
1.88
2.14
2.33
2.37
1.04
0.86
0.80
1.46
2.90
0.61
6.74
3.45
3.57
2.10
1.92
2.48
1.88
1.04
0.46
1.55
1.31
1.36
11.54
8.88
2.98
2.42
1.63
2.98
0.48
1.14
1.21
0.53
0.41
0.31
0.68
0.78
1.92
1.91
0.76
1.06
2.37
3.87
1.58
1.73
2.38
0.89
0.99
0.99
1.05
0.84
0.45
0.53
0.27
2.81
1.59
3.26
1.54
0.64
1.23
1.65
2.07
1.99
1.08
2.41
1.14
1.53
0.65
0.99
3.79
3.17
2.68
1.38
4.06
1.96
2.45
1.77
1.29
0.71
0.75
0.41
0.42
0.53
0.78
0.53
0.08
0.08
0.80
0.63
0.91
0.82
0.53
0.89
0.90
2.10
1.33
1.40
0.74
0.46
0.11
0.67
0.59
0.25
0.31
0.22
0.46
0.45
0.22
0.31
0.31
0.22
0.19
0.27
0.57
0.39
0.07
0.33
0.38
0.31
0.42
0.26
0.12
0.04
0.19
0.50
0.54
0.23
0.72
1.16
0.42
0.76
0.69
0.34
0.19
0.19
0.11
0.23
0.23
0.20
0.22
0.61
0.54
0.35
0.50
0.39
0.19
0.31
0.74
0.30
0.72
0.34
1.48
1.53
2.23
1.27
1.13
0.93
0.98
1.46
0.97
0.72
1.05
1.08
1.40
1.69
1.01
0.53
1.65
1.02
0.16
0.63
1.12
1.39
1.76
1.35
3.54
3.39
3.21
1.96
1.43
1.08
0.78
1.04
2.15
1.20
0.79
0.76
0.31
0.49
0.57
0.82
1.76
1.99
1.31
2.19
6.89
8.89
9.08
2.15
1.18
2.94
2.76
0.35
2.91
2.22
0.80
1.65
0.91
1.04
0.45
0.22
0.35
0.69
1.53
1.81
0.99
1.05
0.61
0.56
0.97
2.32
1.35
2.22
1.27
0.49
