GUESS    :MOVING_SM
STARTTIME:1289831826061
ENDTIME  :1289831839350
LOCALSPD :0.0
LONGSPD  :3.605951E-5
LOCATION :Location[mProvider=network,mTime=1289831833829,mLatitude=55.74959405,mLongitude=12.379700150000001,mHasAltitude=false,mAltitude=0.0,mHasSpeed=false,mSpeed=0.0,mHasBearing=false,mBearing=0.0,mHasAccuracy=true,mAccuracy=134.0,mExtras=Bundle[mParcelledData.dataSize=148]]
ADDRESS :

0.72
0.62
0.24
0.29
0.37
0.31
0.16
0.22
0.13
0.09
0.15
0.15
0.22
0.30
0.18
0.29
0.13
0.16
0.12
0.09
0.15
0.13
0.04
0.05
0.05
0.12
0.14
0.07
0.06
0.07
0.11
0.16
0.11
0.03
0.07
0.12
0.10
0.10
0.08
0.03
0.02
0.08
0.09
0.03
0.06
0.02
0.08
0.09
0.07
0.04
0.03
0.03
0.04
0.05
0.07
0.01
0.05
0.05
0.04
0.09
0.07
0.08
0.03
0.07
0.06
0.02
0.05
0.07
0.06
0.07
0.03
0.06
0.02
0.01
0.05
0.02
0.07
0.08
0.05
0.05
0.02
0.06
0.09
0.09
0.08
0.04
0.08
0.04
0.07
0.06
0.05
0.07
0.07
0.05
0.04
0.02
0.05
0.03
0.06
0.08
0.05
0.01
0.03
0.03
0.06
0.10
0.10
0.05
0.06
0.09
0.07
0.05
0.06
0.05
0.06
0.11
0.11
0.08
0.05
0.03
0.03
0.06
0.06
0.04
0.02
0.05
0.07
0.11
