GUESS    :WALKING
STARTTIME:1289832227551
ENDTIME  :1289832240630
LOCALSPD :0.007844939
LONGSPD  :0.0
LOCATION :Location[mProvider=network,mTime=1289832239156,mLatitude=55.74979435,mLongitude=12.3785184,mHasAltitude=false,mAltitude=0.0,mHasSpeed=false,mSpeed=0.0,mHasBearing=false,mBearing=0.0,mHasAccuracy=true,mAccuracy=75.0,mExtras=Bundle[mParcelledData.dataSize=148]]
ADDRESS :

3.35
0.27
0.05
0.13
0.09
0.07
0.09
0.15
0.15
0.20
0.11
0.17
0.09
0.13
0.22
0.21
0.10
0.09
0.15
0.25
0.49
2.13
0.48
0.27
0.18
0.10
0.16
0.01
0.04
0.19
0.23
0.20
0.21
0.10
0.09
0.21
0.22
0.11
0.21
0.15
0.18
0.17
0.25
0.26
0.17
0.20
0.09
0.09
0.13
0.16
0.14
0.21
0.07
0.03
0.04
0.06
0.19
0.11
0.06
0.43
0.12
0.11
0.37
0.55
0.75
0.41
0.23
0.15
0.39
0.04
0.22
0.21
0.05
0.20
0.11
0.17
0.16
0.13
0.27
0.07
0.35
0.04
0.24
0.21
0.14
0.74
0.41
0.30
0.22
0.36
0.13
0.12
0.22
0.20
0.16
0.06
0.14
0.28
0.20
0.07
0.10
0.06
0.33
0.04
0.08
0.36
0.32
0.02
0.28
0.24
0.04
0.05
0.36
0.06
0.12
0.25
0.25
0.16
0.38
0.39
0.25
0.24
0.22
0.28
0.11
0.11
0.34
0.52
