GUESS    :MOVING_SM
STARTTIME:1289828981410
ENDTIME  :1289828995180
LOCALSPD :6.8300424
LONGSPD  :1.9881669
LOCATION :Location[mProvider=network,mTime=1289828973303,mLatitude=55.772627666666665,mLongitude=12.504499666666666,mHasAltitude=false,mAltitude=0.0,mHasSpeed=false,mSpeed=0.0,mHasBearing=false,mBearing=0.0,mHasAccuracy=true,mAccuracy=60.0,mExtras=Bundle[mParcelledData.dataSize=148]]
ADDRESS :

0.04
0.12
0.20
0.07
0.39
0.22
0.20
0.20
0.08
0.07
0.08
0.14
0.12
0.11
0.15
0.16
0.15
0.26
0.34
0.35
0.64
0.08
0.46
0.71
0.12
0.52
0.14
0.08
0.15
0.53
0.64
0.34
0.19
0.12
0.31
0.12
0.16
0.27
0.12
0.16
0.19
0.04
0.12
0.16
0.39
0.11
0.16
0.19
0.31
0.41
0.22
0.18
0.15
0.45
0.20
0.08
0.27
0.08
0.16
0.19
0.08
0.20
0.20
0.15
0.27
0.33
0.20
0.08
0.29
0.12
0.08
0.08
0.08
0.08
0.16
0.04
0.19
0.15
0.08
0.08
0.04
0.08
0.04
0.07
0.25
0.35
0.30
0.22
0.35
0.38
0.26
0.23
0.31
0.23
0.20
0.23
0.15
0.23
0.23
0.20
0.04
0.11
0.03
0.20
0.12
0.19
0.29
0.82
0.86
0.50
0.49
0.38
0.67
0.39
0.23
0.25
0.31
0.19
0.15
0.15
0.25
0.37
0.07
0.15
0.16
0.12
0.11
0.35
0.19
0.25
0.41
0.16
0.42
0.26
0.18
0.07
0.07
0.12
0.23
0.19
0.23
0.25
0.20
0.26
0.23
0.08
0.16
0.27
0.19
0.20
0.19
0.04
0.19
0.16
0.16
0.16
0.12
0.19
0.16
0.27
0.35
0.08
0.53
0.23
0.53
0.19
0.44
0.25
0.16
0.25
0.12
0.20
0.12
0.25
0.12
0.12
0.27
0.35
0.29
0.08
0.08
0.16
0.16
0.08
0.29
0.31
0.31
0.27
0.30
0.30
0.15
0.12
0.25
0.04
0.08
0.12
0.12
0.16
0.04
0.12
0.16
0.08
0.25
0.42
0.39
1.42
0.60
1.92
1.91
1.54
2.33
1.04
0.90
0.34
0.35
1.42
0.99
0.57
0.30
0.44
0.82
1.05
1.39
0.76
0.61
0.60
0.97
0.38
0.65
0.63
1.74
1.53
0.61
1.69
0.83
0.64
1.16
0.30
0.99
0.56
0.39
0.35
0.72
0.19
1.17
1.16
0.76
0.60
0.69
0.76
0.42
0.23
0.42
0.38
0.18
0.37
