GUESS    :MOVING_SM
STARTTIME:1289482028607
ENDTIME  :1289482042779
LOCALSPD :NaN
LONGSPD  :-1.0
LOCATION :Location[mProvider=network,mTime=1289481977810,mLatitude=55.78249719,mLongitude=12.513933250000001,mHasAltitude=false,mAltitude=0.0,mHasSpeed=false,mSpeed=0.0,mHasBearing=false,mBearing=0.0,mHasAccuracy=true,mAccuracy=53.0,mExtras=Bundle[mParcelledData.dataSize=148]]
ADDRESS :

0.17
0.15
0.10
0.09
0.09
0.10
0.09
0.07
0.07
0.10
0.09
0.07
0.07
0.07
0.10
0.11
0.07
0.06
0.07
0.09
0.09
0.09
0.07
0.07
0.09
0.09
0.08
0.08
0.09
0.10
0.10
0.08
0.07
0.09
0.10
0.10
0.08
0.08
0.08
0.09
0.09
0.09
0.08
0.08
0.08
0.08
0.09
0.08
0.08
0.09
0.09
0.08
0.07
0.09
0.09
0.10
0.08
0.07
0.08
0.08
0.09
0.10
0.10
0.09
0.09
0.09
0.08
0.09
0.08
0.08
0.08
0.08
0.07
0.08
0.09
0.09
0.09
0.08
0.08
0.08
0.09
0.10
0.09
0.09
0.10
0.10
0.10
0.09
0.09
0.09
0.09
0.09
0.09
0.08
0.09
0.09
0.08
0.08
0.08
0.08
0.08
0.08
0.08
0.08
0.09
0.08
0.08
0.09
0.09
0.09
0.10
0.09
0.08
0.09
0.08
0.08
0.09
0.08
0.09
0.09
0.08
0.08
0.09
0.08
0.08
0.09
0.08
0.08
