GUESS    :IDLE
STARTTIME:1287981356589
ENDTIME  :1287981371268
LOCALSPD :-1.0
LONGSPD  :-1.0
LOCATION :org.peterstrand.service.LocationWrapper@44ae7928
ADDRESS :

0.15
0.03
0.03
0.04
0.04
0.11
0.05
0.14
0.10
0.07
0.04
0.12
0.08
0.12
0.07
0.10
0.11
0.08
0.12
0.04
0.04
0.12
0.07
0.07
0.07
0.03
0.12
0.08
0.04
0.07
0.10
0.11
0.07
0.11
0.19
0.07
0.04
0.16
0.08
0.04
0.12
0.12
0.12
0.04
0.08
0.12
0.12
0.04
0.04
0.04
0.08
0.12
0.04
0.04
0.04
0.04
0.12
0.04
0.08
0.04
0.08
0.08
0.04
0.04
0.04
0.11
0.07
0.04
0.07
0.05
0.03
0.04
0.04
0.12
0.04
0.08
0.04
0.08
0.04
0.03
0.11
0.04
0.04
0.08
0.08
0.12
0.11
0.07
0.08
0.11
0.19
0.07
0.11
0.04
0.10
0.05
0.04
0.04
0.03
0.10
0.07
0.07
0.10
0.14
0.11
0.07
0.03
0.04
0.05
0.07
0.07
0.08
0.04
0.04
0.08
0.08
0.04
0.04
0.07
0.10
0.03
0.08
0.14
0.03
0.07
0.08
0.07
0.10
0.14
0.10
0.11
0.11
0.03
0.07
0.08
0.07
0.04
0.07
0.03
0.03
0.07
0.07
0.07
0.03
0.11
0.03
0.14
0.18
0.11
0.05
0.05
0.03
0.04
0.04
0.03
0.05
0.12
0.03
0.12
0.11
0.05
0.07
0.04
0.10
0.10
0.04
0.10
0.03
0.05
0.03
0.08
0.12
0.04
0.07
0.03
0.04
0.08
0.08
0.03
0.03
0.14
0.14
0.10
0.04
0.03
0.03
0.03
0.05
0.03
0.03
0.03
0.14
0.07
0.10
0.12
0.04
0.08
0.05
0.14
0.08
0.03
0.07
0.11
0.07
0.05
0.05
0.03
0.08
0.03
0.05
0.03
0.03
0.11
0.11
0.08
0.10
0.14
0.12
0.07
0.04
0.14
0.14
0.08
0.05
0.03
0.03
0.07
0.07
0.12
0.07
0.07
0.11
0.10
0.03
0.05
0.03
0.05
0.12
0.14
0.10
0.05
0.03
0.05
0.03
0.05
0.12
0.07
0.03
0.05
0.08
0.05
0.05
0.05
0.05
0.08
0.05
