GUESS    :MOVING_SM
STARTTIME:1290781044368
ENDTIME  :1290781057604
LOCALSPD :-1.0
LONGSPD  :-1.0
LOCATION :Location[mProvider=network,mTime=1290781049577,mLatitude=55.78246511428572,mLongitude=12.5139973,mHasAltitude=false,mAltitude=0.0,mHasSpeed=false,mSpeed=0.0,mHasBearing=false,mBearing=0.0,mHasAccuracy=true,mAccuracy=53.0,mExtras=Bundle[mParcelledData.dataSize=148]]
ADDRESS :

0.19
0.12
0.09
0.12
0.10
0.07
0.11
0.11
0.06
0.10
0.09
0.09
0.08
0.09
0.09
0.08
0.07
0.07
0.08
0.06
0.09
0.11
0.10
0.07
0.10
0.09
0.07
0.08
0.11
0.08
0.06
0.10
0.09
0.08
0.08
0.11
0.08
0.10
0.10
0.08
0.09
0.08
0.09
0.08
0.07
0.07
0.09
0.08
0.09
0.10
0.09
0.09
0.08
0.09
0.08
0.08
0.08
0.08
0.07
0.08
0.10
0.07
0.09
0.09
0.08
0.08
0.09
0.08
0.08
0.08
0.09
0.09
0.08
0.09
0.08
0.09
0.09
0.09
0.08
0.08
0.08
0.09
0.09
0.08
0.08
0.09
0.07
0.08
0.09
0.08
0.09
0.09
0.09
0.07
0.08
0.09
0.09
0.09
0.08
0.08
0.09
0.09
0.10
0.09
0.08
0.09
0.08
0.09
0.09
0.09
0.10
0.07
0.08
0.08
0.08
0.07
0.09
0.08
0.08
0.09
0.08
0.08
0.10
0.09
0.09
0.10
0.09
0.09
