GUESS    :IDLE
STARTTIME:1289125538355
ENDTIME  :1289125553498
LOCALSPD :-1.0
LONGSPD  :-1.0
LOCATION :Location[mProvider=network,mTime=1289125509574,mLatitude=55.74958026666667,mLongitude=12.376720666666666,mHasAltitude=false,mAltitude=0.0,mHasSpeed=false,mSpeed=0.0,mHasBearing=false,mBearing=0.0,mHasAccuracy=true,mAccuracy=50.0,mExtras=Bundle[mParcelledData.dataSize=148]]
ADDRESS :

0.09
0.00
0.01
0.01
0.00
0.00
0.00
0.00
0.00
0.01
0.00
0.01
0.00
0.01
0.00
0.00
0.01
0.01
0.01
0.00
0.00
0.01
0.00
0.01
0.00
0.00
0.01
0.00
0.00
0.00
0.01
0.01
0.01
0.00
0.01
0.01
0.00
0.01
0.01
0.00
0.01
0.01
0.00
0.00
0.00
0.00
0.01
0.00
0.00
0.01
0.01
0.00
0.01
0.01
0.00
0.00
0.00
0.01
0.01
0.00
0.01
0.00
0.00
0.01
0.00
0.00
0.00
0.00
0.00
0.01
0.00
0.01
0.01
0.00
0.01
0.01
0.00
0.01
0.01
0.00
0.01
0.00
0.00
0.01
0.00
0.00
0.01
0.01
0.01
0.00
0.00
0.00
0.00
0.01
0.00
0.00
0.00
0.00
0.01
0.00
0.00
0.00
0.00
0.00
0.00
0.00
0.00
0.00
0.00
0.00
0.00
0.00
0.00
0.00
0.00
0.00
0.00
0.01
0.00
0.00
0.01
0.00
0.00
0.00
0.01
0.00
0.01
0.00
