GUESS    :MOVING_ME
STARTTIME:1290673284045
ENDTIME  :1290673297512
LOCALSPD :0.0
LONGSPD  :4.9572597
LOCATION :Location[mProvider=network,mTime=1290673257258,mLatitude=55.7631573,mLongitude=12.4395747,mHasAltitude=false,mAltitude=0.0,mHasSpeed=false,mSpeed=0.0,mHasBearing=false,mBearing=0.0,mHasAccuracy=true,mAccuracy=60.0,mExtras=Bundle[mParcelledData.dataSize=148]]
ADDRESS :

1.89
0.43
0.05
0.22
0.11
0.26
0.10
0.22
0.22
0.13
0.21
0.05
0.10
0.17
0.03
0.03
0.03
0.10
0.20
0.04
0.12
0.27
0.14
0.24
0.12
0.01
0.05
0.18
0.21
0.08
0.13
0.10
0.14
0.18
0.01
0.12
0.11
0.04
0.09
0.08
0.08
0.06
0.13
0.14
0.06
0.03
0.08
0.09
0.05
0.14
0.04
0.04
0.19
0.05
0.05
0.06
0.10
0.05
0.13
0.06
0.08
0.13
0.15
0.10
0.19
0.09
0.18
0.05
0.04
0.03
0.05
0.08
0.03
0.09
0.15
0.09
0.03
0.07
0.10
0.15
0.09
0.16
0.11
0.15
0.12
0.08
0.08
0.07
0.05
0.09
0.04
0.10
0.16
0.04
0.04
0.20
0.15
0.18
0.07
0.08
0.15
0.06
0.06
0.05
0.13
0.07
0.09
0.05
0.08
0.08
0.06
0.12
0.04
0.04
0.07
0.11
0.08
0.12
0.21
0.06
0.09
0.18
0.04
0.10
0.09
0.16
0.10
0.11
