GUESS    :MOVING_ME
STARTTIME:1290673324350
ENDTIME  :1290673337741
LOCALSPD :2.977402
LONGSPD  :4.890992
LOCATION :Location[mProvider=network,mTime=1290673320885,mLatitude=55.7652767,mLongitude=12.4427176,mHasAltitude=false,mAltitude=0.0,mHasSpeed=false,mSpeed=0.0,mHasBearing=false,mBearing=0.0,mHasAccuracy=true,mAccuracy=60.0,mExtras=Bundle[mParcelledData.dataSize=148]]
ADDRESS :

1.91
0.04
0.11
0.46
0.16
0.12
0.09
0.28
0.33
0.05
0.31
0.12
0.14
0.32
0.05
0.07
0.10
0.06
0.03
0.17
0.20
0.06
0.07
0.26
0.13
0.21
0.12
0.19
0.09
0.03
0.08
0.05
0.02
0.08
0.09
0.04
0.12
0.12
0.09
0.07
0.06
0.08
0.08
0.07
0.11
0.07
0.13
0.18
0.10
0.05
0.24
0.02
0.11
0.05
0.12
0.03
0.15
0.11
0.04
0.17
0.08
0.08
0.17
0.06
0.12
0.05
0.04
0.05
0.06
0.17
0.15
0.08
0.07
0.19
0.01
0.13
0.16
0.05
0.11
0.13
0.15
0.09
0.19
0.24
0.13
0.14
0.10
0.14
0.07
0.17
0.09
0.13
0.11
0.08
0.13
0.07
0.02
0.22
0.08
0.09
0.14
0.15
0.10
0.12
0.13
0.11
0.14
0.12
0.08
0.13
0.11
0.11
0.05
0.13
0.12
0.08
0.10
0.15
0.03
0.10
0.07
0.04
0.08
0.10
0.16
0.04
0.11
0.13
