GUESS    :MOVING_SM
STARTTIME:1290674088556
ENDTIME  :1290674102415
LOCALSPD :0.0
LONGSPD  :1.6060736
LOCATION :Location[mProvider=network,mTime=1290674069911,mLatitude=55.77049,mLongitude=12.500116,mHasAltitude=false,mAltitude=0.0,mHasSpeed=false,mSpeed=0.0,mHasBearing=false,mBearing=0.0,mHasAccuracy=true,mAccuracy=752.0,mExtras=Bundle[mParcelledData.dataSize=148]]
ADDRESS :

0.08
0.31
0.31
0.04
0.31
0.41
0.18
0.16
0.04
0.20
0.50
2.70
2.38
2.49
0.82
0.71
0.15
0.22
0.23
0.23
0.19
0.19
0.27
0.20
0.30
0.07
1.12
0.89
3.23
3.32
2.48
0.63
0.60
0.22
0.54
0.10
0.23
0.23
0.16
0.07
0.15
0.19
0.11
0.15
0.69
1.77
3.90
2.79
2.67
0.65
0.74
0.82
0.38
0.11
0.18
0.11
0.27
0.04
0.25
0.25
0.27
0.42
0.19
0.16
0.19
0.19
0.07
0.27
0.39
0.42
0.53
0.12
0.16
0.65
0.35
0.59
0.53
0.30
0.18
0.41
0.11
0.31
1.58
2.63
2.12
1.31
0.20
1.09
0.68
0.30
0.22
0.23
0.44
0.35
0.20
0.08
0.25
0.15
0.11
0.10
0.11
0.08
0.25
0.23
0.12
0.15
0.12
0.26
0.35
0.72
1.01
0.23
0.75
0.44
0.15
0.38
0.15
0.20
1.12
0.19
0.50
0.89
0.65
0.08
0.18
0.95
0.84
0.69
0.53
0.39
0.38
0.42
0.34
0.15
0.19
0.19
0.16
0.30
0.53
0.18
0.50
0.23
0.74
0.79
0.30
1.12
0.31
0.44
0.67
0.08
0.50
0.23
0.49
0.59
0.23
0.57
0.33
0.31
0.31
0.20
0.08
0.04
0.12
0.27
0.27
0.46
0.31
0.23
0.34
0.08
0.23
0.18
0.19
0.31
0.12
0.15
0.31
0.35
0.39
0.23
0.27
0.08
0.25
0.26
0.30
0.44
0.23
0.20
0.20
0.11
0.07
0.14
0.08
0.15
0.14
0.11
0.31
0.30
0.50
0.59
0.22
0.12
0.42
0.23
0.53
0.19
0.12
0.31
0.15
0.30
0.23
0.38
0.52
0.33
0.59
0.20
0.31
0.31
0.26
0.07
0.27
0.08
0.15
0.04
0.16
0.33
0.11
0.11
0.04
0.07
0.07
0.10
0.10
0.07
0.14
0.07
0.04
0.12
0.16
0.03
0.10
0.10
0.15
0.03
0.08
0.07
0.11
0.11
0.12
0.11
0.08
0.11
0.04
0.11
0.07
0.08
