GUESS    :MOVING_ME
STARTTIME:1290674656880
ENDTIME  :1290674670380
LOCALSPD :4.4721704
LONGSPD  :3.832773
LOCATION :Location[mProvider=network,mTime=1290674655161,mLatitude=55.7812493,mLongitude=12.5105249,mHasAltitude=false,mAltitude=0.0,mHasSpeed=false,mSpeed=0.0,mHasBearing=false,mBearing=0.0,mHasAccuracy=true,mAccuracy=70.0,mExtras=Bundle[mParcelledData.dataSize=148]]
ADDRESS :

2.20
0.79
0.56
0.75
0.49
0.19
0.27
0.18
0.13
0.18
0.13
0.16
0.29
0.11
0.28
0.32
0.22
0.17
0.20
0.12
0.14
0.18
0.06
0.26
0.09
0.16
0.23
0.30
0.23
0.18
0.09
0.13
0.20
0.18
0.12
0.21
0.09
0.27
0.23
0.27
0.28
0.15
0.20
0.24
0.26
0.17
0.02
0.06
0.10
0.06
0.06
0.18
0.13
0.15
0.10
0.26
0.05
0.20
0.19
0.11
0.20
0.02
0.15
0.01
0.21
0.22
0.06
0.15
0.05
0.11
0.12
0.14
0.08
0.26
0.12
0.19
0.11
0.10
0.07
0.15
0.16
0.13
0.23
0.21
0.17
0.12
0.01
0.02
0.12
0.03
0.13
0.09
0.14
0.20
0.15
0.10
0.12
0.04
0.15
0.06
0.04
0.09
0.09
0.11
0.02
0.14
0.13
0.07
0.12
0.20
0.08
0.17
0.18
0.06
0.10
0.17
0.22
0.15
0.15
0.17
0.02
0.05
0.10
0.05
0.17
0.19
0.13
0.12
