GUESS    :MOVING_SM
STARTTIME:1290674910190
ENDTIME  :1290674924399
LOCALSPD :0.0
LONGSPD  :2.0135248
LOCATION :Location[mProvider=network,mTime=1290674887958,mLatitude=55.783288,mLongitude=12.526421,mHasAltitude=false,mAltitude=0.0,mHasSpeed=false,mSpeed=0.0,mHasBearing=false,mBearing=0.0,mHasAccuracy=true,mAccuracy=781.0,mExtras=Bundle[mParcelledData.dataSize=148]]
ADDRESS :

0.26
0.15
0.22
0.08
0.11
0.30
0.07
0.04
0.07
0.05
0.07
0.20
0.23
0.16
0.04
0.27
0.42
0.38
0.19
0.15
0.15
0.11
0.11
0.18
0.29
0.19
0.15
0.27
0.12
0.22
0.22
0.16
0.16
0.08
0.11
0.16
0.08
0.16
0.04
0.12
0.04
0.08
0.03
0.12
0.04
0.07
0.04
0.04
0.08
0.08
0.07
0.15
0.11
0.11
0.08
0.04
0.08
0.04
0.08
0.04
0.04
0.12
0.04
0.10
0.05
0.12
0.11
0.04
0.03
0.04
0.03
0.07
0.11
0.11
0.04
0.03
0.14
0.11
0.04
0.11
0.08
0.03
0.15
0.15
0.15
0.11
0.03
0.11
0.14
0.18
0.08
0.03
0.04
0.08
0.07
0.08
0.04
0.04
0.08
0.08
0.12
0.15
0.15
0.22
0.11
0.15
0.23
0.25
0.19
0.15
0.04
0.11
0.11
0.16
0.12
0.16
0.11
0.19
0.19
0.22
0.18
0.16
0.08
0.04
0.15
0.08
0.03
0.08
0.04
0.04
0.10
0.15
0.12
0.03
0.03
0.14
0.10
0.03
0.04
0.10
0.18
0.12
0.23
0.16
0.12
0.07
0.16
0.15
0.08
0.07
0.07
0.12
0.08
0.04
0.04
0.08
0.08
0.11
0.07
0.19
0.19
0.08
0.04
0.15
0.11
0.07
0.12
0.08
0.10
0.15
0.04
0.08
0.11
0.11
0.12
0.03
0.15
0.11
0.27
0.49
0.38
1.14
0.99
0.74
1.74
2.07
2.03
1.18
0.80
1.18
0.64
0.31
0.31
0.57
0.56
0.50
0.76
0.84
0.69
0.57
0.91
0.30
0.37
0.54
0.64
0.26
0.31
0.12
0.57
0.68
0.41
0.27
1.43
1.68
2.53
1.40
0.54
1.16
1.46
1.01
1.04
0.76
0.74
1.35
1.02
1.54
0.64
3.30
5.98
1.48
0.53
0.42
1.14
1.12
0.41
3.34
0.89
1.25
0.68
0.93
1.42
1.46
3.01
3.13
2.23
3.83
5.28
3.58
0.76
0.97
1.02
0.50
0.95
1.23
1.18
0.57
