GUESS    :MOVING_HI
STARTTIME:1290675033704
ENDTIME  :1290675047172
LOCALSPD :0.0
LONGSPD  :1.7028258
LOCATION :Location[mProvider=network,mTime=1290675021303,mLatitude=55.78247065714286,mLongitude=12.5140319,mHasAltitude=false,mAltitude=0.0,mHasSpeed=false,mSpeed=0.0,mHasBearing=false,mBearing=0.0,mHasAccuracy=true,mAccuracy=53.0,mExtras=Bundle[mParcelledData.dataSize=148]]
ADDRESS :

0.61
0.93
0.19
0.67
0.89
0.49
0.61
0.33
0.57
1.28
1.58
2.45
1.99
2.25
0.97
1.84
0.63
1.06
1.06
0.44
1.05
0.49
0.69
0.91
0.69
1.04
2.67
1.72
5.79
7.27
4.21
4.88
3.57
2.37
2.37
0.69
2.23
1.18
1.63
4.15
2.14
4.29
4.55
2.94
3.87
5.07
2.07
1.72
1.50
1.96
2.29
1.80
2.68
2.15
8.19
3.27
7.23
3.72
4.63
3.55
1.48
2.03
4.81
4.22
4.51
4.82
6.22
1.43
5.18
2.87
1.80
2.60
2.47
2.75
2.63
2.78
4.02
8.12
2.71
8.81
4.18
3.01
3.09
4.22
3.13
3.06
4.06
7.86
5.73
5.54
4.30
5.13
2.96
2.53
3.30
1.93
4.20
1.42
3.02
8.25
2.68
7.79
3.36
3.24
6.01
2.36
5.71
4.36
3.95
2.70
5.67
3.34
2.49
1.12
1.50
1.92
1.18
0.84
1.61
2.40
3.46
3.34
2.03
1.93
2.42
3.49
1.36
2.63
0.94
1.42
1.38
4.36
2.40
1.89
1.27
1.84
1.63
1.43
0.68
0.67
0.83
0.39
0.61
1.33
1.72
1.12
2.86
5.22
4.82
7.12
3.19
3.64
1.14
0.91
2.15
1.78
2.04
3.11
5.33
3.47
4.70
4.51
5.38
0.99
1.06
2.14
1.23
3.98
2.07
1.91
7.27
6.74
7.10
5.28
5.49
2.72
1.33
2.42
3.76
4.67
9.10
4.25
4.78
3.57
6.09
2.48
2.29
4.21
1.04
3.16
3.53
1.14
11.03
3.12
8.95
2.22
5.27
1.16
1.38
4.30
0.89
4.97
4.93
5.75
6.27
5.54
3.30
3.92
4.14
3.53
2.19
3.55
3.21
4.63
4.69
2.78
4.26
6.47
0.65
2.14
2.34
4.45
4.18
1.53
10.57
2.89
6.54
6.95
3.87
1.83
3.21
4.03
3.45
1.95
3.06
5.09
8.84
6.62
5.13
1.95
1.91
2.30
3.00
3.99
5.01
12.34
0.76
4.14
7.74
3.76
2.37
2.83
4.29
4.84
1.20
4.21
