GUESS    :MOVING_ME
STARTTIME:1290672406912
ENDTIME  :1290672420651
LOCALSPD :0.0
LONGSPD  :0.0
LOCATION :Location[mProvider=network,mTime=1290672390664,mLatitude=55.7500514,mLongitude=12.377157,mHasAltitude=false,mAltitude=0.0,mHasSpeed=false,mSpeed=0.0,mHasBearing=false,mBearing=0.0,mHasAccuracy=true,mAccuracy=75.0,mExtras=Bundle[mParcelledData.dataSize=148]]
ADDRESS :

3.04
1.92
2.49
4.25
2.49
2.41
1.80
3.05
4.29
1.72
2.60
1.72
1.35
1.87
2.18
0.34
1.33
1.08
1.84
3.31
0.98
2.17
1.73
1.81
2.64
1.42
1.76
1.04
1.61
3.72
1.58
1.80
2.42
1.13
2.37
1.14
1.69
0.61
2.17
2.83
2.56
1.87
1.31
1.70
1.66
1.66
1.38
1.43
0.42
0.76
1.50
1.21
0.50
2.30
2.26
2.03
2.22
1.21
1.80
1.32
2.59
1.25
1.65
1.88
2.67
5.35
2.42
1.28
2.53
1.59
1.42
4.51
2.51
2.75
1.43
1.12
0.98
2.22
2.79
0.74
1.72
0.27
2.18
0.93
1.76
0.93
1.46
1.20
2.38
2.27
2.22
1.10
2.02
1.33
1.87
1.99
1.53
3.06
2.52
0.95
2.30
3.64
1.76
1.84
0.97
0.97
2.10
1.44
3.02
1.83
1.77
3.76
1.96
0.38
2.26
2.90
1.99
1.42
3.36
0.95
2.47
0.87
1.05
1.51
1.05
1.95
1.53
1.68
0.37
1.16
1.68
2.14
1.33
1.84
1.27
1.46
0.95
1.81
1.46
1.44
1.13
2.25
0.82
2.68
1.24
1.21
1.99
1.72
0.91
0.97
1.97
1.57
1.20
0.99
1.04
1.73
1.27
1.76
4.18
4.29
2.48
1.42
1.83
1.48
1.23
2.14
1.01
0.86
0.89
2.62
3.88
1.80
2.30
0.97
0.65
0.76
2.41
0.69
1.93
2.34
1.23
0.89
1.43
1.88
0.31
0.91
1.81
2.41
2.11
1.69
1.73
1.10
1.88
1.23
2.57
1.85
1.84
0.91
1.53
1.31
1.38
2.19
1.57
1.96
0.99
2.94
2.18
1.92
1.88
1.29
0.76
1.39
1.17
1.91
3.12
2.49
1.43
1.61
0.76
1.47
1.91
1.38
1.31
1.44
1.53
1.27
0.87
1.87
1.69
4.58
3.76
3.19
1.14
4.28
2.10
2.34
3.05
1.02
2.02
1.92
3.68
1.92
1.69
3.92
1.33
3.26
2.41
1.69
1.18
2.60
2.79
2.00
0.95
0.76
3.47
0.34
