GUESS    :MOVING_ME
STARTTIME:1290672545879
ENDTIME  :1290672559689
LOCALSPD :0.9354218
LONGSPD  :0.48137653
LOCATION :Location[mProvider=network,mTime=1290672558904,mLatitude=55.751036,mLongitude=12.38123062,mHasAltitude=false,mAltitude=0.0,mHasSpeed=false,mSpeed=0.0,mHasBearing=false,mBearing=0.0,mHasAccuracy=true,mAccuracy=75.0,mExtras=Bundle[mParcelledData.dataSize=148]]
ADDRESS :

1.74
0.28
0.35
0.15
0.36
0.08
0.19
0.07
0.19
0.07
0.17
0.08
0.08
0.10
0.16
0.04
0.17
0.08
0.07
0.11
0.09
0.03
0.15
0.04
0.05
0.11
0.08
0.13
0.13
0.09
0.23
0.23
0.10
0.07
0.03
0.09
0.14
0.16
0.16
0.07
0.07
0.18
0.05
0.08
0.24
0.05
0.01
0.06
0.13
0.10
0.08
0.07
0.04
0.10
0.01
0.02
0.11
0.04
0.12
0.06
0.11
0.09
0.09
0.01
0.10
0.02
0.07
0.04
0.01
0.05
0.11
0.11
0.07
0.06
0.05
0.06
0.08
0.02
0.10
0.02
0.07
0.09
0.06
0.03
0.10
0.10
0.21
0.04
0.09
0.04
0.08
0.03
0.06
0.12
0.06
0.05
0.10
0.10
0.09
0.05
0.05
0.17
0.08
0.09
0.05
0.17
0.12
0.13
0.04
0.05
0.10
0.14
0.20
0.14
0.06
0.08
0.11
0.12
0.11
0.14
0.11
0.14
0.16
0.12
0.11
0.05
0.08
0.15
