GUESS    :IDLE
STARTTIME:1287573980585
ENDTIME  :1287573996035
LOCATION :Location[mProvider=network,mTime=1287573961542,mLatitude=55.749603300000004,mLongitude=12.376726900000001,mHasAltitude=false,mAltitude=0.0,mHasSpeed=false,mSpeed=0.0,mHasBearing=false,mBearing=0.0,mHasAccuracy=true,mAccuracy=49.0,mExtras=Bundle[mParcelledData.dataSize=148]]
ADDRESS :Address[addressLines=[0:"Egebjergtoften 30",1:"2750 Ballerup",2:"Denmark"],feature=30,admin=Capital Region of Denmark,sub-admin=Ballerup,locality=Ballerup,thoroughfare=Egebjergtoften,postalCode=2750,countryCode=DK,countryName=Denmark,hasLatitude=true,latitude=55.7494946,hasLongitude=true,longitude=12.3760604,phone=null,url=null,extras=null]

0.19
0.19
0.11
0.23
0.08
0.16
0.04
0.12
0.08
0.12
0.04
0.12
0.16
0.08
0.15
0.15
0.08
0.04
0.08
0.16
0.12
0.30
0.30
0.16
0.12
0.34
0.46
0.25
0.03
0.19
0.16
0.04
0.08
0.15
0.15
0.08
0.04
0.16
0.15
0.15
0.04
0.08
0.12
0.15
0.15
0.12
0.16
0.08
0.04
0.07
0.07
0.12
0.04
0.08
0.04
0.08
0.04
0.08
0.04
0.08
0.12
0.04
0.08
0.12
0.12
0.08
0.04
0.16
0.04
0.08
0.08
0.16
0.08
0.11
0.07
0.15
0.22
0.15
0.15
0.19
0.04
0.04
0.12
0.04
0.04
0.07
0.07
0.08
0.18
0.10
0.04
0.12
0.20
0.04
0.12
0.12
0.04
0.04
0.08
0.08
0.08
0.12
0.04
0.08
0.04
0.12
0.08
0.04
0.04
0.04
0.08
0.04
0.07
0.19
0.08
0.04
0.08
0.08
0.08
0.12
0.12
0.08
0.04
0.04
0.08
0.08
0.08
0.08
0.08
0.08
0.08
0.08
0.04
0.04
0.04
0.04
0.07
0.15
0.08
0.12
0.08
0.04
0.11
0.07
0.20
0.08
0.12
0.04
0.08
0.08
0.04
0.12
0.20
0.16
0.16
0.04
0.12
0.12
0.12
0.08
0.12
0.08
0.16
0.04
0.12
0.08
0.12
0.12
0.19
0.11
0.04
0.04
0.08
0.12
0.04
0.08
0.12
0.12
0.12
0.04
0.07
0.07
0.04
0.04
0.04
0.12
0.08
0.04
0.04
0.04
0.04
0.04
0.11
0.22
0.15
0.08
0.04
0.04
0.04
0.08
0.08
0.08
0.12
0.08
0.04
0.20
0.12
0.08
0.08
0.08
0.08
0.16
0.12
0.04
0.04
0.23
0.23
0.16
0.08
0.04
0.12
0.16
0.12
0.04
0.08
0.12
0.08
0.08
0.08
0.08
0.04
0.08
0.04
0.16
0.12
0.12
0.12
0.08
0.04
0.12
0.04
0.12
0.08
0.08
0.08
0.08
0.08
0.08
0.08
0.12
0.08
0.12
0.12
0.12
0.08
0.07
