GUESS    :IDLE
STARTTIME:1289421153974
ENDTIME  :1289421168852
LOCALSPD :0.0
LONGSPD  :-1.0
LOCATION :Location[mProvider=network,mTime=1289421140007,mLatitude=55.74957426666666,mLongitude=12.376717400000002,mHasAltitude=false,mAltitude=0.0,mHasSpeed=false,mSpeed=0.0,mHasBearing=false,mBearing=0.0,mHasAccuracy=true,mAccuracy=50.0,mExtras=Bundle[mParcelledData.dataSize=148]]
ADDRESS :

0.09
0.01
0.00
0.01
0.01
0.00
0.01
0.00
0.00
0.00
0.00
0.00
0.00
0.01
0.00
0.01
0.01
0.00
0.01
0.00
0.00
0.01
0.00
0.01
0.00
0.00
0.00
0.00
0.01
0.01
0.00
0.01
0.00
0.01
0.01
0.00
0.01
0.01
0.01
0.01
0.01
0.00
0.01
0.01
0.01
0.01
0.01
0.00
0.00
0.00
0.00
0.01
0.00
0.00
0.00
0.01
0.00
0.00
0.00
0.00
0.01
0.00
0.01
0.00
0.01
0.00
0.00
0.00
0.01
0.00
0.00
0.00
0.00
0.01
0.00
0.01
0.01
0.01
0.00
0.00
0.00
0.00
0.00
0.00
0.01
0.00
0.00
0.00
0.00
0.00
0.00
0.00
0.01
0.00
0.00
0.00
0.01
0.01
0.01
0.00
0.00
0.00
0.01
0.00
0.00
0.00
0.00
0.00
0.00
0.01
0.00
0.00
0.00
0.00
0.00
0.00
0.00
0.00
0.00
0.00
0.00
0.00
0.00
0.00
0.00
0.00
0.00
0.00
