GUESS    :MOVING_HI
STARTTIME:1290859906319
ENDTIME  :1290859920188
LOCALSPD :0.0
LONGSPD  :-1.0
LOCATION :Location[mProvider=network,mTime=1290859893186,mLatitude=55.610584,mLongitude=12.31749,mHasAltitude=false,mAltitude=0.0,mHasSpeed=false,mSpeed=0.0,mHasBearing=false,mBearing=0.0,mHasAccuracy=true,mAccuracy=726.0,mExtras=Bundle[mParcelledData.dataSize=148]]
ADDRESS :

0.30
0.31
1.08
3.80
0.38
0.52
0.53
0.19
1.12
0.64
0.19
0.84
0.23
0.34
0.45
0.23
0.64
0.15
0.91
0.84
0.27
0.46
0.41
0.38
0.98
0.08
0.15
0.30
0.23
0.76
2.90
4.07
2.04
2.68
6.69
6.78
6.12
4.86
19.22
8.74
9.52
2.06
3.95
6.76
11.48
3.20
7.91
4.25
0.68
3.30
10.47
9.55
3.17
3.09
1.80
4.75
1.74
3.34
3.70
1.92
1.72
2.19
1.99
3.50
3.62
5.94
3.11
1.80
2.37
13.36
11.93
6.18
7.55
2.37
1.44
3.80
8.08
5.16
1.88
4.90
1.27
0.93
9.96
5.97
2.79
3.92
3.06
0.95
7.08
7.35
5.75
5.18
2.49
0.89
0.78
3.42
6.51
5.58
2.44
2.62
0.90
2.47
1.42
2.30
7.55
7.57
1.97
4.44
0.72
1.21
1.78
10.80
8.93
1.66
2.48
0.87
1.43
1.48
0.93
11.52
7.34
1.69
3.21
0.93
1.46
0.84
5.67
4.40
3.75
1.81
1.70
1.02
2.07
3.39
5.98
4.26
1.93
2.78
0.87
1.53
4.03
6.89
3.80
3.60
1.83
0.94
1.28
3.21
6.74
5.49
1.16
2.38
0.71
1.27
2.15
6.93
5.33
1.88
2.79
0.22
1.20
2.91
5.48
4.03
1.31
2.98
0.84
1.69
3.70
6.76
4.73
1.28
3.58
0.99
0.67
6.44
5.01
4.34
2.94
2.26
1.65
1.44
9.87
5.54
1.48
4.66
1.01
2.38
2.18
7.82
4.93
5.97
4.11
2.41
2.06
0.95
5.72
6.35
6.33
4.55
1.18
0.23
3.60
7.78
4.88
4.14
1.36
1.29
3.11
10.84
8.01
3.60
2.38
0.97
1.96
1.09
2.12
10.28
8.09
2.27
5.30
0.33
1.84
3.51
3.77
5.88
5.71
2.15
1.23
1.74
1.17
9.11
4.49
2.45
3.72
1.10
0.45
5.97
4.40
4.24
5.15
1.91
0.91
3.35
10.46
6.95
3.28
2.59
0.95
1.35
2.64
0.76
3.76
2.48
2.74
2.53
