GUESS    :MOVING_SM
STARTTIME:1290492621314
ENDTIME  :1290492637104
LOCALSPD :0.0
LONGSPD  :-1.0
LOCATION :Location[mProvider=network,mTime=1290492629454,mLatitude=55.7495518,mLongitude=12.376704733333334,mHasAltitude=false,mAltitude=0.0,mHasSpeed=false,mSpeed=0.0,mHasBearing=false,mBearing=0.0,mHasAccuracy=true,mAccuracy=50.0,mExtras=Bundle[mParcelledData.dataSize=148]]
ADDRESS :

0.29
0.41
0.41
0.39
0.38
0.36
0.33
0.29
0.26
0.22
0.19
0.16
0.13
0.09
0.06
0.04
0.02
0.01
0.01
0.03
0.03
0.04
0.03
0.04
0.04
0.05
0.04
0.04
0.04
0.05
0.06
0.05
0.06
0.05
0.05
0.04
0.04
0.03
0.02
0.01
0.01
0.01
0.03
0.04
0.05
0.06
0.07
0.07
0.08
0.08
0.09
0.09
0.09
0.09
0.10
0.10
0.10
0.10
0.10
0.09
0.09
0.09
0.09
0.08
0.07
0.06
0.05
0.04
0.03
0.02
0.02
0.02
0.04
0.05
0.06
0.07
0.08
0.08
0.09
0.09
0.09
0.09
0.08
0.08
0.07
0.06
0.05
0.04
0.04
0.02
0.02
0.03
0.03
0.04
0.04
0.04
0.05
0.04
0.05
0.04
0.04
0.03
0.03
0.03
0.02
0.01
0.01
0.01
0.01
0.01
0.02
0.02
0.03
0.03
0.03
0.04
0.03
0.04
0.04
0.03
0.03
0.03
0.03
0.03
0.03
0.03
0.02
0.02
