GUESS    :MOVING_SM
STARTTIME:1290492621314
ENDTIME  :1290492637104
LOCALSPD :0.0
LONGSPD  :-1.0
LOCATION :Location[mProvider=network,mTime=1290492629454,mLatitude=55.7495518,mLongitude=12.376704733333334,mHasAltitude=false,mAltitude=0.0,mHasSpeed=false,mSpeed=0.0,mHasBearing=false,mBearing=0.0,mHasAccuracy=true,mAccuracy=50.0,mExtras=Bundle[mParcelledData.dataSize=148]]
ADDRESS :

2.14
1.44
0.84
3.75
1.87
1.95
3.36
7.00
4.05
2.11
3.34
4.29
3.49
4.00
1.16
1.53
5.57
2.83
0.42
0.07
0.16
0.08
0.12
0.04
0.12
0.12
0.08
0.04
0.04
0.04
0.12
0.04
0.08
0.08
0.12
0.12
0.04
0.08
0.12
0.04
0.12
0.08
0.08
0.12
0.04
0.08
0.12
0.04
0.08
0.12
0.04
0.12
0.12
0.08
0.04
0.12
0.16
0.20
0.16
0.08
0.04
0.04
0.04
0.08
0.08
0.16
0.12
0.04
0.04
0.08
0.04
0.08
0.12
0.04
0.08
0.08
0.07
0.10
0.15
0.08
0.03
0.11
0.04
0.08
0.08
0.08
0.04
0.12
0.04
0.04
0.04
0.04
0.11
0.04
0.08
0.07
0.08
0.12
0.11
0.07
0.07
0.07
0.12
0.15
0.11
0.04
0.04
0.12
0.11
0.11
0.12
0.04
0.11
0.04
0.19
0.12
0.07
0.07
0.15
0.03
0.11
0.08
0.11
0.04
0.04
0.07
0.08
0.08
0.16
0.11
0.04
0.04
0.07
0.03
0.08
0.16
0.15
0.11
0.12
0.19
0.11
0.07
0.11
0.04
0.11
0.08
0.07
0.04
0.04
0.11
0.08
0.15
0.11
0.04
0.07
0.08
0.07
0.03
0.04
0.08
0.04
0.11
0.03
0.04
0.07
0.04
0.07
0.12
0.11
0.07
0.11
0.11
0.11
0.08
0.11
0.08
0.07
0.07
0.12
0.12
0.07
0.08
0.12
0.08
0.15
0.11
0.04
0.08
0.07
0.07
0.04
0.03
0.04
0.07
0.07
0.08
0.12
0.07
0.07
0.12
0.12
0.08
0.12
0.04
0.07
0.04
0.08
0.11
0.07
0.11
0.11
0.04
0.08
0.04
0.07
0.08
0.08
0.04
0.04
0.04
0.08
0.11
0.11
0.04
0.08
0.08
0.16
0.08
0.04
0.03
0.03
0.08
0.11
0.04
0.03
0.03
0.03
0.04
0.08
0.04
0.08
0.07
0.03
0.03
0.11
0.08
0.03
0.04
0.08
0.08
0.07
0.08
0.04
0.12
0.08
0.08
