GUESS    :MOVING_SM
STARTTIME:1290509332563
ENDTIME  :1290509347037
LOCALSPD :0.0
LONGSPD  :-1.0
LOCATION :Location[mProvider=network,mTime=1290509345813,mLatitude=55.74957426666666,mLongitude=12.376717400000002,mHasAltitude=false,mAltitude=0.0,mHasSpeed=false,mSpeed=0.0,mHasBearing=false,mBearing=0.0,mHasAccuracy=true,mAccuracy=50.0,mExtras=Bundle[mParcelledData.dataSize=148]]
ADDRESS :

0.52
0.19
0.10
0.00
0.07
0.12
0.13
0.08
0.06
0.11
0.09
0.10
0.07
0.09
0.13
0.08
0.07
0.07
0.03
0.07
0.02
0.06
0.10
0.05
0.04
0.06
0.03
0.11
0.09
0.13
0.04
0.17
0.02
0.04
0.01
0.02
0.02
0.05
0.04
0.01
0.06
0.06
0.02
0.03
0.03
0.03
0.03
0.03
0.03
0.02
0.04
0.03
0.00
0.01
0.04
0.10
0.03
0.06
0.05
0.04
0.02
0.02
0.02
0.02
0.04
0.03
0.02
0.06
0.03
0.03
0.03
0.04
0.02
0.03
0.03
0.05
0.03
0.03
0.02
0.02
0.02
0.04
0.03
0.02
0.00
0.04
0.02
0.02
0.05
0.01
0.05
0.01
0.03
0.03
0.04
0.02
0.05
0.02
0.03
0.03
0.03
0.01
0.01
0.03
0.02
0.01
0.02
0.01
0.02
0.02
0.02
0.03
0.02
0.02
0.00
0.02
0.01
0.00
0.03
0.03
0.01
0.01
0.02
0.00
0.02
0.01
0.02
0.03
