GUESS    :MOVING_SM
STARTTIME:1289975700896
ENDTIME  :1289975716882
LOCALSPD :-1.0
LONGSPD  :-1.0
LOCATION :Location[mProvider=network,mTime=1289975695865,mLatitude=51.21026504,mLongitude=4.41578832,mHasAltitude=false,mAltitude=0.0,mHasSpeed=false,mSpeed=0.0,mHasBearing=false,mBearing=0.0,mHasAccuracy=true,mAccuracy=57.0,mExtras=Bundle[mParcelledData.dataSize=148]]
ADDRESS :

10.23
1.27
1.35
3.34
3.50
5.33
2.70
11.21
8.20
4.03
2.49
2.14
3.61
0.79
3.58
1.38
2.34
5.09
2.96
2.41
1.81
4.06
3.64
1.25
1.46
3.60
3.58
0.75
2.07
3.69
1.31
2.14
5.69
3.94
4.71
1.68
2.67
1.77
1.50
2.40
2.86
7.53
4.74
11.41
0.91
2.03
6.29
9.18
2.94
5.00
8.46
1.04
3.02
6.44
2.63
1.92
3.02
0.69
2.29
4.11
0.84
0.61
0.12
0.16
0.04
0.03
0.07
0.04
0.12
0.08
0.04
0.03
0.11
0.08
0.12
0.03
0.07
0.04
0.04
0.04
0.04
0.04
0.04
0.04
0.08
0.08
0.04
0.08
0.12
0.04
0.08
0.04
0.04
0.04
0.04
0.11
0.04
0.03
0.12
0.16
0.04
0.08
0.04
0.04
0.07
0.07
0.04
0.08
0.08
0.11
0.03
0.04
0.08
0.12
0.08
0.08
0.08
0.04
0.04
0.08
0.04
0.16
0.12
0.04
0.04
0.08
0.12
0.04
0.04
0.11
0.15
0.04
0.08
0.08
0.04
0.04
0.04
0.08
0.12
0.08
0.16
0.12
0.11
0.11
0.04
0.04
0.08
0.12
0.16
0.12
0.04
0.08
0.08
0.15
0.11
0.04
0.08
0.12
0.08
0.08
0.04
0.07
0.11
0.16
0.12
0.15
0.07
0.04
0.04
0.04
0.04
0.12
0.12
0.08
0.07
0.11
0.08
0.08
0.07
0.07
0.08
0.04
0.04
0.04
0.04
0.12
0.08
0.08
0.12
0.12
0.12
0.08
0.04
0.04
0.04
0.08
0.04
0.08
0.08
0.04
0.08
0.12
0.04
0.08
0.08
0.15
0.15
0.04
0.12
0.04
0.08
0.12
0.08
0.08
0.04
0.04
0.08
0.12
0.16
0.04
0.08
0.04
0.07
0.15
0.12
0.04
0.08
0.04
0.04
0.04
0.04
0.08
0.15
0.07
0.16
0.04
0.11
0.11
0.04
0.04
0.04
0.12
0.08
0.04
0.08
0.08
0.04
0.04
0.08
0.04
0.04
0.08
0.08
0.08
0.16
0.08
