GUESS    :WALKING
STARTTIME:1288206951721
ENDTIME  :1288206964664
LOCALSPD :0.0
LONGSPD  :0.0
LOCATION :Location[mProvider=network,mTime=1288206934547,mLatitude=55.735742775,mLongitude=12.3628258,mHasAltitude=false,mAltitude=0.0,mHasSpeed=false,mSpeed=0.0,mHasBearing=false,mBearing=0.0,mHasAccuracy=true,mAccuracy=60.0,mExtras=Bundle[mParcelledData.dataSize=148]]
ADDRESS :

1.88
1.85
1.96
1.61
2.57
1.57
5.88
5.45
10.42
5.12
5.31
6.32
4.56
4.17
1.27
2.40
1.84
2.79
1.88
1.23
2.96
0.49
1.25
1.46
2.12
4.17
2.76
1.84
1.76
3.15
1.14
1.17
2.45
2.86
2.87
1.76
2.14
2.75
8.28
1.69
5.99
5.92
3.15
1.89
2.75
1.27
0.95
0.99
0.54
1.65
1.53
1.16
1.27
1.59
2.72
3.15
1.46
2.53
1.72
2.41
1.46
1.09
1.06
1.21
2.56
1.04
1.21
0.78
1.38
2.11
1.61
2.94
3.85
1.18
0.84
0.87
1.20
2.10
2.15
3.27
2.37
1.72
2.29
2.52
1.81
1.18
1.12
0.67
1.23
1.09
1.32
1.55
1.18
1.21
1.04
1.69
1.38
1.23
3.30
1.69
2.23
0.65
0.54
1.08
1.95
1.23
1.17
1.40
2.44
0.83
1.44
0.61
0.54
1.32
0.84
1.17
0.95
1.10
0.93
2.78
1.27
0.41
2.00
1.93
0.72
2.37
2.18
1.40
1.27
2.45
2.53
1.53
4.55
1.08
0.80
1.08
0.57
1.27
1.81
1.51
3.79
2.47
3.43
1.14
2.42
2.30
2.68
2.32
1.80
3.51
2.87
4.99
1.95
1.58
1.12
0.38
1.54
5.28
0.61
2.98
0.95
1.05
0.67
0.80
0.89
1.54
2.83
1.69
3.06
1.95
1.85
0.78
1.61
1.05
0.42
1.10
2.10
1.42
0.95
0.86
0.57
1.05
0.68
0.42
0.89
0.89
0.80
1.50
3.04
1.95
1.48
3.23
0.74
1.14
1.31
1.12
3.11
2.87
1.65
2.53
1.70
1.80
2.87
1.77
2.27
0.78
2.52
1.43
2.57
2.49
0.99
0.78
1.73
2.02
1.29
1.96
3.98
2.30
2.57
1.08
1.62
1.77
3.34
0.80
1.61
1.08
1.47
1.06
1.12
1.16
0.91
2.71
1.72
2.30
2.08
1.76
1.72
0.99
1.23
0.54
0.71
0.54
0.90
1.29
1.84
1.50
0.46
1.16
3.57
3.32
4.17
3.46
0.98
1.62
0.41
1.31
