GUESS    :MOVING_SM
STARTTIME:1288205740869
ENDTIME  :1288205754461
LOCALSPD :0.0
LONGSPD  :0.0
LOCATION :Location[mProvider=network,mTime=1288205753053,mLatitude=55.7508011,mLongitude=12.3783962,mHasAltitude=false,mAltitude=0.0,mHasSpeed=false,mSpeed=0.0,mHasBearing=false,mBearing=0.0,mHasAccuracy=true,mAccuracy=164.0,mExtras=Bundle[mParcelledData.dataSize=148]]
ADDRESS :

0.93
0.58
0.16
0.31
0.24
0.20
0.36
0.24
0.21
0.23
0.15
0.11
0.11
0.12
0.09
0.02
0.06
0.09
0.03
0.03
0.05
0.04
0.02
0.07
0.09
0.06
0.06
0.08
0.05
0.09
0.05
0.07
0.03
0.08
0.06
0.03
0.07
0.06
0.03
0.08
0.07
0.08
0.03
0.06
0.06
0.07
0.07
0.05
0.06
0.05
0.09
0.05
0.00
0.10
0.08
0.03
0.05
0.08
0.04
0.03
0.08
0.02
0.02
0.04
0.07
0.04
0.06
0.12
0.12
0.09
0.06
0.07
0.05
0.04
0.08
0.11
0.10
0.04
0.08
0.03
0.05
0.06
0.04
0.02
0.03
0.03
0.03
0.05
0.07
0.05
0.02
0.04
0.07
0.05
0.04
0.03
0.05
0.04
0.06
0.04
0.01
0.01
0.01
0.04
0.04
0.04
0.05
0.05
0.05
0.06
0.04
0.05
0.02
0.05
0.06
0.03
0.04
0.13
0.07
0.08
0.04
0.03
0.02
0.06
0.05
0.07
0.04
0.05
