GUESS    :MOVING_ME
STARTTIME:1288206258239
ENDTIME  :1288206272490
LOCALSPD :0.0
LONGSPD  :2.2926724
LOCATION :Location[mProvider=network,mTime=1288206230401,mLatitude=55.7356143,mLongitude=12.3635615,mHasAltitude=false,mAltitude=0.0,mHasSpeed=false,mSpeed=0.0,mHasBearing=false,mBearing=0.0,mHasAccuracy=true,mAccuracy=437.0,mExtras=Bundle[mParcelledData.dataSize=148]]
ADDRESS :

0.93
0.68
2.23
1.61
1.18
1.55
1.33
1.36
1.23
1.84
0.80
1.23
1.81
0.75
2.71
1.88
1.31
1.43
1.57
3.00
1.08
4.67
3.83
4.02
5.75
5.82
4.67
8.55
3.98
2.57
7.95
6.37
6.06
6.40
5.09
2.45
4.56
5.56
4.55
6.29
7.71
3.30
4.33
1.01
1.85
2.19
0.74
1.73
1.38
1.06
0.97
0.84
1.33
0.50
1.13
1.83
2.00
4.45
6.51
3.84
2.22
1.06
7.31
6.33
24.49
29.00
12.72
1.54
5.98
2.71
0.61
3.21
5.03
4.51
1.36
2.90
1.48
1.80
0.35
4.07
3.23
3.53
0.38
2.48
0.95
1.25
0.78
0.15
2.33
0.71
0.89
2.68
0.64
0.80
0.98
0.59
0.65
0.34
0.95
3.55
2.41
1.54
1.44
0.39
0.80
0.67
0.37
0.34
0.46
0.48
0.80
0.41
0.14
0.23
0.35
0.56
0.31
0.31
1.46
0.63
0.34
0.54
0.22
0.35
0.53
0.91
0.20
0.50
0.20
0.20
0.50
0.46
0.57
0.44
0.98
1.24
0.57
0.53
0.26
0.31
0.35
0.27
0.05
0.03
0.04
0.11
0.07
0.35
0.16
0.08
0.15
0.86
1.01
2.04
2.11
0.38
0.52
0.69
0.49
2.68
2.34
0.98
0.90
0.83
1.27
2.03
2.26
1.38
2.06
1.35
0.80
0.98
0.64
1.48
0.65
1.10
1.01
1.96
0.59
1.04
0.46
0.61
1.53
0.30
0.76
0.25
1.08
0.80
0.61
0.93
0.49
0.57
1.08
0.34
0.95
0.07
0.54
1.14
0.82
1.32
0.94
1.51
0.80
0.42
0.41
0.23
1.05
2.29
0.54
1.06
1.10
0.72
2.34
0.95
1.24
1.57
0.95
0.50
1.68
1.46
0.65
1.42
0.99
0.80
1.01
0.22
0.38
0.65
0.72
0.91
2.11
2.41
1.84
1.65
1.06
0.82
0.49
1.08
1.61
0.99
0.79
2.26
0.34
0.53
0.74
0.46
0.49
0.27
0.16
0.84
0.50
0.34
0.38
0.38
0.49
0.49
