GUESS    :MOVING_SM
STARTTIME:1288206301383
ENDTIME  :1288206315827
LOCALSPD :0.0
LONGSPD  :0.0
LOCATION :Location[mProvider=network,mTime=1288206304704,mLatitude=55.7356143,mLongitude=12.3635615,mHasAltitude=false,mAltitude=0.0,mHasSpeed=false,mSpeed=0.0,mHasBearing=false,mBearing=0.0,mHasAccuracy=true,mAccuracy=437.0,mExtras=Bundle[mParcelledData.dataSize=148]]
ADDRESS :

0.08
0.11
0.23
0.30
0.10
0.15
0.08
0.30
0.11
0.20
0.16
0.12
0.45
0.89
1.80
0.57
0.23
0.57
0.25
0.31
0.12
0.27
0.39
0.19
0.15
0.57
0.76
0.23
0.63
0.75
0.67
0.45
0.53
0.22
0.29
0.19
0.22
0.16
0.19
0.20
0.14
0.15
0.14
0.23
0.22
0.57
0.11
0.31
0.11
0.07
0.12
0.16
0.18
0.10
0.11
0.12
0.04
0.03
0.14
0.30
0.15
0.04
0.08
0.23
0.12
0.19
0.07
0.11
0.07
0.07
0.08
0.19
0.19
0.11
0.22
0.12
0.34
0.34
0.12
0.11
0.15
0.04
0.12
0.18
0.07
0.04
0.12
0.20
0.08
0.18
0.07
0.15
0.07
0.19
0.30
0.07
0.03
0.23
0.65
0.90
1.35
1.04
0.39
0.57
0.42
0.39
1.17
0.67
0.46
0.76
0.72
0.18
0.23
0.27
0.20
0.42
0.46
0.31
0.30
0.44
0.30
0.31
0.26
0.27
0.27
0.22
0.74
0.53
0.57
0.30
0.61
0.26
0.69
0.34
0.50
0.41
0.41
0.65
0.04
0.50
0.46
0.72
0.82
0.33
0.29
0.61
0.61
0.64
0.49
0.22
0.72
0.60
0.23
0.49
0.18
0.49
0.27
0.12
0.18
0.07
0.12
0.22
0.53
0.27
0.44
0.20
0.23
0.64
0.45
0.14
0.14
0.19
0.23
0.35
0.49
1.58
0.65
0.54
0.27
0.27
0.74
0.57
0.12
0.30
0.05
0.16
0.12
1.18
2.19
1.38
0.78
0.38
0.72
0.08
0.74
0.78
0.23
0.50
0.80
0.29
0.39
0.19
0.30
0.42
0.57
0.49
2.48
1.27
0.57
0.22
0.80
0.49
0.93
1.65
1.17
0.16
1.21
0.14
0.44
0.48
0.82
0.16
1.24
0.26
0.89
0.67
0.97
0.57
1.69
0.89
2.11
0.68
1.20
1.05
0.23
1.31
1.57
0.54
0.34
0.59
1.68
0.68
0.79
0.68
0.59
0.65
0.49
0.76
0.95
0.37
0.59
0.23
0.53
0.11
0.44
0.27
