GUESS    :IDLE
STARTTIME:1288005469812
ENDTIME  :1288005484248
LOCALSPD :-1.0
LONGSPD  :-1.0
LOCATION :org.peterstrand.service.LocationWrapper@44970c80
ADDRESS :

0.04
0.04
0.07
0.11
0.07
0.04
0.11
0.08
0.11
0.15
0.04
0.04
0.08
0.04
0.04
0.08
0.08
0.04
0.12
0.12
0.04
0.07
0.03
0.08
0.08
0.07
0.04
0.07
0.07
0.15
0.04
0.12
0.16
0.11
0.11
0.08
0.08
0.04
0.15
0.10
0.11
0.15
0.22
0.19
0.12
0.04
0.11
0.04
0.07
0.12
0.04
0.16
0.16
0.15
0.14
0.15
0.16
0.12
0.08
0.10
0.14
0.08
0.04
0.04
0.12
0.11
0.15
0.07
0.03
0.18
0.22
0.04
0.20
0.05
0.89
1.05
0.15
0.19
0.19
0.07
0.23
0.12
0.22
0.03
0.46
0.90
0.49
0.07
0.25
0.12
0.12
0.11
0.19
0.20
0.08
0.08
0.08
0.16
0.12
0.04
0.08
0.04
0.11
0.11
0.11
0.07
0.12
0.04
0.04
0.08
0.16
0.08
0.12
0.08
0.08
0.04
0.15
0.19
0.16
0.16
0.04
0.04
0.08
0.25
0.16
0.12
0.08
0.12
0.15
0.10
0.15
0.11
0.11
0.18
0.10
0.16
0.03
0.07
0.16
0.11
0.19
0.12
0.08
0.08
0.16
0.04
0.08
0.04
0.08
0.07
0.11
0.04
0.16
0.04
0.12
0.04
0.08
0.07
0.07
0.04
0.08
0.29
0.29
0.16
0.12
0.25
0.08
0.12
0.11
0.19
0.25
0.12
0.22
0.10
0.20
0.04
0.19
0.11
0.18
0.16
0.20
0.11
0.07
0.16
0.15
0.15
0.11
0.07
0.12
0.04
0.18
0.14
0.08
0.11
0.07
0.08
0.08
0.04
0.04
0.08
0.12
0.04
0.08
0.07
0.19
0.04
0.11
0.07
0.08
0.04
0.04
0.15
0.14
0.08
0.15
0.11
0.11
0.04
0.08
0.19
0.08
0.10
0.15
0.11
0.11
0.11
0.07
0.10
0.05
0.07
0.07
0.08
0.15
0.08
0.19
0.08
0.19
0.04
0.03
0.12
0.19
0.07
0.08
0.04
0.07
0.08
0.11
0.15
0.11
0.12
0.04
0.12
0.12
0.03
0.14
0.07
