GUESS    :IDLE
STARTTIME:1288005571710
ENDTIME  :1288005586506
LOCALSPD :0.0
LONGSPD  :-1.0
LOCATION :org.peterstrand.service.LocationWrapper@4496cf50
ADDRESS :

0.09
0.01
0.00
0.00
0.01
0.01
0.01
0.00
0.01
0.00
0.00
0.00
0.01
0.00
0.01
0.00
0.01
0.00
0.01
0.00
0.01
0.01
0.01
0.00
0.00
0.00
0.00
0.00
0.00
0.01
0.00
0.00
0.01
0.01
0.00
0.01
0.01
0.00
0.00
0.00
0.01
0.00
0.00
0.00
0.01
0.01
0.00
0.01
0.01
0.00
0.00
0.01
0.00
0.00
0.01
0.00
0.00
0.01
0.00
0.00
0.00
0.01
0.01
0.01
0.00
0.00
0.00
0.01
0.01
0.01
0.00
0.00
0.00
0.00
0.00
0.01
0.00
0.01
0.00
0.00
0.00
0.00
0.00
0.01
0.01
0.00
0.01
0.00
0.00
0.01
0.00
0.00
0.01
0.00
0.00
0.00
0.00
0.01
0.00
0.00
0.00
0.01
0.00
0.00
0.00
0.00
0.00
0.01
0.00
0.00
0.00
0.00
0.00
0.00
0.00
0.00
0.00
0.00
0.00
0.01
0.00
0.00
0.00
0.00
0.00
0.00
0.00
0.00
