GUESS    :WALKING
STARTTIME:1288516528189
ENDTIME  :1288516541509
LOCALSPD :0.0
LONGSPD  :0.17704952
LOCATION :Location[mProvider=network,mTime=1288516528548,mLatitude=55.7832697,mLongitude=12.3753285,mHasAltitude=false,mAltitude=0.0,mHasSpeed=false,mSpeed=0.0,mHasBearing=false,mBearing=0.0,mHasAccuracy=true,mAccuracy=75.0,mExtras=Bundle[mParcelledData.dataSize=148]]
ADDRESS :

1.79
2.14
0.79
0.95
0.57
0.28
0.45
0.15
0.16
0.46
0.44
0.17
0.27
0.23
0.17
0.36
0.62
0.62
0.63
0.79
0.49
0.14
0.17
0.07
0.20
0.34
0.36
0.24
0.44
0.38
0.03
0.18
0.06
0.15
0.09
0.08
0.10
0.10
0.27
0.21
0.16
0.19
0.05
0.11
0.08
0.13
0.13
0.04
0.17
0.08
0.10
0.13
0.04
0.02
0.07
0.07
0.08
0.06
0.01
0.03
0.08
0.05
0.02
0.06
0.14
0.13
0.06
0.12
0.16
0.19
0.16
0.06
0.04
0.10
0.11
0.03
0.11
0.13
0.10
0.14
0.11
0.04
0.02
0.12
0.20
0.16
0.14
0.11
0.05
0.07
0.06
0.05
0.01
0.03
0.03
0.07
0.04
0.08
0.09
0.03
0.07
0.09
0.09
0.08
0.03
0.06
0.01
0.14
0.14
0.07
0.17
0.25
0.19
0.14
0.13
0.14
0.12
0.13
0.12
0.06
0.12
0.16
0.17
0.18
0.15
0.17
0.21
0.18
