GUESS    :WALKING
STARTTIME:1288517050109
ENDTIME  :1288517062987
LOCALSPD :0.0
LONGSPD  :0.0
LOCATION :Location[mProvider=network,mTime=1288517006483,mLatitude=55.7832417,mLongitude=12.3753204,mHasAltitude=false,mAltitude=0.0,mHasSpeed=false,mSpeed=0.0,mHasBearing=false,mBearing=0.0,mHasAccuracy=true,mAccuracy=75.0,mExtras=Bundle[mParcelledData.dataSize=148]]
ADDRESS :

1.01
1.46
0.99
2.04
0.83
0.39
1.35
0.84
2.04
0.90
1.10
1.50
0.54
0.64
0.45
0.42
0.31
0.56
0.52
0.29
0.29
0.11
0.19
0.08
0.41
0.64
0.30
0.49
0.82
0.56
0.46
0.15
0.76
0.69
0.94
1.28
1.61
0.76
1.06
0.79
1.54
0.97
1.04
1.35
1.57
3.17
1.50
2.53
2.26
0.93
1.57
1.05
0.63
1.38
0.57
1.21
1.27
0.97
1.81
1.33
1.57
1.35
5.05
6.59
4.18
0.69
2.86
1.73
0.99
0.39
1.44
1.48
2.33
2.93
1.69
0.95
3.77
2.08
0.56
0.60
1.47
2.32
4.22
1.24
2.17
0.79
2.45
3.26
10.13
12.94
6.65
2.14
3.64
4.52
3.13
0.53
0.57
0.91
0.76
1.55
1.80
0.89
1.18
1.95
1.92
1.73
0.87
1.38
0.53
0.53
0.61
0.19
0.12
0.23
0.04
0.16
0.22
0.27
0.23
0.27
0.50
0.12
0.39
0.35
0.15
0.16
0.23
0.15
0.11
0.04
0.35
0.63
1.01
0.67
0.45
0.99
0.45
0.98
0.84
0.65
1.18
0.61
1.46
2.25
1.66
2.91
2.22
2.75
5.67
1.99
4.15
1.47
2.53
1.62
1.66
6.48
5.61
7.31
4.28
5.80
7.65
2.14
3.38
3.21
1.95
1.35
4.33
2.93
2.48
3.58
1.58
1.62
5.48
5.84
5.83
4.48
0.98
1.96
1.31
1.95
1.18
4.29
5.09
2.89
3.51
4.54
2.45
4.56
1.89
3.91
2.49
0.26
1.23
1.58
2.42
1.65
2.33
2.87
0.80
2.60
1.33
4.49
8.25
5.50
3.61
3.26
7.61
3.91
1.58
2.85
18.09
6.70
10.20
11.39
8.13
1.96
4.45
3.30
1.38
0.80
1.50
1.01
0.44
2.53
1.66
4.77
2.62
6.17
10.72
4.18
3.61
5.03
1.83
3.23
3.17
5.01
12.93
10.57
14.18
16.24
8.96
2.87
3.45
2.30
1.27
1.14
0.41
1.08
1.06
1.69
3.45
4.79
8.81
6.81
12.94
7.74
