GUESS    :MOVING_HI
STARTTIME:1288515373988
ENDTIME  :1288515388438
LOCALSPD :0.0
LONGSPD  :0.0
LOCATION :Location[mProvider=network,mTime=1288515344432,mLatitude=55.749478366666665,mLongitude=12.3763208,mHasAltitude=false,mAltitude=0.0,mHasSpeed=false,mSpeed=0.0,mHasBearing=false,mBearing=0.0,mHasAccuracy=true,mAccuracy=74.0,mExtras=Bundle[mParcelledData.dataSize=148]]
ADDRESS :

5.72
0.16
0.25
0.06
0.20
0.12
0.31
0.04
0.27
0.11
0.17
0.25
0.03
0.15
0.10
0.06
0.13
0.10
0.17
0.11
0.18
0.21
0.07
0.24
0.11
0.28
0.35
0.11
1.17
0.38
0.26
0.19
0.12
0.10
0.12
0.28
0.14
0.14
0.13
0.13
0.16
0.32
0.43
0.13
0.21
0.16
0.27
0.26
0.07
0.17
0.12
0.34
0.05
0.24
0.07
0.30
0.15
0.33
0.44
0.16
0.06
0.16
0.18
0.18
0.10
0.10
0.18
0.21
0.15
0.02
0.28
0.22
0.36
0.21
0.12
0.10
0.21
0.16
0.14
0.15
0.14
0.20
0.41
0.68
0.69
1.26
0.88
0.62
0.41
0.23
0.23
0.18
0.11
0.05
0.05
0.08
0.41
0.19
0.23
0.10
0.41
0.10
0.11
0.15
0.29
0.33
0.14
0.21
0.17
0.36
0.60
0.59
0.01
0.88
0.59
0.46
0.20
0.63
0.05
0.14
0.39
0.21
0.17
0.21
0.18
0.30
0.30
0.12
