GUESS    :MOVING_SM
STARTTIME:1288515621457
ENDTIME  :1288515634896
LOCALSPD :0.7477545
LONGSPD  :0.07401031
LOCATION :Location[mProvider=network,mTime=1288515590614,mLatitude=55.75072552,mLongitude=12.377814330000001,mHasAltitude=false,mAltitude=0.0,mHasSpeed=false,mSpeed=0.0,mHasBearing=false,mBearing=0.0,mHasAccuracy=true,mAccuracy=54.0,mExtras=Bundle[mParcelledData.dataSize=148]]
ADDRESS :

1.73
1.81
2.79
4.10
2.90
0.80
2.32
2.64
2.14
1.36
0.37
1.16
1.50
0.25
1.18
2.33
2.14
0.61
1.77
2.19
0.69
1.65
2.49
1.14
1.04
2.53
2.70
1.20
0.72
1.35
1.54
0.93
0.42
1.12
1.89
1.31
1.42
1.38
2.23
1.84
1.10
0.78
1.53
1.38
0.84
0.64
1.16
1.46
1.73
0.68
0.84
1.77
2.45
2.22
2.29
0.64
1.29
2.33
0.95
1.16
2.27
2.06
1.48
0.76
4.92
6.91
7.86
8.58
7.11
4.97
2.83
0.56
2.15
3.58
1.78
1.39
1.39
1.83
2.41
1.72
1.58
1.77
1.78
2.06
1.57
1.76
1.04
1.61
1.65
0.57
1.58
2.22
1.84
0.27
0.80
1.53
0.60
0.61
1.08
0.84
0.99
1.23
1.23
0.95
0.74
1.12
1.17
0.34
0.69
1.28
0.99
0.45
0.42
0.76
0.80
0.23
0.72
0.29
0.23
0.61
1.04
0.80
0.31
0.84
0.95
0.46
0.29
0.37
0.27
0.38
0.46
0.26
0.27
0.54
0.38
0.46
0.20
0.50
0.38
0.16
0.16
0.19
0.11
0.11
0.15
0.27
0.35
0.41
0.18
0.18
0.30
0.34
0.11
0.25
0.41
0.29
0.16
0.18
0.29
0.16
0.15
0.16
0.31
0.49
0.22
0.22
0.45
0.34
0.29
0.12
0.39
0.44
0.35
0.27
0.16
0.27
0.23
0.12
0.14
0.30
0.20
0.20
0.04
0.27
0.27
0.12
0.12
0.33
0.35
0.15
0.15
0.23
0.16
0.15
0.34
0.23
0.07
0.49
0.11
0.20
0.20
0.12
0.08
0.23
0.27
0.20
0.20
0.04
0.19
0.23
0.12
0.29
0.16
0.16
0.15
0.39
0.27
0.27
0.29
0.08
0.08
0.16
0.16
0.20
0.12
0.12
0.12
0.27
0.38
0.31
0.16
0.31
0.23
0.12
0.15
0.19
0.27
0.35
0.25
0.19
0.39
0.08
0.27
0.31
0.20
0.23
0.26
0.19
0.25
0.29
0.29
0.20
0.27
0.30
0.26
0.11
