GUESS    :MOVING_ME
STARTTIME:1288515715087
ENDTIME  :1288515728328
LOCALSPD :0.0
LONGSPD  :0.53619844
LOCATION :Location[mProvider=network,mTime=1288515709276,mLatitude=55.7526455,mLongitude=12.3735953,mHasAltitude=false,mAltitude=0.0,mHasSpeed=false,mSpeed=0.0,mHasBearing=false,mBearing=0.0,mHasAccuracy=true,mAccuracy=50.0,mExtras=Bundle[mParcelledData.dataSize=148]]
ADDRESS :

2.48
2.22
0.93
0.74
1.38
1.28
1.88
2.76
3.65
3.84
0.46
3.00
1.39
2.30
3.64
2.85
1.27
2.14
2.06
3.39
2.33
1.10
1.70
1.96
0.89
0.74
1.54
0.99
0.69
0.84
0.19
1.24
1.73
1.10
1.16
1.72
1.29
1.46
1.61
1.38
0.95
1.42
1.81
0.80
0.60
1.27
1.02
1.04
1.24
1.27
0.89
1.54
1.25
0.83
2.04
1.95
1.53
0.74
0.78
0.68
1.01
1.01
0.54
0.86
0.74
1.12
1.38
2.11
2.03
2.10
1.31
1.54
0.76
0.65
0.63
0.52
2.42
2.30
1.46
1.33
1.27
0.56
0.75
0.69
2.30
4.52
6.63
2.72
7.38
9.19
7.83
6.88
7.27
5.60
5.08
5.67
3.61
2.36
3.87
3.98
2.57
1.05
0.57
2.34
2.18
1.48
0.98
2.11
2.96
1.88
1.13
2.96
2.45
0.84
2.64
4.03
4.52
5.43
5.18
4.25
3.11
1.68
1.10
1.84
2.38
2.18
0.22
2.22
2.56
1.88
1.23
1.01
1.62
1.76
1.14
1.04
2.96
3.00
2.56
1.17
1.61
2.67
3.11
3.13
2.74
0.53
2.15
2.78
2.00
1.72
1.50
2.75
2.06
2.27
0.93
1.95
2.93
2.93
2.64
2.02
1.53
1.18
1.78
2.60
2.56
0.49
2.03
3.00
1.89
0.68
1.53
2.68
2.33
2.10
1.87
1.84
2.74
3.66
1.95
2.87
2.03
1.76
3.53
4.48
4.47
3.77
3.28
2.83
1.78
3.01
2.57
2.15
1.78
3.45
2.15
1.88
3.60
3.39
0.83
0.93
2.08
3.06
2.68
1.61
0.56
1.74
1.72
0.91
1.08
1.23
1.73
2.26
2.52
1.91
1.65
0.59
2.66
1.85
0.50
1.61
1.80
1.02
0.89
1.08
1.16
1.09
0.93
0.91
1.95
2.06
1.92
1.33
0.50
1.59
2.93
2.42
2.38
1.55
0.80
1.12
1.42
1.65
2.26
1.84
1.10
0.27
0.30
1.21
1.50
1.99
1.76
1.20
0.59
1.65
1.72
1.31
