GUESS    :MOVING_ME
STARTTIME:1288516081737
ENDTIME  :1288516096677
LOCALSPD :0.123687275
LONGSPD  :3.918365
LOCATION :Location[mProvider=network,mTime=1288516078096,mLatitude=55.778352,mLongitude=12.399926,mHasAltitude=false,mAltitude=0.0,mHasSpeed=false,mSpeed=0.0,mHasBearing=false,mBearing=0.0,mHasAccuracy=true,mAccuracy=1625.0,mExtras=Bundle[mParcelledData.dataSize=148]]
ADDRESS :

0.42
0.31
0.31
0.39
0.33
0.26
0.60
0.37
0.53
0.65
0.53
0.42
0.46
0.59
0.50
0.45
0.61
0.34
0.83
0.69
0.18
0.38
0.45
0.72
0.82
0.25
0.15
0.15
0.39
0.89
1.42
1.09
1.16
0.42
0.80
0.19
0.42
0.89
1.21
1.68
1.66
1.43
3.30
1.25
2.55
1.95
1.65
1.88
0.74
0.99
0.50
1.44
2.34
1.38
2.19
3.45
2.67
4.09
7.86
4.45
5.48
11.44
12.11
18.63
8.09
9.29
29.32
18.25
8.85
5.90
1.96
3.90
4.94
4.59
2.18
4.86
1.43
2.56
2.49
1.83
4.86
2.96
2.42
2.72
4.02
1.14
0.27
2.60
2.44
1.77
3.50
6.67
8.17
3.32
14.87
10.43
14.06
8.55
4.06
6.10
6.02
7.44
8.02
5.76
2.14
2.44
4.90
9.32
8.00
7.25
6.36
8.47
9.33
2.22
3.62
9.22
2.87
10.49
2.96
8.36
9.36
7.85
7.10
4.02
1.24
0.42
0.65
0.15
0.08
0.12
0.12
0.12
0.12
0.04
0.12
0.04
0.04
0.08
0.12
0.12
0.12
0.04
0.08
0.08
0.08
0.16
0.16
0.16
0.08
0.25
0.08
0.12
0.08
0.04
0.08
0.12
0.12
0.08
0.23
0.15
0.16
0.08
0.16
0.08
0.04
0.20
0.04
0.08
0.08
0.20
0.12
0.08
0.12
0.04
0.04
0.12
0.08
0.12
0.03
0.07
0.12
0.12
0.08
0.15
0.11
0.04
0.16
0.16
0.08
0.04
0.04
0.11
0.11
0.08
0.12
0.04
0.04
0.08
0.12
0.12
0.03
0.04
0.15
0.08
0.08
0.12
0.08
0.04
0.04
0.04
0.04
0.04
0.08
0.04
0.04
0.04
0.08
0.08
0.12
0.08
0.20
0.12
0.08
0.16
0.12
0.12
0.08
0.04
0.04
0.04
0.08
0.16
0.08
0.08
0.08
0.08
0.11
0.15
0.20
0.08
0.12
0.12
0.08
0.23
0.23
0.12
0.08
0.16
0.12
0.11
0.15
0.04
0.12
0.12
0.25
0.12
