GUESS    :MOVING_ME
STARTTIME:1290334685551
ENDTIME  :1290334698358
LOCALSPD :-1.0
LONGSPD  :-1.0
LOCATION :Location[mProvider=network,mTime=1290334671761,mLatitude=55.749555175,mLongitude=12.376701624999999,mHasAltitude=false,mAltitude=0.0,mHasSpeed=false,mSpeed=0.0,mHasBearing=false,mBearing=0.0,mHasAccuracy=true,mAccuracy=50.0,mExtras=Bundle[mParcelledData.dataSize=148]]
ADDRESS :

2.13
0.24
0.32
0.37
0.46
0.14
0.17
0.28
0.16
0.19
0.24
0.15
0.28
0.17
0.12
0.21
0.07
0.27
0.23
0.20
0.23
0.49
0.46
0.23
0.38
0.28
0.32
0.41
0.19
0.10
0.06
0.17
0.19
0.10
0.06
0.19
0.11
0.06
0.09
0.28
0.17
0.05
0.04
0.18
0.15
0.01
0.12
0.13
0.22
0.17
0.03
0.10
0.18
0.21
0.18
0.20
0.18
0.10
0.09
0.20
0.12
0.15
0.06
0.10
0.04
0.14
0.18
0.13
0.07
0.10
0.27
0.05
0.08
0.07
0.17
0.11
0.00
0.26
0.15
0.17
0.11
0.27
0.14
0.16
0.20
0.22
0.25
0.09
0.17
0.22
0.17
0.12
0.14
0.12
0.09
0.14
0.08
0.09
0.28
0.07
0.25
0.07
0.06
0.09
0.23
0.07
0.07
0.08
0.10
0.07
0.13
0.28
0.14
0.11
0.13
0.25
0.15
0.16
0.10
0.14
0.12
0.05
0.14
0.02
0.21
0.24
0.05
0.14
