GUESS    :MOVING_SM
STARTTIME:1288889113902
ENDTIME  :1288889127658
LOCALSPD :-1.0
LONGSPD  :-1.0
LOCATION :Location[mProvider=network,mTime=1288889087490,mLatitude=55.749600400000006,mLongitude=12.3767517,mHasAltitude=false,mAltitude=0.0,mHasSpeed=false,mSpeed=0.0,mHasBearing=false,mBearing=0.0,mHasAccuracy=true,mAccuracy=50.0,mExtras=Bundle[mParcelledData.dataSize=148]]
ADDRESS :

10.38
0.11
0.04
0.04
0.04
0.04
0.12
0.12
0.12
0.08
0.08
0.08
0.12
0.08
0.08
0.04
0.04
0.08
0.08
0.08
0.12
0.12
0.12
0.04
0.04
0.12
0.08
0.04
0.08
0.12
0.08
0.08
0.04
0.04
0.04
0.04
0.12
0.08
0.04
0.12
0.08
0.08
0.12
0.04
0.08
0.04
0.08
0.04
0.08
0.08
0.12
0.08
0.04
0.16
0.04
0.08
0.12
0.04
0.08
0.12
0.12
0.04
0.12
0.08
0.08
0.04
0.16
0.12
0.04
0.04
0.04
0.08
0.08
0.04
0.08
0.04
0.08
0.04
0.04
0.12
0.16
0.04
0.04
0.08
0.12
0.04
0.04
0.12
0.08
0.04
0.08
0.12
0.04
0.08
0.08
0.04
0.12
0.04
0.12
0.12
0.08
0.08
0.16
0.04
0.08
0.12
0.08
0.08
0.12
0.12
0.12
0.04
0.04
0.12
0.12
0.04
0.08
0.16
0.04
0.08
0.12
0.04
0.08
0.04
0.04
0.12
0.08
0.04
0.08
0.04
0.04
0.04
0.04
0.12
0.12
0.04
0.04
0.04
0.08
0.08
0.04
0.12
0.12
0.08
0.04
0.12
0.12
0.20
0.16
0.12
0.04
0.12
0.16
0.08
0.04
0.08
0.04
0.08
0.04
0.08
0.08
0.04
0.04
0.08
0.12
0.08
0.08
0.12
0.08
0.08
0.04
0.08
0.08
0.08
0.08
0.04
0.08
0.12
0.16
0.04
0.08
0.16
0.08
0.08
0.16
0.12
0.04
0.12
0.08
0.08
0.12
0.16
0.08
0.04
0.12
0.08
0.08
0.04
0.08
0.08
0.08
0.08
0.12
0.04
0.04
0.12
0.16
0.08
0.04
0.16
0.12
0.16
0.08
0.08
0.08
0.04
0.08
0.04
0.04
0.08
0.16
0.08
0.08
0.19
1.39
1.81
0.82
0.86
0.23
0.12
0.53
0.95
0.69
1.27
0.37
1.35
0.42
1.01
0.50
0.72
0.31
0.71
0.48
0.38
0.34
0.23
0.31
0.15
0.27
0.04
0.25
0.16
0.16
0.12
0.08
0.08
