GUESS    :WALKING
STARTTIME:1288610837653
ENDTIME  :1288610850922
LOCALSPD :0.0
LONGSPD  :0.0
LOCATION :Location[mProvider=network,mTime=1288610800652,mLatitude=55.8148295,mLongitude=12.5303868,mHasAltitude=false,mAltitude=0.0,mHasSpeed=false,mSpeed=0.0,mHasBearing=false,mBearing=0.0,mHasAccuracy=true,mAccuracy=55.0,mExtras=Bundle[mParcelledData.dataSize=148]]
ADDRESS :

3.19
2.72
2.72
3.83
9.08
6.89
25.20
11.07
7.98
7.50
15.15
14.79
9.38
29.88
16.71
14.18
16.41
15.40
6.42
4.73
5.67
2.36
1.85
4.48
7.21
13.47
12.83
23.45
15.40
20.54
8.77
7.71
11.14
12.69
29.50
35.45
18.21
10.91
6.91
3.49
5.46
5.33
3.80
5.49
5.72
10.16
8.89
26.72
11.48
27.65
12.87
6.01
3.91
21.83
13.28
3.70
2.66
6.44
6.02
10.31
16.51
21.45
10.68
13.57
2.14
11.47
5.22
27.16
18.99
15.30
12.72
7.61
6.51
10.94
5.13
3.99
3.70
2.76
4.25
3.95
4.77
10.56
17.53
10.65
6.12
4.44
9.03
6.88
27.92
8.92
19.42
20.19
11.29
9.63
12.90
10.53
2.68
3.00
2.94
5.75
5.75
4.44
8.77
22.36
10.04
17.43
14.08
11.95
4.20
20.38
13.93
21.40
8.04
4.77
7.55
11.36
4.29
5.04
3.41
4.48
6.93
3.87
24.64
8.99
25.52
7.29
6.62
8.01
16.92
21.60
28.41
16.29
12.56
9.34
14.10
6.17
4.73
2.72
4.21
4.30
7.63
7.01
28.88
10.81
16.59
8.31
12.56
8.83
10.30
22.02
22.34
14.60
20.96
9.45
2.59
3.91
4.94
3.27
3.11
2.79
5.07
1.87
3.34
4.30
5.72
4.47
3.87
6.74
8.02
6.55
3.66
2.34
2.26
2.15
1.09
1.99
2.87
1.16
1.29
3.51
3.70
3.42
1.43
1.62
1.29
0.65
2.87
13.53
13.53
3.76
3.21
1.39
0.98
1.84
0.42
1.77
0.59
0.95
1.23
0.38
1.06
1.16
0.27
0.82
0.29
0.48
0.25
0.15
0.97
0.69
0.72
1.16
3.51
3.04
4.25
4.03
9.47
9.63
3.70
6.85
3.21
4.67
2.83
4.18
11.67
4.48
8.35
4.03
4.48
3.90
4.39
4.84
1.66
2.98
1.66
1.69
3.04
1.63
0.49
1.10
0.65
0.69
1.27
1.96
2.07
2.29
0.76
2.62
1.55
6.58
8.46
3.91
11.02
3.32
5.18
2.55
