GUESS    :MOVING_SM
STARTTIME:1288609730213
ENDTIME  :1288609743821
LOCALSPD :0.48229733
LONGSPD  :1.3694019
LOCATION :Location[mProvider=network,mTime=1288609722226,mLatitude=55.7856605,mLongitude=12.525991999999999,mHasAltitude=false,mAltitude=0.0,mHasSpeed=false,mSpeed=0.0,mHasBearing=false,mBearing=0.0,mHasAccuracy=true,mAccuracy=65.0,mExtras=Bundle[mParcelledData.dataSize=148]]
ADDRESS :

0.89
1.28
1.27
0.22
0.50
1.92
0.74
0.84
1.01
0.39
1.14
0.76
0.90
1.13
1.01
1.12
0.69
0.79
0.61
1.48
0.76
0.61
0.23
0.80
1.05
0.71
0.42
0.49
0.68
0.11
0.52
1.66
0.44
0.89
1.76
0.68
2.64
0.12
0.56
0.57
0.65
0.46
0.35
0.42
0.53
1.36
1.10
0.63
0.72
0.65
1.21
0.42
0.57
0.79
0.83
0.72
0.41
0.68
1.06
0.53
0.49
1.02
0.76
0.48
0.61
0.60
0.31
0.27
0.95
2.56
1.33
2.37
1.16
1.12
1.35
1.12
1.27
0.69
0.50
0.74
2.72
1.28
1.84
1.77
1.35
3.11
0.60
0.54
0.93
0.71
0.50
0.74
0.53
0.91
1.08
0.53
0.16
1.21
1.36
1.10
0.72
0.53
0.33
0.71
0.39
0.19
0.16
0.31
0.99
0.68
0.26
0.38
0.34
0.46
0.35
0.63
0.74
0.91
0.80
0.68
0.89
0.54
0.45
0.44
0.23
0.18
0.38
0.46
0.15
0.23
0.27
0.38
0.53
0.42
0.39
0.91
0.46
0.49
0.37
0.10
0.27
0.11
0.38
0.16
0.61
0.30
0.79
0.53
0.22
0.34
1.02
0.76
0.56
0.15
1.18
0.65
1.84
0.80
1.16
1.43
0.46
0.54
0.38
0.42
0.46
0.23
0.23
0.39
0.04
0.25
0.08
0.19
0.20
0.11
0.18
0.11
0.08
0.03
0.15
0.12
0.04
0.04
0.08
0.11
0.04
0.04
0.15
0.08
0.04
0.42
0.26
0.04
0.20
0.11
0.08
0.11
0.08
0.08
0.08
0.04
0.11
0.11
0.04
0.12
0.08
0.08
0.08
0.08
0.08
0.08
0.16
0.12
0.08
0.12
0.12
0.04
0.08
0.08
0.08
0.07
0.03
0.12
0.08
0.12
0.20
0.12
0.04
0.08
0.08
0.04
0.12
0.04
0.08
0.12
0.08
0.08
0.08
0.04
0.08
0.16
0.12
0.07
0.49
0.23
0.34
0.34
0.75
0.46
0.39
0.35
0.65
0.20
0.22
0.16
0.16
0.08
