GUESS    :MOVING_SM
STARTTIME:1288609877233
ENDTIME  :1288609890793
LOCALSPD :6.098174
LONGSPD  :2.808338
LOCATION :Location[mProvider=network,mTime=1288609870708,mLatitude=55.7950559,mLongitude=12.5303636,mHasAltitude=false,mAltitude=0.0,mHasSpeed=false,mSpeed=0.0,mHasBearing=false,mBearing=0.0,mHasAccuracy=true,mAccuracy=59.0,mExtras=Bundle[mParcelledData.dataSize=148]]
ADDRESS :

0.46
0.31
1.29
1.33
0.69
1.66
1.10
0.91
1.28
1.38
0.99
1.18
1.57
1.35
0.64
0.57
0.89
1.04
2.23
1.47
0.42
1.29
1.32
0.53
0.71
0.68
0.26
0.34
0.57
0.46
0.26
0.42
0.42
0.39
0.65
0.31
0.15
0.72
0.56
0.42
0.34
1.17
0.25
1.20
0.54
1.10
0.87
0.91
0.72
0.56
0.50
0.35
0.42
0.99
0.65
0.99
1.27
1.14
2.02
0.50
0.42
0.38
0.65
0.49
0.38
0.46
0.34
0.91
0.64
0.52
0.22
0.54
0.68
0.83
0.97
0.63
0.38
0.45
0.54
0.48
0.93
0.30
0.95
2.15
2.22
0.37
0.60
0.23
1.39
1.80
0.46
0.07
0.60
0.49
0.61
0.78
0.22
0.38
0.25
0.27
0.99
0.68
0.52
0.54
0.37
0.34
0.65
0.19
0.44
1.23
1.68
1.58
1.05
0.46
0.19
1.06
1.72
0.49
0.95
0.49
0.18
0.41
0.59
0.27
0.38
0.35
0.07
0.84
0.61
0.45
0.31
0.45
0.41
0.27
0.27
0.38
0.31
0.15
0.23
0.12
0.15
0.34
0.08
0.15
0.11
0.23
0.04
0.23
0.30
0.15
0.35
0.20
0.20
0.27
0.38
0.27
0.38
0.15
0.35
0.31
0.52
0.30
0.16
0.39
0.34
0.26
0.35
0.37
0.19
0.30
0.26
0.22
0.14
0.27
0.30
0.27
0.45
0.22
0.26
0.50
0.20
0.26
0.46
0.39
0.15
0.33
0.31
0.15
0.20
0.44
0.60
0.08
0.27
0.39
0.60
0.49
0.45
0.15
0.79
0.67
0.30
0.31
0.53
0.46
0.45
0.31
0.27
0.23
0.45
0.83
0.29
0.45
0.25
0.15
0.19
0.25
0.27
0.26
0.11
0.03
0.37
0.08
0.29
0.50
0.31
0.46
0.57
0.23
0.16
0.72
1.48
0.76
0.23
0.12
0.87
0.91
0.19
0.18
0.12
0.16
0.38
0.31
0.34
0.45
0.91
0.23
0.42
0.27
0.15
0.68
0.26
0.30
0.38
0.42
0.78
1.18
