GUESS    :MOVING_SM
STARTTIME:1288610104433
ENDTIME  :1288610117862
LOCALSPD :4.5297904
LONGSPD  :7.0379133
LOCATION :Location[mProvider=network,mTime=1288610080415,mLatitude=55.815519,mLongitude=12.5298971,mHasAltitude=false,mAltitude=0.0,mHasSpeed=false,mSpeed=0.0,mHasBearing=false,mBearing=0.0,mHasAccuracy=true,mAccuracy=138.0,mExtras=Bundle[mParcelledData.dataSize=148]]
ADDRESS :

0.30
0.49
0.11
0.23
0.19
0.27
0.19
0.12
0.12
0.15
0.11
0.19
0.18
0.15
0.20
0.22
0.42
0.34
1.06
0.59
0.27
0.41
0.23
0.34
0.27
0.19
0.27
0.08
0.04
0.16
0.19
0.15
0.19
0.15
0.16
0.27
0.22
0.12
0.33
0.33
0.18
0.16
0.15
0.39
0.15
0.16
0.15
0.46
1.02
1.21
0.78
0.31
0.57
0.34
0.16
0.38
0.44
0.38
0.19
0.31
0.19
0.19
0.42
0.39
0.27
0.23
0.45
0.20
0.07
0.04
0.52
0.12
0.08
0.27
0.31
0.12
0.16
0.03
0.20
0.23
0.19
0.38
0.25
0.16
0.26
0.42
0.27
0.16
0.39
0.12
0.18
0.27
0.25
0.12
0.34
0.34
0.22
0.08
0.15
0.22
0.34
0.16
0.07
0.26
0.27
0.30
0.29
0.45
0.29
0.15
0.42
0.38
0.34
0.23
0.04
0.11
0.08
0.19
0.20
0.34
0.15
0.19
0.19
0.12
0.11
0.19
0.12
0.04
0.04
0.15
0.20
0.26
0.31
0.20
0.30
0.22
0.34
0.35
0.15
0.16
0.15
0.18
0.71
0.49
0.29
0.15
0.23
0.14
0.19
0.35
0.30
0.42
0.50
0.41
0.35
0.30
0.76
0.82
1.33
0.38
0.30
0.22
0.07
0.22
0.08
0.27
0.23
0.16
0.12
0.25
0.29
0.18
0.11
0.27
0.25
0.27
0.68
0.16
0.35
0.42
0.82
0.74
0.59
0.57
0.31
0.18
0.34
0.26
0.31
0.35
0.22
0.53
0.61
0.61
0.50
0.23
0.39
0.29
0.27
0.54
1.28
0.72
0.48
0.14
0.56
0.34
0.16
0.16
0.15
0.03
0.25
0.11
0.11
0.07
0.20
0.31
0.19
0.11
0.11
0.25
0.37
0.04
0.26
0.90
0.75
0.25
0.83
0.25
0.23
0.68
1.21
0.12
0.91
0.30
0.34
0.12
0.20
0.31
0.04
0.04
0.27
0.23
0.26
0.38
0.18
0.27
0.31
0.33
0.45
0.50
0.64
0.97
0.49
0.30
0.08
0.34
