GUESS    :MOVING_HI
STARTTIME:1288610264783
ENDTIME  :1288610277774
LOCALSPD :0.0
LONGSPD  :1.8794167
LOCATION :Location[mProvider=network,mTime=1288610262628,mLatitude=55.812756,mLongitude=12.528894,mHasAltitude=false,mAltitude=0.0,mHasSpeed=false,mSpeed=0.0,mHasBearing=false,mBearing=0.0,mHasAccuracy=true,mAccuracy=1179.0,mExtras=Bundle[mParcelledData.dataSize=148]]
ADDRESS :

4.25
3.41
3.20
4.02
1.16
4.64
4.21
4.33
4.58
1.99
1.58
2.19
0.74
0.42
0.48
0.27
0.27
0.16
0.38
0.18
0.34
0.54
0.64
0.29
0.49
0.27
0.25
0.61
0.38
0.53
1.13
0.75
0.57
0.45
0.31
0.23
0.23
0.11
0.08
0.27
0.08
0.18
0.30
0.16
0.34
1.04
1.25
0.12
0.83
0.50
1.24
0.31
0.46
0.23
0.82
0.19
0.57
0.93
1.58
1.99
5.16
7.12
11.54
4.69
2.26
3.00
0.86
2.59
2.37
3.20
5.19
4.41
2.47
1.95
2.41
3.95
2.56
6.16
1.53
1.38
1.17
1.18
7.12
5.31
2.62
1.81
3.00
0.22
0.61
2.57
1.95
2.57
1.33
0.74
1.23
1.10
1.08
1.88
0.68
1.27
2.34
0.80
2.22
1.99
3.26
4.62
3.36
0.72
3.79
4.30
1.42
1.04
0.98
1.36
1.24
1.06
0.19
0.89
2.07
1.46
2.52
4.41
3.72
3.65
1.65
15.64
11.03
14.78
8.27
1.40
4.40
5.79
24.29
15.70
9.75
17.82
15.09
9.77
7.29
1.61
2.52
2.98
5.23
1.58
3.57
3.36
1.84
3.31
2.79
14.56
9.23
6.29
8.96
8.14
14.51
5.68
27.77
18.96
10.95
8.65
12.83
3.08
10.20
5.98
13.27
11.32
4.11
8.50
3.02
3.46
6.21
4.07
27.88
14.37
7.08
6.33
1.57
5.18
10.23
19.23
17.19
11.85
8.89
5.18
7.55
4.60
6.91
3.91
5.48
1.81
1.55
4.82
6.14
19.31
15.31
9.58
8.16
5.97
3.53
8.16
25.65
18.13
9.23
14.90
18.18
8.20
4.32
3.53
8.72
5.82
4.33
4.92
4.03
3.60
3.45
8.12
18.54
14.66
15.30
10.32
7.15
5.33
34.13
14.14
23.86
21.75
16.06
14.25
8.05
4.52
6.74
11.01
14.37
10.84
3.98
9.07
15.34
23.10
13.84
11.50
9.30
3.65
7.83
34.42
24.11
15.95
23.29
15.53
10.35
8.54
3.91
1.96
2.91
6.06
10.61
8.02
