GUESS    :MOVING_SM
STARTTIME:1289293645176
ENDTIME  :1289293660149
LOCALSPD :-1.0
LONGSPD  :-1.0
LOCATION :Location[mProvider=network,mTime=1289293602454,mLatitude=55.74958026666667,mLongitude=12.376720666666666,mHasAltitude=false,mAltitude=0.0,mHasSpeed=false,mSpeed=0.0,mHasBearing=false,mBearing=0.0,mHasAccuracy=true,mAccuracy=50.0,mExtras=Bundle[mParcelledData.dataSize=148]]
ADDRESS :

0.90
0.86
0.75
0.47
0.09
0.12
0.35
0.44
0.44
0.49
0.48
0.20
0.37
0.26
0.42
0.31
0.20
0.35
0.17
0.41
0.21
0.41
0.51
0.21
0.33
0.11
0.25
0.12
0.24
0.29
0.13
0.29
0.16
0.28
0.29
0.13
0.32
0.09
0.21
0.06
0.18
0.18
0.04
0.24
0.10
0.14
0.15
0.11
0.21
0.02
0.16
0.08
0.18
0.15
0.10
0.23
0.07
0.15
0.09
0.14
0.11
0.09
0.15
0.09
0.07
0.11
0.11
0.14
0.04
0.20
0.14
0.11
0.12
0.07
0.07
0.05
0.14
0.11
0.09
0.22
0.08
0.15
0.14
0.05
0.09
0.09
0.16
0.05
0.16
0.13
0.00
0.13
0.05
0.14
0.11
0.13
0.20
0.08
0.15
0.09
0.17
0.16
0.14
0.21
0.14
0.16
0.15
0.06
0.19
0.09
0.25
0.15
0.22
0.22
0.19
0.20
0.12
0.16
0.16
0.10
0.15
0.11
0.24
0.19
0.25
0.25
0.14
0.18
