GUESS    :MOVING_SM
STARTTIME:1290849184890
ENDTIME  :1290849199506
LOCALSPD :-1.0
LONGSPD  :-1.0
LOCATION :Location[mProvider=network,mTime=1290849162612,mLatitude=55.610584,mLongitude=12.31749,mHasAltitude=false,mAltitude=0.0,mHasSpeed=false,mSpeed=0.0,mHasBearing=false,mBearing=0.0,mHasAccuracy=true,mAccuracy=726.0,mExtras=Bundle[mParcelledData.dataSize=148]]
ADDRESS :

10.69
6.57
0.12
0.04
0.12
0.12
0.08
0.08
0.04
0.12
0.16
0.08
0.04
0.08
0.04
0.11
0.03
0.04
0.04
0.04
0.07
0.03
0.08
0.04
0.12
0.12
0.12
0.04
0.08
0.12
0.04
0.04
0.08
0.04
0.04
0.12
0.08
0.04
0.08
0.16
0.16
0.04
0.08
0.08
0.08
0.08
0.08
0.16
0.08
0.08
0.08
0.08
0.08
0.16
0.12
0.25
0.29
0.20
0.12
0.04
0.08
0.08
0.04
0.16
0.15
0.16
0.11
0.12
0.04
0.16
0.16
0.15
0.11
0.08
0.08
0.08
0.12
0.04
0.08
0.08
0.08
0.04
0.08
0.08
0.12
0.16
0.08
0.04
0.08
0.08
0.08
0.08
0.12
0.12
0.16
0.08
0.04
0.08
0.12
0.08
0.12
0.08
0.12
0.04
0.08
0.20
0.08
0.08
0.16
0.12
0.12
0.12
0.04
0.12
0.12
0.04
0.04
0.08
0.08
0.04
0.08
0.12
0.04
0.04
0.08
0.15
0.19
0.12
0.04
0.12
0.04
0.12
0.08
0.04
0.08
0.08
0.08
0.04
0.08
0.08
0.04
0.12
0.12
0.12
0.08
0.12
0.04
0.04
0.08
0.04
0.08
0.08
0.04
0.12
0.20
0.12
0.08
0.04
0.04
0.11
0.15
0.07
0.11
0.04
0.08
0.19
0.15
0.04
0.08
0.04
0.08
0.04
0.04
0.08
0.04
0.12
0.12
0.12
0.04
0.16
0.08
0.08
0.04
0.12
0.08
0.16
0.12
0.12
0.16
0.16
0.12
0.12
0.08
0.04
0.12
0.04
0.08
0.08
0.08
0.08
0.04
0.08
0.04
0.12
0.12
0.04
0.04
0.16
0.08
0.04
0.08
0.04
0.12
0.16
0.12
0.08
0.04
0.08
0.12
0.08
0.08
0.12
0.04
0.04
0.04
0.04
0.04
0.04
0.12
0.08
0.08
0.08
0.08
0.15
0.07
0.08
0.04
0.08
0.08
0.04
0.08
0.16
0.12
0.08
0.12
0.08
0.08
0.04
0.08
0.08
0.08
0.08
0.08
0.11
0.11
0.08
