GUESS    :MOVING_SM
STARTTIME:1287914720667
ENDTIME  :1287914734330
LOCATION :Location[mProvider=network,mTime=1287914695334,mLatitude=55.74958615,mLongitude=12.3767289,mHasAltitude=false,mAltitude=0.0,mHasSpeed=false,mSpeed=0.0,mHasBearing=false,mBearing=0.0,mHasAccuracy=true,mAccuracy=50.0,mExtras=Bundle[mParcelledData.dataSize=148]]
ADDRESS :

0.92
1.08
0.92
0.80
0.61
0.58
0.53
0.48
0.25
0.21
0.09
0.05
0.18
0.12
0.20
0.16
0.15
0.03
0.03
0.15
0.11
0.08
0.06
0.05
0.07
0.13
0.20
0.14
0.19
0.15
0.13
0.19
0.20
0.25
0.21
0.27
0.24
0.24
0.25
0.22
0.19
0.15
0.13
0.08
0.14
0.16
0.13
0.14
0.10
0.11
0.08
0.15
0.18
0.20
0.19
0.19
0.19
0.19
0.19
0.15
0.16
0.17
0.14
0.17
0.17
0.14
0.10
0.08
0.08
0.08
0.09
0.09
0.06
0.07
0.03
0.05
0.04
0.06
0.07
0.10
0.09
0.07
0.07
0.06
0.04
0.04
0.06
0.05
0.06
0.10
0.08
0.04
0.04
0.02
0.07
0.04
0.08
0.06
0.00
0.03
0.07
0.03
0.05
0.04
0.04
0.03
0.05
0.03
0.04
0.03
0.01
0.03
0.04
0.03
0.05
0.05
0.05
0.06
0.07
0.03
0.05
0.08
0.06
0.03
0.11
0.08
0.05
0.05
