GUESS    :MOVING_ME
STARTTIME:1287914994519
ENDTIME  :1287915009180
LOCATION :Location[mProvider=network,mTime=1287914993661,mLatitude=55.749566400000006,mLongitude=12.37671915,mHasAltitude=false,mAltitude=0.0,mHasSpeed=false,mSpeed=0.0,mHasBearing=false,mBearing=0.0,mHasAccuracy=true,mAccuracy=50.0,mExtras=Bundle[mParcelledData.dataSize=148]]
ADDRESS :

2.92
0.82
0.85
0.88
1.69
0.31
1.36
0.64
0.80
0.14
0.71
0.22
0.85
0.63
0.54
0.37
0.44
0.47
0.56
0.59
0.20
0.39
0.32
0.32
0.28
0.24
0.20
0.22
0.31
0.19
0.28
0.30
0.20
0.25
0.12
0.24
0.45
0.11
0.22
0.19
0.24
0.22
0.24
0.20
0.35
0.20
0.34
0.35
0.22
0.25
0.29
0.23
0.30
0.12
0.39
0.22
0.21
0.19
0.28
0.18
0.21
0.21
0.16
0.25
0.10
0.12
0.23
0.12
0.04
0.08
0.07
0.09
0.04
0.09
0.14
0.03
0.22
0.09
0.09
0.16
0.16
0.20
0.13
0.03
0.07
0.08
0.16
0.07
0.03
0.12
0.13
0.20
0.12
0.09
0.13
0.10
0.16
0.11
0.21
0.13
0.05
0.15
0.05
0.15
0.08
0.13
0.23
0.24
0.16
0.14
0.32
0.29
0.20
0.19
0.04
0.46
0.26
0.03
0.34
0.16
0.18
0.09
0.21
0.36
0.11
0.04
0.09
0.21
