GUESS    :MOVING_SM
STARTTIME:1289913278167
ENDTIME  :1289913291713
LOCALSPD :-1.0
LONGSPD  :-1.0
LOCATION :Location[mProvider=network,mTime=1289913273182,mLatitude=55.62891558571429,mLongitude=12.644597914285715,mHasAltitude=false,mAltitude=0.0,mHasSpeed=false,mSpeed=0.0,mHasBearing=false,mBearing=0.0,mHasAccuracy=true,mAccuracy=60.0,mExtras=Bundle[mParcelledData.dataSize=148]]
ADDRESS :

5.28
7.21
0.08
4.37
0.11
0.11
0.15
0.27
0.12
0.04
0.12
0.12
0.08
0.12
0.04
0.11
0.11
0.04
0.08
0.04
0.04
0.04
0.07
0.04
0.11
0.04
0.12
0.08
0.04
0.04
0.04
0.04
0.04
0.12
0.16
0.08
0.08
0.08
0.08
0.12
0.08
0.16
0.12
0.12
0.04
0.08
0.04
0.04
0.04
0.15
0.07
0.04
0.04
0.04
0.04
0.12
0.04
0.11
0.19
0.08
0.04
0.08
0.04
0.12
0.12
0.12
0.16
0.12
0.08
0.08
0.12
0.12
0.04
0.12
0.04
0.04
0.04
0.08
0.04
0.12
0.12
0.04
0.12
0.04
0.08
0.08
0.12
0.04
0.08
0.12
0.04
0.12
0.04
0.04
0.08
0.08
0.12
0.12
0.11
0.19
0.08
0.04
0.04
0.04
0.08
0.12
0.12
0.16
0.12
0.08
0.04
0.04
0.08
0.08
0.12
0.12
0.08
0.08
0.15
0.18
0.07
0.12
0.08
0.12
0.08
0.12
0.08
0.12
0.08
0.08
0.12
0.08
0.12
0.07
0.11
0.12
0.15
0.45
0.42
0.07
0.03
0.38
0.45
0.38
0.27
0.04
0.23
0.29
0.07
0.61
0.49
0.23
0.04
0.04
0.12
0.12
0.16
0.87
0.50
0.19
1.53
0.89
0.79
0.90
0.12
0.20
0.12
0.08
0.16
0.12
0.08
0.08
0.16
0.12
0.16
0.25
0.16
0.12
0.12
0.20
0.04
0.16
0.20
0.08
0.08
0.08
0.08
0.12
0.12
0.04
0.04
0.08
0.12
0.12
0.25
0.12
0.04
0.04
0.12
0.12
0.04
0.04
0.04
0.08
0.20
0.16
0.16
0.20
0.04
0.12
0.04
0.04
0.04
0.04
0.04
0.08
0.12
0.12
0.12
0.29
0.25
0.08
0.08
0.12
0.12
0.12
0.08
0.08
0.08
0.04
0.16
0.08
0.12
0.04
0.12
0.08
0.12
0.16
0.20
0.08
0.12
0.08
0.16
0.20
0.12
0.12
0.16
0.08
0.12
0.20
0.16
0.16
0.25
0.20
0.20
0.29
