GUESS    :MOVING_SM
STARTTIME:1289207252407
ENDTIME  :1289207267067
LOCALSPD :-1.0
LONGSPD  :-1.0
LOCATION :Location[mProvider=network,mTime=1289207215915,mLatitude=55.78251023,mLongitude=12.51395238,mHasAltitude=false,mAltitude=0.0,mHasSpeed=false,mSpeed=0.0,mHasBearing=false,mBearing=0.0,mHasAccuracy=true,mAccuracy=53.0,mExtras=Bundle[mParcelledData.dataSize=148]]
ADDRESS :

0.08
0.15
0.16
0.04
0.16
0.12
0.08
0.12
0.20
0.08
0.12
0.12
0.04
0.16
0.25
0.12
0.12
0.04
0.08
0.08
0.04
0.08
0.08
0.08
0.04
0.04
0.12
0.12
0.20
0.12
0.08
0.07
0.12
0.10
0.10
0.04
0.07
0.03
0.03
0.03
0.03
0.05
0.05
0.05
0.03
0.10
0.20
0.14
0.18
0.15
0.10
0.03
0.07
0.04
0.04
0.04
0.04
0.04
0.04
0.04
0.04
0.04
0.04
0.12
0.08
0.12
0.08
0.08
0.16
0.04
0.04
0.04
0.08
0.08
0.12
0.04
0.04
0.12
0.16
0.15
0.03
0.04
0.04
0.08
0.12
0.08
0.11
0.11
0.08
0.04
0.12
0.08
0.04
0.04
0.11
0.19
0.04
0.12
0.04
0.04
0.12
0.08
0.12
0.12
0.08
0.08
0.12
0.08
0.08
0.08
0.08
0.04
0.12
0.12
0.04
0.08
0.08
0.12
0.16
0.20
0.12
0.12
0.04
0.08
0.08
0.04
0.08
0.16
0.04
0.04
0.04
0.08
0.04
0.12
0.04
0.19
0.23
0.04
0.04
0.04
0.12
0.12
0.08
0.04
0.04
0.12
0.20
0.08
0.08
0.08
0.08
0.12
0.20
0.08
0.04
0.12
0.12
0.08
0.04
0.12
0.04
0.08
0.12
0.16
0.08
0.19
0.19
0.57
1.99
5.67
4.66
2.34
0.99
1.69
1.61
2.97
2.41
4.44
2.38
1.76
2.72
3.79
1.35
3.23
2.66
1.05
0.16
0.49
0.78
0.76
0.12
0.19
0.42
0.31
0.23
0.27
0.27
0.19
0.12
0.20
0.19
0.08
0.12
0.16
0.69
0.76
0.38
0.84
0.61
0.37
0.60
0.42
0.20
0.57
0.37
0.15
0.04
0.15
0.12
0.11
0.59
0.74
0.20
0.11
0.11
0.07
0.08
0.15
0.11
0.04
0.04
0.19
0.23
0.04
0.11
0.11
0.11
0.11
0.07
0.07
0.04
0.11
0.08
0.11
0.11
0.89
1.40
0.45
0.80
0.12
0.57
1.18
0.68
0.19
0.29
0.54
