GUESS    :IDLE
STARTTIME:1288261946810
ENDTIME  :1288261961499
LOCALSPD :0.0
LONGSPD  :-1.0
LOCATION :Location[mProvider=network,mTime=1288261939450,mLatitude=55.78249398571428,mLongitude=12.514066999999999,mHasAltitude=false,mAltitude=0.0,mHasSpeed=false,mSpeed=0.0,mHasBearing=false,mBearing=0.0,mHasAccuracy=true,mAccuracy=53.0,mExtras=Bundle[mParcelledData.dataSize=148]]
ADDRESS :

0.16
0.08
0.12
0.04
0.04
0.08
0.08
0.04
0.12
0.08
0.08
0.08
0.12
0.04
0.16
0.12
0.12
0.08
0.04
0.16
0.12
0.12
0.12
0.12
0.08
0.04
0.04
0.16
0.16
0.08
0.12
0.08
0.08
0.08
0.08
0.08
0.08
0.12
0.08
0.04
0.04
0.08
0.08
0.12
0.04
0.04
0.04
0.04
0.08
0.16
0.08
0.08
0.12
0.12
0.04
0.04
0.04
0.08
0.12
0.12
0.08
0.04
0.04
0.12
0.08
0.12
0.08
0.08
0.04
0.12
0.16
0.08
0.08
0.12
0.12
0.08
0.12
0.12
0.16
0.08
0.08
0.12
0.04
0.12
0.20
0.08
0.08
0.16
0.08
0.08
0.04
0.04
0.04
0.08
0.16
0.08
0.08
0.12
0.12
0.16
0.04
0.08
0.04
0.12
0.04
0.12
0.04
0.08
0.11
0.19
0.12
0.08
0.04
0.04
0.16
0.12
0.04
0.16
0.08
0.08
0.12
0.04
0.12
0.08
0.12
0.12
0.12
0.08
0.08
0.04
0.04
0.04
0.12
0.12
0.08
0.04
0.08
0.04
0.04
0.04
0.08
0.08
0.15
0.07
0.20
0.12
0.04
0.15
0.15
0.12
0.12
0.12
0.08
0.04
0.08
0.08
0.04
0.16
0.16
0.11
0.11
0.12
0.16
0.12
0.04
0.08
0.08
0.16
0.08
0.16
0.04
0.08
0.04
0.08
0.04
0.08
0.07
0.07
0.07
0.11
0.16
0.04
0.12
0.08
0.04
0.04
0.15
0.19
0.08
0.08
0.04
0.04
0.08
0.04
0.04
0.08
0.12
0.08
0.16
0.12
0.50
1.20
0.89
0.49
0.76
0.39
0.50
0.46
0.42
0.39
0.29
0.44
0.19
0.07
0.44
0.18
0.46
0.22
0.31
0.30
0.30
0.26
0.26
0.35
0.15
0.20
0.23
0.27
0.25
0.25
0.26
0.14
0.29
0.12
0.20
0.15
0.15
0.25
0.16
0.23
0.23
0.23
0.19
0.16
0.12
0.08
0.12
0.12
0.12
0.08
0.12
0.04
0.12
0.08
0.16
0.16
