GUESS    :MOVING_ME
STARTTIME:1290454139504
ENDTIME  :1290454153259
LOCALSPD :7.4062276
LONGSPD  :4.154259
LOCATION :Location[mProvider=network,mTime=1290454152148,mLatitude=55.808664,mLongitude=12.376,mHasAltitude=false,mAltitude=0.0,mHasSpeed=false,mSpeed=0.0,mHasBearing=false,mBearing=0.0,mHasAccuracy=true,mAccuracy=1058.0,mExtras=Bundle[mParcelledData.dataSize=148]]
ADDRESS :

1.77
2.93
4.40
5.42
4.74
3.75
2.68
0.65
1.88
1.76
1.24
2.60
3.09
3.79
5.37
4.25
1.91
2.18
5.01
4.90
6.25
5.28
3.47
1.29
0.69
0.57
2.18
2.30
1.50
1.65
2.45
2.66
2.08
1.97
1.10
2.36
2.60
3.06
2.87
3.01
1.76
0.91
0.61
1.73
1.04
0.69
1.33
1.21
4.40
6.89
7.63
8.21
7.35
4.06
2.33
2.40
3.55
6.28
7.07
4.36
1.95
1.05
2.44
2.72
2.14
2.53
1.58
0.97
2.49
3.46
2.89
2.87
3.45
2.94
3.09
2.96
2.30
1.53
1.18
2.47
3.01
2.75
0.59
2.96
3.32
3.21
3.72
4.75
5.22
5.34
4.37
5.03
6.43
5.72
4.88
3.87
3.57
4.63
5.05
5.09
4.97
2.83
0.87
3.06
2.78
3.16
2.71
0.64
1.20
1.62
2.51
1.73
1.12
1.83
2.02
2.29
2.23
2.08
2.30
2.06
1.05
0.69
1.39
1.61
1.69
2.76
2.76
2.30
1.20
1.91
2.87
2.72
1.54
1.55
3.66
2.14
1.46
2.22
0.99
1.84
1.31
0.60
1.25
1.21
1.42
0.99
0.99
1.17
2.07
2.11
1.18
0.87
0.80
1.96
2.27
3.19
2.91
1.88
3.36
2.22
1.20
1.51
1.72
3.80
3.95
3.11
0.72
1.47
2.21
3.75
3.24
2.02
0.33
1.35
2.49
3.13
3.41
3.55
1.44
0.20
1.33
2.03
2.64
2.68
0.78
0.31
0.78
1.12
1.54
1.24
0.93
0.95
1.68
1.31
0.67
0.74
0.50
1.63
1.55
1.57
1.57
1.04
1.27
0.79
0.35
0.38
0.50
0.87
1.50
2.41
2.60
2.07
2.18
1.83
0.34
0.99
1.48
0.84
0.93
0.99
0.78
0.98
0.35
0.45
0.49
0.50
1.01
0.37
0.11
0.54
0.59
0.34
0.57
0.61
0.53
0.46
0.72
0.95
0.49
0.61
0.72
0.57
0.61
0.78
1.12
1.39
1.42
1.65
0.59
0.89
1.04
0.69
0.22
0.56
1.05
1.54
