GUESS    :MOVING_ME
STARTTIME:1290454348963
ENDTIME  :1290454363408
LOCALSPD :1.9139599
LONGSPD  :19.67741
LOCATION :Location[mProvider=network,mTime=1290454360203,mLatitude=55.838639,mLongitude=12.348842,mHasAltitude=false,mAltitude=0.0,mHasSpeed=false,mSpeed=0.0,mHasBearing=false,mBearing=0.0,mHasAccuracy=true,mAccuracy=1313.0,mExtras=Bundle[mParcelledData.dataSize=148]]
ADDRESS :

2.76
3.38
2.45
0.91
1.43
2.64
1.88
1.76
3.46
3.87
2.26
2.34
1.69
1.93
2.52
2.22
1.10
1.59
1.83
1.59
3.04
4.33
4.86
4.90
4.30
1.88
2.91
5.43
5.48
3.76
2.00
3.87
5.31
3.21
0.72
4.33
6.13
5.43
4.30
3.19
1.85
1.69
4.60
1.99
2.15
4.59
4.67
3.46
2.07
1.28
2.64
3.98
3.94
1.92
1.18
3.64
3.84
4.03
3.53
0.57
4.67
5.56
0.89
6.24
5.92
2.03
2.94
6.21
5.79
3.72
0.67
3.08
2.66
1.63
1.59
1.68
1.23
0.61
1.70
1.65
1.88
3.20
3.35
2.41
5.00
5.16
2.57
3.09
4.40
3.83
3.02
2.87
4.41
4.96
3.76
2.85
2.47
3.36
4.00
6.07
4.66
1.20
3.87
2.03
4.13
5.08
4.52
0.89
4.25
5.69
4.55
1.92
3.65
5.69
5.31
4.18
2.87
1.76
2.36
4.06
4.60
4.84
3.35
2.33
4.56
4.33
3.23
3.34
6.62
5.09
0.59
2.87
1.96
2.76
2.49
0.65
3.02
3.19
2.47
1.88
3.15
2.68
1.43
3.13
3.13
2.26
3.13
2.72
3.15
4.52
7.48
6.55
3.91
0.69
2.40
1.18
2.68
3.83
1.42
2.30
1.68
2.38
3.64
1.57
2.55
2.18
1.69
2.87
3.31
2.00
2.22
2.38
2.30
1.25
3.79
4.67
2.75
1.20
2.87
2.19
1.08
2.17
1.96
1.50
3.02
1.02
2.23
3.42
1.73
0.91
2.41
3.38
1.84
2.37
3.57
2.56
1.01
3.11
4.37
2.66
1.69
1.99
3.41
3.41
1.78
3.53
2.72
1.01
2.41
3.06
1.77
2.41
4.33
2.91
1.35
3.08
2.45
2.26
3.70
3.66
1.54
2.30
3.06
3.58
4.29
1.58
3.73
4.41
4.02
2.52
1.59
2.19
3.79
1.95
2.42
2.68
3.12
1.39
2.18
3.60
1.91
2.41
3.06
2.94
3.72
4.48
1.80
3.30
4.00
4.97
1.73
2.02
3.61
2.30
1.84
2.86
