GUESS    :MOVING_ME
STARTTIME:1290454421032
ENDTIME  :1290454435298
LOCALSPD :2.6596117
LONGSPD  :19.858309
LOCATION :Location[mProvider=network,mTime=1290454427669,mLatitude=55.8468645,mLongitude=12.335929499999999,mHasAltitude=false,mAltitude=0.0,mHasSpeed=false,mSpeed=0.0,mHasBearing=false,mBearing=0.0,mHasAccuracy=true,mAccuracy=1095.0,mExtras=Bundle[mParcelledData.dataSize=148]]
ADDRESS :

1.33
1.18
1.99
2.15
0.78
0.45
2.14
4.63
4.52
2.38
0.59
3.12
3.32
3.68
3.72
2.07
0.45
1.61
1.44
0.75
1.04
2.75
3.17
2.94
2.33
2.07
0.86
1.33
1.92
1.12
0.61
0.65
1.57
2.29
2.67
2.30
1.65
0.79
0.29
2.41
3.35
2.10
0.53
1.31
2.33
3.11
3.00
2.45
1.29
5.61
6.13
5.07
1.66
2.02
3.68
3.72
2.03
0.35
1.57
2.76
5.34
4.92
1.59
1.74
2.26
1.81
1.29
1.89
1.89
2.90
5.31
8.08
8.79
8.24
2.21
3.04
4.64
4.33
0.89
0.91
0.65
1.38
1.53
2.11
3.95
4.48
3.02
2.26
0.39
1.84
1.53
0.41
1.24
1.57
1.50
0.75
2.41
2.27
2.96
3.84
5.03
6.02
3.61
4.52
6.93
3.36
1.31
4.84
4.48
1.36
2.94
4.21
3.95
0.95
3.51
5.26
4.69
1.88
2.86
7.85
8.35
7.31
7.52
6.82
6.14
2.76
1.33
2.79
3.26
1.80
0.46
1.10
2.18
1.83
1.63
3.75
3.38
0.71
3.55
6.44
6.55
4.06
2.10
2.14
1.18
0.26
1.16
1.63
0.76
1.84
1.61
1.50
1.16
3.72
6.36
7.34
7.79
8.08
7.75
5.76
2.23
0.35
2.59
6.18
8.74
8.43
7.38
5.24
1.04
1.57
2.06
1.14
0.44
1.05
3.26
3.99
3.68
2.49
1.99
2.07
1.73
1.53
1.20
1.62
1.61
1.13
0.84
0.91
1.87
1.76
1.31
0.80
1.70
1.69
2.64
3.60
2.64
0.65
2.15
3.06
3.61
2.27
1.68
4.48
4.99
5.38
5.72
5.72
4.56
3.24
0.93
1.92
2.22
3.17
3.76
2.87
0.60
1.38
1.80
4.06
9.08
7.82
2.30
3.02
5.24
5.07
2.60
2.07
1.80
1.80
0.87
1.78
2.56
2.49
2.30
1.77
1.39
0.49
1.23
1.53
1.53
0.52
0.94
2.00
3.51
4.85
3.90
0.79
3.55
4.63
5.52
5.07
4.22
2.12
1.09
0.57
