GUESS    :MOVING_HI
STARTTIME:1290454923777
ENDTIME  :1290454937034
LOCALSPD :0.0
LONGSPD  :0.54214394
LOCATION :Location[mProvider=network,mTime=1290454927921,mLatitude=55.85601093333333,mLongitude=12.342244233333332,mHasAltitude=false,mAltitude=0.0,mHasSpeed=false,mSpeed=0.0,mHasBearing=false,mBearing=0.0,mHasAccuracy=true,mAccuracy=75.0,mExtras=Bundle[mParcelledData.dataSize=148]]
ADDRESS :

4.29
0.74
1.79
1.87
1.48
0.91
1.01
0.64
0.46
0.13
0.65
0.47
0.65
0.04
1.29
0.37
0.77
0.64
0.74
0.68
0.19
0.48
0.47
0.56
0.63
0.70
0.98
0.45
1.82
0.34
0.87
0.82
0.69
0.15
0.39
0.26
0.16
0.33
0.67
0.34
1.03
0.50
1.10
0.85
0.84
0.74
0.58
0.31
0.43
0.26
0.11
0.16
0.09
0.34
0.52
0.57
0.51
0.69
0.54
0.32
0.37
0.02
0.40
0.25
0.24
0.16
0.14
0.37
0.63
0.24
0.63
0.34
0.47
0.64
0.45
0.34
0.38
0.45
0.16
0.12
0.47
0.19
0.28
0.23
0.33
0.60
0.43
0.05
0.26
0.41
0.21
0.32
0.26
0.35
0.11
0.19
0.38
0.23
0.33
0.14
0.18
0.20
0.20
0.06
0.17
0.36
0.15
0.10
0.26
0.24
0.27
0.27
0.30
0.25
0.03
0.15
0.31
0.49
0.27
0.06
0.28
0.07
0.30
0.26
0.25
0.13
0.03
0.26
