GUESS    :MOVING_ME
STARTTIME:1290454950395
ENDTIME  :1290454964760
LOCALSPD :0.0
LONGSPD  :0.54214394
LOCATION :Location[mProvider=network,mTime=1290454927921,mLatitude=55.85601093333333,mLongitude=12.342244233333332,mHasAltitude=false,mAltitude=0.0,mHasSpeed=false,mSpeed=0.0,mHasBearing=false,mBearing=0.0,mHasAccuracy=true,mAccuracy=75.0,mExtras=Bundle[mParcelledData.dataSize=148]]
ADDRESS :

2.58
3.28
1.83
0.48
0.17
0.31
0.30
0.71
0.90
0.67
0.50
0.69
0.86
0.98
0.67
0.40
0.09
0.07
0.06
0.22
0.56
0.88
0.91
0.51
0.27
0.37
0.32
0.14
0.09
0.27
0.29
0.40
0.46
0.33
0.06
0.10
0.03
0.17
0.16
0.01
0.03
0.17
0.28
0.19
0.39
0.36
0.19
0.06
0.15
0.11
0.08
0.01
0.14
0.28
0.27
0.14
0.05
0.14
0.27
0.33
0.21
0.10
0.24
0.22
0.08
0.27
0.44
0.48
0.42
0.31
0.12
0.03
0.09
0.08
0.21
0.43
0.45
0.43
0.20
0.03
0.11
0.21
0.17
0.12
0.16
0.14
0.16
0.28
0.33
0.40
0.35
0.32
0.23
0.10
0.12
0.17
0.18
0.31
0.29
0.32
0.22
0.09
0.09
0.07
0.09
0.20
0.22
0.23
0.22
0.20
0.11
0.05
0.08
0.26
0.26
0.27
0.15
0.08
0.13
0.25
0.22
0.09
0.12
0.27
0.28
0.37
0.29
0.19
