GUESS    :MOVING_ME
STARTTIME:1290455701552
ENDTIME  :1290455715872
LOCALSPD :6.83549
LONGSPD  :9.721811
LOCATION :Location[mProvider=network,mTime=1290455707329,mLatitude=55.77881933333333,mLongitude=12.3792975,mHasAltitude=false,mAltitude=0.0,mHasSpeed=false,mSpeed=0.0,mHasBearing=false,mBearing=0.0,mHasAccuracy=true,mAccuracy=59.0,mExtras=Bundle[mParcelledData.dataSize=148]]
ADDRESS :

1.71
0.33
0.08
0.46
0.30
0.29
0.13
0.12
0.33
0.19
0.09
0.04
0.08
0.12
0.18
0.18
0.12
0.06
0.19
0.09
0.18
0.16
0.11
0.17
0.06
0.04
0.11
0.09
0.04
0.08
0.20
0.14
0.07
0.12
0.09
0.07
0.05
0.02
0.14
0.05
0.03
0.14
0.03
0.06
0.08
0.02
0.03
0.03
0.09
0.04
0.09
0.07
0.25
0.18
0.09
0.25
0.14
0.21
0.13
0.01
0.21
0.11
0.15
0.16
0.04
0.19
0.08
0.17
0.14
0.10
0.22
0.24
0.08
0.08
0.09
0.10
0.13
0.03
0.04
0.06
0.05
0.09
0.08
0.05
0.08
0.06
0.10
0.11
0.02
0.04
0.09
0.11
0.13
0.14
0.09
0.12
0.09
0.01
0.11
0.11
0.09
0.07
0.07
0.04
0.12
0.09
0.03
0.03
0.05
0.05
0.05
0.05
0.09
0.05
0.00
0.07
0.06
0.02
0.07
0.04
0.05
0.04
0.06
0.09
0.05
0.01
0.04
0.03
