GUESS    :MOVING_ME
STARTTIME:1290455758232
ENDTIME  :1290455772413
LOCALSPD :0.0
LONGSPD  :5.1476827
LOCATION :Location[mProvider=network,mTime=1290455764252,mLatitude=55.777805,mLongitude=12.364825,mHasAltitude=false,mAltitude=0.0,mHasSpeed=false,mSpeed=0.0,mHasBearing=false,mBearing=0.0,mHasAccuracy=true,mAccuracy=1430.0,mExtras=Bundle[mParcelledData.dataSize=148]]
ADDRESS :

1.93
0.44
1.11
0.42
0.36
0.42
0.33
0.51
0.37
0.66
0.53
0.26
0.36
0.16
0.10
0.35
0.14
0.14
0.16
0.39
0.12
0.21
0.17
0.19
0.15
0.21
0.27
0.19
0.35
0.20
0.22
0.16
0.21
0.10
0.19
0.16
0.15
0.07
0.07
0.14
0.08
0.12
0.06
0.05
0.08
0.08
0.08
0.04
0.05
0.13
0.03
0.09
0.08
0.15
0.12
0.05
0.08
0.22
0.11
0.22
0.04
0.10
0.13
0.14
0.09
0.25
0.13
0.05
0.20
0.15
0.18
0.15
0.17
0.07
0.08
0.11
0.14
0.13
0.11
0.08
0.09
0.08
0.09
0.20
0.11
0.10
0.14
0.05
0.09
0.15
0.08
0.06
0.07
0.09
0.04
0.09
0.04
0.03
0.08
0.06
0.03
0.09
0.04
0.06
0.02
0.06
0.07
0.04
0.04
0.10
0.04
0.04
0.05
0.02
0.06
0.02
0.05
0.04
0.02
0.05
0.01
0.05
0.03
0.03
0.05
0.05
0.03
0.04
