GUESS    :MOVING_ME
STARTTIME:1290455973783
ENDTIME  :1290455988134
LOCALSPD :10.412912
LONGSPD  :9.499908
LOCATION :Location[mProvider=network,mTime=1290455982153,mLatitude=55.7520742,mLongitude=12.3731704,mHasAltitude=false,mAltitude=0.0,mHasSpeed=false,mSpeed=0.0,mHasBearing=false,mBearing=0.0,mHasAccuracy=true,mAccuracy=65.0,mExtras=Bundle[mParcelledData.dataSize=148]]
ADDRESS :

2.68
3.06
1.16
1.18
2.04
1.51
1.35
0.68
2.63
1.25
1.27
0.91
1.62
1.10
1.72
2.56
1.91
3.54
1.25
3.01
4.90
1.39
2.68
6.17
4.13
3.75
3.45
1.48
2.26
1.99
1.10
1.21
0.97
1.23
1.16
1.38
0.89
1.21
1.08
0.54
2.25
3.11
1.95
1.02
1.80
1.73
0.49
1.54
3.64
1.59
1.27
0.84
1.46
3.11
6.70
10.27
13.03
15.30
12.38
6.82
3.83
5.95
3.88
7.85
5.37
3.68
6.29
3.92
3.90
3.38
1.54
2.45
2.42
1.89
2.30
5.68
7.18
5.45
2.79
0.26
1.88
0.80
1.95
2.67
0.86
1.84
2.02
0.83
1.43
1.47
0.46
1.18
0.76
1.27
1.12
3.02
2.79
0.95
1.80
2.38
0.41
3.34
2.41
1.31
3.90
3.60
1.91
1.55
1.58
0.69
1.18
0.99
1.85
1.72
1.39
2.00
2.85
2.76
4.67
1.69
2.90
3.34
2.93
0.80
3.79
6.99
7.64
6.44
7.25
6.86
2.86
3.06
7.64
3.62
3.30
6.05
6.71
5.22
3.98
3.66
2.64
1.84
1.58
2.15
2.91
1.02
4.45
5.49
2.57
2.79
3.72
7.03
8.92
8.81
7.08
3.64
1.73
1.91
6.09
4.59
1.78
6.35
9.28
6.52
0.95
5.00
4.14
0.97
2.34
0.53
1.24
2.32
2.55
0.84
2.38
3.61
4.90
4.32
2.34
0.59
2.26
1.12
1.35
3.11
4.86
6.29
6.82
5.71
3.17
0.59
3.68
4.86
4.29
1.65
1.38
4.13
3.01
0.91
0.67
0.86
1.89
1.09
0.75
3.05
3.76
1.80
2.07
2.76
2.07
2.75
3.16
2.37
1.57
0.61
1.72
0.74
1.21
0.72
2.67
4.09
3.94
3.80
1.85
0.99
1.18
2.76
2.00
1.08
1.29
0.95
1.72
1.72
0.76
2.34
2.10
0.90
1.01
1.92
1.50
0.91
2.04
0.82
1.77
3.98
4.10
2.23
3.34
6.91
7.27
7.46
2.45
3.36
3.75
0.69
4.18
4.39
