GUESS    :MOVING_ME
STARTTIME:1290456016646
ENDTIME  :1290456030935
LOCALSPD :10.777027
LONGSPD  :8.634063
LOCATION :Location[mProvider=network,mTime=1290456022544,mLatitude=55.75116965,mLongitude=12.377513650000001,mHasAltitude=false,mAltitude=0.0,mHasSpeed=false,mSpeed=0.0,mHasBearing=false,mBearing=0.0,mHasAccuracy=true,mAccuracy=60.0,mExtras=Bundle[mParcelledData.dataSize=148]]
ADDRESS :

0.74
1.35
0.71
0.34
0.68
0.72
0.84
0.72
0.60
0.97
1.65
0.69
0.65
1.08
1.96
1.61
1.76
1.65
1.16
0.59
1.24
1.74
1.51
1.46
1.51
1.69
2.36
2.37
1.87
2.40
1.18
2.44
1.70
1.63
2.21
1.99
0.84
1.35
1.23
1.01
1.12
0.76
1.48
0.75
0.86
0.45
1.18
0.86
0.69
1.12
1.53
2.33
0.91
4.89
2.74
1.89
2.08
5.69
3.81
6.09
3.99
2.81
0.86
3.85
3.02
2.41
1.99
1.35
0.27
1.92
3.57
2.06
1.24
2.56
2.56
3.47
3.23
2.36
1.88
0.60
2.29
0.82
1.59
1.48
0.12
0.60
2.27
1.92
1.08
2.41
1.66
0.72
1.27
1.47
1.04
0.93
1.77
0.72
1.44
1.80
0.56
1.42
0.68
0.69
1.73
0.97
0.35
0.84
0.89
0.99
3.91
2.60
0.69
0.93
4.29
2.70
0.19
0.89
0.38
3.17
3.17
0.86
2.68
4.99
4.34
1.87
2.63
3.55
1.76
2.23
3.36
2.19
2.03
3.02
1.50
1.51
1.63
3.53
1.76
1.95
0.99
1.21
2.21
3.76
0.71
1.91
3.36
2.26
0.91
2.87
3.30
0.68
2.53
2.78
1.93
2.94
3.36
1.74
1.36
1.20
3.55
4.32
3.02
2.74
2.23
2.03
5.13
5.61
5.64
5.31
2.94
2.25
1.25
1.18
2.66
3.19
2.37
0.91
2.41
1.93
1.81
3.42
1.14
3.69
3.19
4.07
4.11
1.57
2.41
4.00
5.82
3.39
1.48
6.14
2.72
2.64
1.99
4.86
4.60
4.99
2.79
1.27
2.29
4.34
3.26
2.11
2.11
0.97
4.05
4.69
4.84
3.83
1.48
1.69
1.48
1.31
0.90
1.46
3.26
1.65
2.55
2.78
2.41
0.97
3.28
2.22
1.12
2.30
1.40
1.42
1.24
2.19
1.16
4.11
2.78
1.20
1.99
3.11
2.75
3.83
3.34
2.75
1.18
0.39
1.23
0.64
1.38
0.94
2.14
1.50
0.53
3.06
2.72
0.93
2.26
2.59
