GUESS    :MOVING_ME
STARTTIME:1290456059790
ENDTIME  :1290456074413
LOCALSPD :0.0
LONGSPD  :7.83829
LOCATION :Location[mProvider=network,mTime=1290456067616,mLatitude=55.7503176,mLongitude=12.3775279,mHasAltitude=false,mAltitude=0.0,mHasSpeed=false,mSpeed=0.0,mHasBearing=false,mBearing=0.0,mHasAccuracy=true,mAccuracy=75.0,mExtras=Bundle[mParcelledData.dataSize=148]]
ADDRESS :

2.65
1.22
0.92
0.04
0.65
0.35
0.29
0.29
0.21
0.14
0.07
0.27
0.18
0.19
0.24
0.06
0.18
0.29
0.12
0.02
0.04
0.24
0.17
0.06
0.11
0.09
0.15
0.04
0.06
0.16
0.14
0.15
0.14
0.21
0.06
0.03
0.09
0.04
0.09
0.09
0.12
0.08
0.29
0.28
0.27
0.24
0.34
0.16
0.27
0.45
0.16
0.17
0.13
0.21
0.20
0.21
0.02
0.11
0.04
0.05
0.09
0.12
0.16
0.28
0.19
0.05
0.16
0.10
0.12
0.17
0.08
0.20
0.20
0.09
0.22
0.14
0.14
0.12
0.25
0.14
0.26
0.11
0.15
0.01
0.29
0.13
0.31
0.21
0.13
0.22
0.03
0.16
0.10
0.06
0.24
0.04
0.14
0.19
0.13
0.12
0.09
0.08
0.05
0.16
0.03
0.09
0.12
0.04
0.04
0.05
0.12
0.12
0.02
0.09
0.14
0.04
0.14
0.08
0.06
0.07
0.12
0.11
0.19
0.20
0.18
0.16
0.12
0.14
