GUESS    :MOVING_ME
STARTTIME:1290453217476
ENDTIME  :1290453231785
LOCALSPD :0.0
LONGSPD  :6.0849333
LOCATION :Location[mProvider=network,mTime=1290453219194,mLatitude=55.777805,mLongitude=12.364825,mHasAltitude=false,mAltitude=0.0,mHasSpeed=false,mSpeed=0.0,mHasBearing=false,mBearing=0.0,mHasAccuracy=true,mAccuracy=1430.0,mExtras=Bundle[mParcelledData.dataSize=148]]
ADDRESS :

0.83
1.13
0.87
1.63
4.29
5.60
3.91
2.33
1.16
1.72
4.52
8.62
9.86
7.53
1.48
5.84
8.44
9.53
8.85
2.59
3.58
5.56
3.64
2.53
3.99
3.64
3.58
3.55
2.83
1.99
2.38
1.35
1.20
1.38
0.93
1.96
1.96
1.91
2.07
3.36
3.21
3.91
0.83
2.52
2.26
0.69
1.58
2.23
0.80
1.66
2.02
1.66
1.69
1.77
0.26
1.43
1.39
1.12
2.07
1.38
1.73
2.72
2.52
2.41
1.57
1.76
2.26
0.72
1.50
1.12
1.14
2.03
1.87
0.38
2.40
3.08
2.87
2.00
0.45
0.74
1.06
2.45
2.11
0.91
0.91
2.36
2.97
2.22
1.10
0.19
1.06
1.73
1.05
1.06
0.46
1.12
1.44
1.28
0.97
2.26
2.64
2.57
1.25
0.83
1.04
0.74
2.45
1.46
1.12
2.53
2.00
1.93
1.72
0.54
1.42
1.53
1.38
0.84
0.60
0.20
0.59
0.86
0.98
1.17
0.98
0.67
0.39
0.42
0.68
0.42
0.87
0.86
0.69
0.31
0.30
0.49
0.87
1.08
1.08
1.42
0.56
0.42
0.65
0.86
0.57
0.53
0.08
0.26
0.34
0.30
0.42
1.18
0.99
0.23
0.69
1.10
0.68
0.39
0.46
1.09
0.95
0.76
1.20
0.72
0.50
1.73
1.14
0.80
0.42
1.73
2.68
1.78
1.36
0.50
1.23
0.80
0.84
0.57
1.08
1.74
1.96
0.64
0.54
0.91
1.48
0.76
1.16
1.65
0.91
1.35
2.06
3.49
3.81
0.87
2.40
2.75
1.95
0.72
1.24
2.30
2.60
1.31
0.23
0.78
1.20
0.84
0.54
0.63
0.74
0.42
0.30
0.65
0.50
0.65
1.74
2.56
1.32
1.96
1.89
0.53
2.27
3.12
2.10
1.47
1.81
2.34
3.31
1.18
2.26
3.30
1.54
2.37
3.30
3.00
2.49
2.19
5.01
6.05
7.12
7.76
4.70
1.16
5.41
4.33
1.62
2.34
5.52
6.66
3.95
0.91
3.62
4.45
2.60
0.82
2.38
2.90
