GUESS    :MOVING_SM
STARTTIME:1290453487544
ENDTIME  :1290453501371
LOCALSPD :0.34462222
LONGSPD  :6.7491364
LOCATION :Location[mProvider=network,mTime=1290453492229,mLatitude=55.784342387500004,mLongitude=12.37306885,mHasAltitude=false,mAltitude=0.0,mHasSpeed=false,mSpeed=0.0,mHasBearing=false,mBearing=0.0,mHasAccuracy=true,mAccuracy=48.0,mExtras=Bundle[mParcelledData.dataSize=148]]
ADDRESS :

0.23
0.18
0.35
0.42
0.42
0.41
0.20
0.27
0.16
0.23
0.23
0.25
0.34
0.22
0.41
0.30
0.15
0.27
0.26
0.31
0.31
0.23
0.11
0.41
0.34
0.34
0.45
0.26
0.37
0.26
0.16
0.34
0.34
0.29
0.14
0.50
0.49
0.26
0.26
0.45
0.30
0.23
0.19
0.12
0.27
0.31
0.25
0.16
0.19
0.11
0.42
0.39
0.27
0.20
0.39
0.07
0.08
0.30
0.26
0.38
0.38
0.12
0.45
0.20
0.27
0.30
0.46
0.44
0.34
0.12
0.38
0.60
0.50
0.34
0.27
0.37
0.60
0.53
0.37
0.16
0.65
0.08
0.56
0.18
0.34
0.50
0.49
0.29
0.19
0.30
0.42
0.37
0.26
0.27
0.44
0.39
0.16
0.49
0.53
0.27
0.16
0.15
0.44
0.22
0.30
0.18
0.29
0.34
0.22
0.18
0.22
0.45
0.26
0.23
0.26
0.33
0.53
0.31
0.53
0.45
0.16
0.33
0.56
0.49
0.52
0.41
0.18
0.20
0.38
0.49
0.57
0.49
0.14
0.34
0.54
0.45
0.34
0.53
0.23
0.64
0.49
0.25
0.19
0.23
0.53
0.37
0.12
0.19
0.31
0.44
0.44
0.39
0.27
0.31
0.42
0.23
0.42
0.35
0.23
0.11
0.29
0.27
0.15
0.25
0.52
0.15
0.30
0.59
0.49
0.64
0.31
0.59
0.42
0.53
0.76
0.27
0.37
0.79
0.87
0.68
0.22
0.31
1.01
1.12
0.99
1.84
1.53
1.12
1.27
1.40
0.95
1.04
1.31
1.13
1.10
1.58
1.02
1.31
1.31
0.72
0.94
1.21
1.42
0.63
0.60
1.21
1.72
1.06
0.87
0.30
0.95
2.02
1.74
0.61
1.50
2.00
2.12
2.62
0.80
2.87
3.60
2.64
0.65
2.52
3.73
2.18
0.49
1.72
2.37
1.14
1.27
2.47
2.26
1.61
1.38
3.30
2.53
2.34
1.28
2.26
0.91
1.08
2.14
1.76
0.98
3.83
2.18
1.02
3.55
2.03
1.09
2.29
2.72
1.73
0.82
1.70
