GUESS    :MOVING_SM
STARTTIME:1288964293462
ENDTIME  :1288964307985
LOCALSPD :-1.0
LONGSPD  :-1.0
LOCATION :Location[mProvider=network,mTime=1288964301501,mLatitude=55.78251023,mLongitude=12.51395238,mHasAltitude=false,mAltitude=0.0,mHasSpeed=false,mSpeed=0.0,mHasBearing=false,mBearing=0.0,mHasAccuracy=true,mAccuracy=53.0,mExtras=Bundle[mParcelledData.dataSize=148]]
ADDRESS :

1.24
0.61
1.50
0.62
0.97
0.65
0.71
0.71
0.52
0.55
0.52
0.34
0.66
0.31
0.67
0.19
0.57
0.08
0.46
0.20
0.41
0.22
0.47
0.12
0.55
0.09
0.38
0.15
0.24
0.17
0.11
0.13
0.18
0.08
0.26
0.19
0.27
0.13
0.24
0.11
0.06
0.07
0.12
0.14
0.13
0.15
0.17
0.14
0.15
0.15
0.09
0.07
0.15
0.09
0.14
0.18
0.05
0.19
0.14
0.25
0.18
0.12
0.23
0.08
0.22
0.18
0.17
0.24
0.08
0.21
0.14
0.20
0.23
0.17
0.19
0.01
0.21
0.12
0.10
0.13
0.05
0.16
0.17
0.15
0.21
0.08
0.13
0.04
0.02
0.12
0.13
0.22
0.13
0.14
0.18
0.08
0.18
0.04
0.13
0.05
0.03
0.10
0.12
0.13
0.21
0.15
0.22
0.07
0.09
0.08
0.11
0.19
0.21
0.26
0.20
0.17
0.15
0.12
0.10
0.19
0.10
0.25
0.10
0.16
0.07
0.15
0.13
0.07
