GUESS    :MOVING_SM
STARTTIME:1289390402278
ENDTIME  :1289390416568
LOCALSPD :-1.0
LONGSPD  :-1.0
LOCATION :Location[mProvider=network,mTime=1289390368372,mLatitude=55.782458410000004,mLongitude=12.513949960000001,mHasAltitude=false,mAltitude=0.0,mHasSpeed=false,mSpeed=0.0,mHasBearing=false,mBearing=0.0,mHasAccuracy=true,mAccuracy=53.0,mExtras=Bundle[mParcelledData.dataSize=148]]
ADDRESS :

16.74
0.45
0.80
1.40
1.48
1.33
1.23
1.73
2.83
0.97
0.99
1.06
1.99
1.96
0.84
0.60
1.78
0.87
1.78
1.65
0.61
1.14
2.23
1.50
1.62
2.23
1.31
0.79
0.65
0.94
1.40
1.38
0.93
1.14
3.00
1.20
2.67
2.63
0.84
0.34
1.87
0.38
0.89
1.04
1.53
1.58
1.53
2.49
2.33
4.63
5.35
2.10
3.34
5.24
3.05
2.64
5.78
2.66
2.26
2.15
0.80
1.31
1.04
0.46
0.72
0.19
0.60
0.64
0.67
1.01
0.31
0.69
1.89
1.48
0.80
0.74
1.25
1.42
1.08
0.76
0.89
0.78
1.42
1.14
0.80
0.74
1.09
1.20
1.35
1.16
0.44
1.08
1.02
0.84
0.53
1.10
0.63
0.75
0.25
0.76
0.72
0.83
0.89
0.78
0.76
1.20
0.65
0.89
1.74
1.14
1.16
0.83
1.04
0.59
1.35
1.63
0.83
0.93
1.31
1.13
0.35
0.57
0.50
0.23
0.57
0.93
0.83
0.69
1.47
1.33
2.56
1.33
1.39
1.14
1.40
0.69
1.48
1.61
1.09
0.59
1.17
0.50
0.46
0.46
0.38
0.79
0.50
0.45
0.33
0.27
0.38
0.34
0.27
0.84
0.53
0.15
0.99
3.31
3.87
2.85
0.72
1.47
2.11
3.70
3.85
1.61
1.44
1.74
0.99
2.52
0.95
0.49
0.99
0.97
1.01
0.84
0.95
0.25
1.31
1.44
2.70
2.04
0.99
1.35
0.71
0.87
1.39
0.65
0.31
0.57
0.69
1.72
1.18
0.53
0.39
0.46
0.46
0.49
0.48
0.59
0.29
0.56
0.41
0.61
0.72
0.12
0.49
0.26
0.30
0.37
0.63
0.38
0.15
0.57
0.57
0.78
0.30
0.68
0.69
0.76
0.15
2.34
1.61
0.95
1.18
0.61
0.95
0.68
0.30
0.15
0.12
0.46
0.11
0.38
0.30
0.45
0.52
0.50
0.19
1.14
0.42
1.53
0.50
0.31
0.30
0.19
0.30
0.42
0.79
0.42
0.31
0.18
0.04
0.08
0.11
0.23
