GUESS    :MOVING_SM
STARTTIME:1289390431469
ENDTIME  :1289390446348
LOCALSPD :0.0
LONGSPD  :-1.0
LOCATION :Location[mProvider=network,mTime=1289390417402,mLatitude=55.78249719,mLongitude=12.513933250000001,mHasAltitude=false,mAltitude=0.0,mHasSpeed=false,mSpeed=0.0,mHasBearing=false,mBearing=0.0,mHasAccuracy=true,mAccuracy=53.0,mExtras=Bundle[mParcelledData.dataSize=148]]
ADDRESS :

0.34
0.30
0.19
0.35
0.15
0.18
0.35
0.39
0.22
0.08
0.19
0.07
0.14
0.22
0.12
0.15
0.14
0.12
0.15
0.15
0.15
0.15
0.07
0.12
0.19
0.07
0.04
0.14
0.15
0.27
0.16
0.27
0.08
0.08
0.15
0.12
0.14
0.22
0.42
0.16
0.14
0.08
0.15
0.07
0.07
0.22
0.34
0.08
0.11
0.22
0.08
0.22
0.08
0.04
0.07
0.07
0.04
0.19
0.15
0.26
0.22
0.04
0.15
0.07
0.07
0.15
0.19
0.19
0.08
0.12
0.15
0.12
0.20
0.34
0.29
0.04
0.12
0.04
0.11
0.08
0.15
0.38
0.15
0.16
0.19
0.15
0.08
0.20
0.08
0.07
0.08
0.07
0.08
0.07
0.12
0.04
0.16
0.16
0.11
0.19
0.18
0.15
0.65
0.60
0.07
0.46
0.53
0.26
0.42
0.35
0.65
0.57
0.38
0.22
0.25
0.23
0.26
0.45
0.75
0.34
0.50
0.26
0.22
0.89
1.54
0.65
1.02
1.23
1.33
0.79
0.57
2.60
1.29
0.38
0.45
0.20
0.37
0.35
0.22
0.53
0.42
0.19
0.30
0.11
0.12
0.23
0.27
0.27
0.18
0.16
0.29
0.27
0.10
0.07
0.25
0.41
0.18
0.19
0.19
0.16
0.11
0.19
0.19
0.25
0.12
0.33
0.20
0.12
0.12
0.11
0.19
0.14
0.23
0.31
0.38
0.38
0.65
0.42
0.31
0.42
0.11
1.13
2.00
0.87
0.60
1.27
1.88
2.30
1.04
0.53
1.95
0.79
0.69
0.75
0.76
0.29
0.80
1.04
0.61
0.78
0.35
0.46
0.38
1.02
0.44
0.34
0.11
0.30
0.31
0.46
0.16
0.25
0.29
0.69
0.15
0.27
0.68
0.20
0.23
0.61
0.12
0.37
0.30
0.38
0.38
0.08
0.15
0.22
0.19
0.34
0.35
0.26
0.79
0.27
0.59
0.20
0.31
0.59
0.44
0.76
0.33
0.65
0.68
0.41
0.38
0.19
0.11
0.34
0.11
0.26
0.23
0.30
0.16
0.16
0.08
0.26
