GUESS    :IDLE
STARTTIME:1289715152865
ENDTIME  :1289715168724
LOCALSPD :0.0
LONGSPD  :-1.0
LOCATION :Location[mProvider=network,mTime=1289715131726,mLatitude=55.74955052,mLongitude=12.376701180000001,mHasAltitude=false,mAltitude=0.0,mHasSpeed=false,mSpeed=0.0,mHasBearing=false,mBearing=0.0,mHasAccuracy=true,mAccuracy=50.0,mExtras=Bundle[mParcelledData.dataSize=148]]
ADDRESS :

0.04
0.07
0.15
0.04
0.04
0.07
0.11
0.04
0.08
0.04
0.04
0.07
0.07
0.04
0.12
0.16
0.08
0.12
0.12
0.04
0.08
0.07
0.07
0.04
0.11
0.15
0.08
0.04
0.08
0.08
0.08
0.08
0.11
0.07
0.12
0.07
0.11
0.08
0.03
0.07
0.12
0.08
0.08
0.07
0.07
0.12
0.08
0.11
0.07
0.14
0.04
0.08
0.12
0.12
0.08
0.12
0.03
0.07
0.11
0.11
0.12
0.12
0.12
0.08
0.08
0.08
0.12
0.08
0.12
0.04
0.04
0.08
0.12
0.16
0.08
0.08
0.19
0.07
0.03
0.07
0.08
0.08
0.15
0.11
0.04
0.04
0.08
0.03
0.11
0.08
0.07
0.19
0.04
0.08
0.20
0.08
0.08
0.08
0.04
0.04
0.08
0.08
0.08
0.08
0.08
0.12
0.04
0.08
0.15
0.15
0.04
0.12
0.12
0.16
0.04
0.08
0.16
0.08
0.04
0.08
0.08
0.08
0.08
0.12
0.04
0.12
0.16
0.20
0.04
0.08
0.08
0.12
0.08
0.12
0.12
0.08
0.12
0.08
0.04
0.04
0.04
0.04
0.15
0.27
0.20
0.08
0.08
0.04
0.04
0.12
0.08
0.11
0.11
0.04
0.08
0.04
0.16
0.11
0.11
0.08
0.11
0.07
0.08
0.12
0.04
0.08
0.08
0.04
0.12
0.08
0.12
0.08
0.08
0.08
0.08
0.04
0.08
0.08
0.04
0.08
0.04
0.16
0.16
0.12
0.04
0.16
0.16
0.08
0.04
0.08
0.08
0.08
0.20
0.08
0.04
0.04
0.12
0.08
0.04
0.04
0.08
0.12
0.04
0.12
0.08
0.08
0.04
0.12
0.04
0.16
0.16
0.08
0.12
0.12
0.04
0.08
0.08
0.04
0.04
0.04
0.08
0.08
0.08
0.08
0.08
0.04
0.08
0.08
0.04
0.04
0.04
0.08
0.04
0.04
0.08
0.12
0.20
0.12
0.04
0.08
0.12
0.12
0.08
0.16
0.07
0.07
0.04
0.04
0.08
0.04
0.04
0.08
0.08
0.12
0.08
0.12
