GUESS    :IDLE
STARTTIME:1288698055843
ENDTIME  :1288698069062
LOCALSPD :0.0
LONGSPD  :0.0
LOCATION :Location[mProvider=network,mTime=1288698048243,mLatitude=55.78269645,mLongitude=12.513111850000001,mHasAltitude=false,mAltitude=0.0,mHasSpeed=false,mSpeed=0.0,mHasBearing=false,mBearing=0.0,mHasAccuracy=true,mAccuracy=88.0,mExtras=Bundle[mParcelledData.dataSize=148]]
ADDRESS :

0.14
0.03
0.05
0.04
0.04
0.03
0.03
0.04
0.02
0.02
0.02
0.01
0.01
0.01
0.02
0.01
0.01
0.01
0.02
0.02
0.01
0.02
0.01
0.02
0.01
0.01
0.01
0.00
0.01
0.01
0.00
0.01
0.01
0.02
0.02
0.02
0.02
0.02
0.01
0.01
0.02
0.02
0.02
0.01
0.01
0.01
0.02
0.02
0.00
0.01
0.01
0.02
0.01
0.01
0.01
0.01
0.01
0.01
0.01
0.01
0.02
0.01
0.01
0.01
0.01
0.02
0.01
0.01
0.00
0.02
0.01
0.01
0.01
0.01
0.01
0.00
0.00
0.00
0.00
0.01
0.00
0.01
0.01
0.01
0.02
0.01
0.01
0.01
0.01
0.01
0.01
0.00
0.00
0.01
0.01
0.00
0.00
0.01
0.00
0.01
0.00
0.00
0.00
0.01
0.01
0.01
0.01
0.01
0.00
0.01
0.00
0.01
0.00
0.01
0.00
0.01
0.01
0.00
0.01
0.01
0.00
0.01
0.00
0.01
0.00
0.01
0.00
0.00
