GUESS    :MOVING_HI
STARTTIME:1288697169734
ENDTIME  :1288697183582
LOCALSPD :0.0
LONGSPD  :0.0
LOCATION :Location[mProvider=network,mTime=1288697143537,mLatitude=55.782807825000006,mLongitude=12.5130698,mHasAltitude=false,mAltitude=0.0,mHasSpeed=false,mSpeed=0.0,mHasBearing=false,mBearing=0.0,mHasAccuracy=true,mAccuracy=88.0,mExtras=Bundle[mParcelledData.dataSize=148]]
ADDRESS :

3.17
3.21
0.57
1.08
0.17
0.31
0.30
0.48
0.16
0.49
0.14
1.47
2.00
1.11
0.18
0.62
0.33
0.11
0.26
0.38
0.35
0.37
0.38
0.72
1.29
0.54
0.33
0.33
0.21
0.29
0.16
0.34
0.24
0.29
0.24
0.33
0.56
0.40
0.23
0.20
0.14
0.26
0.21
0.41
0.55
0.53
0.39
0.03
0.09
0.14
0.46
0.66
0.42
0.06
0.11
0.37
0.40
0.41
0.24
0.13
0.31
0.25
0.16
0.18
0.29
0.13
0.16
0.02
0.41
0.28
0.13
0.10
0.14
0.26
0.42
0.56
0.25
0.24
0.26
0.14
0.08
0.11
0.11
0.02
0.21
0.25
0.37
0.33
0.07
0.16
0.14
0.12
0.17
0.26
0.09
0.30
0.33
0.12
0.35
0.17
0.30
0.39
0.35
0.24
0.29
0.32
0.18
0.34
0.34
0.31
0.10
0.09
0.19
0.31
0.36
0.30
0.38
0.34
0.18
0.31
0.39
0.34
0.09
0.25
0.36
0.32
0.23
0.43
