GUESS    :WALKING
STARTTIME:1288696774746
ENDTIME  :1288696788642
LOCALSPD :0.0
LONGSPD  :-1.0
LOCATION :Location[mProvider=network,mTime=1288696783027,mLatitude=55.7822674,mLongitude=12.5139548,mHasAltitude=false,mAltitude=0.0,mHasSpeed=false,mSpeed=0.0,mHasBearing=false,mBearing=0.0,mHasAccuracy=true,mAccuracy=95.0,mExtras=Bundle[mParcelledData.dataSize=148]]
ADDRESS :

9.32
0.65
0.74
0.43
0.73
1.14
0.18
0.96
0.57
0.28
1.55
1.22
2.30
3.29
1.27
1.21
1.70
2.42
1.30
2.15
0.45
0.63
0.89
0.50
1.47
1.21
1.00
2.47
0.67
1.37
0.77
1.46
0.59
0.61
0.83
1.10
1.39
0.51
1.63
0.76
2.03
0.51
0.38
0.40
0.28
0.72
0.17
0.55
0.85
0.14
0.31
0.98
1.11
0.96
0.76
0.10
0.27
0.21
0.47
0.85
0.35
1.00
0.33
0.90
0.18
0.38
0.92
0.66
0.38
0.38
0.75
0.19
0.61
0.66
0.46
0.53
0.76
0.72
0.43
0.94
0.23
1.15
0.63
0.52
0.45
0.74
0.69
0.59
0.51
0.41
0.45
0.27
0.52
0.62
0.58
0.10
1.01
0.08
0.18
0.48
0.92
0.46
0.26
0.17
0.41
1.01
0.34
0.66
0.15
0.59
0.30
0.47
0.84
0.16
0.14
0.77
0.50
0.54
0.57
0.45
0.41
0.53
0.36
0.53
0.38
0.09
0.32
0.33
