GUESS    :WALKING
STARTTIME:1287575541851
ENDTIME  :1287575556399
LOCATION :Location[mProvider=network,mTime=1287575529466,mLatitude=55.7509194,mLongitude=12.3777246,mHasAltitude=false,mAltitude=0.0,mHasSpeed=false,mSpeed=0.0,mHasBearing=false,mBearing=0.0,mHasAccuracy=true,mAccuracy=65.0,mExtras=Bundle[mParcelledData.dataSize=148]]
ADDRESS :

2.97
2.92
0.53
1.02
0.34
0.12
0.41
0.55
0.38
0.34
0.25
0.18
0.21
0.32
0.55
0.50
0.22
0.15
0.32
0.30
0.22
0.18
0.30
0.39
0.16
0.64
0.66
0.46
0.13
0.22
0.19
0.23
0.09
0.08
0.14
0.27
0.03
0.40
0.33
0.07
0.35
0.34
0.15
0.17
0.35
0.15
0.08
0.06
0.17
0.22
0.10
0.10
0.14
0.05
0.09
0.09
0.08
0.10
0.10
0.15
0.34
0.28
0.14
0.06
0.13
0.09
0.27
0.21
0.07
0.16
0.27
0.33
0.07
0.14
0.10
0.24
0.16
0.12
0.16
0.12
0.19
0.25
0.29
0.40
0.47
0.19
0.12
0.25
0.23
0.28
0.21
0.11
0.10
0.08
0.28
0.41
0.25
0.17
0.28
0.23
0.10
0.20
0.29
0.20
0.14
0.13
0.19
0.19
0.07
0.10
0.06
0.05
0.10
0.16
0.20
0.17
0.13
0.17
0.09
0.12
0.17
0.21
0.20
0.07
0.33
0.41
0.18
0.04
