GUESS    :MOVING_ME
STARTTIME:1287576056920
ENDTIME  :1287576070173
LOCATION :Location[mProvider=network,mTime=1287576067522,mLatitude=55.7506185,mLongitude=12.37762625,mHasAltitude=false,mAltitude=0.0,mHasSpeed=false,mSpeed=0.0,mHasBearing=false,mBearing=0.0,mHasAccuracy=true,mAccuracy=65.0,mExtras=Bundle[mParcelledData.dataSize=148]]
ADDRESS :

0.95
1.25
1.01
0.65
0.68
1.04
1.84
2.18
3.00
0.57
1.50
0.65
0.50
0.31
0.89
0.80
0.41
0.68
1.16
0.57
0.53
0.45
1.29
1.39
0.60
0.41
0.48
0.84
1.20
1.55
2.91
1.80
2.18
0.50
1.95
0.41
2.10
0.78
0.83
0.53
0.42
1.06
1.32
1.72
3.91
1.62
2.53
3.02
2.98
10.23
8.95
4.48
1.48
2.08
0.48
1.50
0.38
0.79
0.15
0.35
0.90
0.89
0.48
1.72
1.61
1.72
1.88
1.65
4.33
0.38
2.56
1.23
2.49
1.08
0.45
0.54
0.35
0.50
0.78
1.31
0.53
0.80
1.51
1.48
1.32
0.54
1.61
0.49
1.99
1.35
0.89
1.61
0.46
0.27
1.14
0.95
1.18
1.65
2.15
1.09
2.30
1.14
0.91
0.38
2.70
0.42
1.14
1.16
0.44
0.50
1.42
0.52
0.61
0.84
1.25
1.06
1.57
1.10
2.38
1.31
1.92
0.97
0.44
0.72
1.16
1.69
8.76
6.70
2.33
1.23
1.44
0.53
0.60
0.42
0.44
0.69
0.48
1.10
0.69
0.59
0.63
1.18
0.23
0.44
0.97
0.68
0.26
0.61
0.78
0.57
0.89
0.76
2.49
0.89
0.67
0.94
0.86
0.23
0.65
0.42
1.06
0.27
1.33
0.64
0.53
0.11
0.30
0.50
0.16
0.29
0.19
0.22
0.26
1.31
0.26
1.69
0.30
0.25
0.30
0.16
0.56
0.50
0.30
0.19
0.42
1.23
0.78
1.01
0.61
0.42
0.59
0.60
0.38
1.23
1.42
1.78
0.89
2.30
1.39
1.25
0.82
2.07
1.25
1.77
0.54
0.42
0.78
0.27
0.04
0.12
0.31
0.53
0.27
1.10
0.12
1.25
0.38
1.02
0.41
0.76
0.45
1.09
1.02
0.41
0.94
0.48
0.25
0.15
0.53
0.26
0.84
0.87
0.63
0.34
0.33
0.87
1.08
0.89
0.20
0.97
1.48
1.08
1.36
1.10
0.35
1.17
1.10
2.07
1.12
1.10
2.56
0.83
1.20
1.69
1.69
1.23
