GUESS    :MOVING_SM
STARTTIME:1289652930755
ENDTIME  :1289652943604
LOCALSPD :4.669409
LONGSPD  :5.7061853
LOCATION :Location[mProvider=network,mTime=1289652905070,mLatitude=55.745795,mLongitude=12.391048,mHasAltitude=false,mAltitude=0.0,mHasSpeed=false,mSpeed=0.0,mHasBearing=false,mBearing=0.0,mHasAccuracy=true,mAccuracy=828.0,mExtras=Bundle[mParcelledData.dataSize=148]]
ADDRESS :

0.20
0.69
0.95
0.44
1.28
1.28
1.01
1.42
0.64
0.27
0.53
0.95
0.50
0.69
0.84
1.02
1.91
0.71
1.33
0.60
0.64
0.64
0.56
0.42
0.91
0.72
0.38
0.49
0.97
1.16
0.68
0.76
1.20
0.91
0.41
0.60
0.83
1.12
0.35
0.93
1.16
0.48
0.46
0.76
0.42
1.17
0.44
0.64
0.99
1.89
1.54
0.25
0.78
0.46
0.42
0.15
0.27
0.53
0.08
0.50
0.75
0.59
0.60
0.35
0.46
0.46
0.57
0.69
1.08
0.45
0.68
0.76
0.61
0.38
0.57
0.49
0.53
0.12
0.27
0.53
0.50
0.93
0.45
1.44
0.97
1.12
1.25
0.52
1.13
2.34
1.09
1.33
1.88
1.84
1.35
0.45
0.80
1.05
0.50
0.78
0.53
1.31
0.30
0.69
0.69
0.19
0.99
1.28
2.18
0.42
1.81
0.54
0.59
0.39
1.57
1.04
0.63
0.46
0.72
1.43
1.18
1.57
1.65
2.87
1.12
3.95
2.83
1.77
2.23
2.70
1.97
0.41
2.11
0.65
3.83
1.84
1.20
1.16
3.88
1.83
1.77
2.25
0.49
0.64
1.25
2.63
0.61
1.84
1.48
0.57
0.99
1.46
0.99
2.72
1.61
2.60
1.42
2.45
0.98
1.39
1.01
5.57
2.97
1.88
0.61
1.18
0.91
1.18
1.69
0.84
2.68
1.99
1.48
1.16
0.57
1.20
0.97
0.83
0.26
1.14
1.65
0.57
1.43
1.42
1.42
2.07
2.30
1.08
2.10
3.19
1.73
3.80
1.73
0.54
0.65
1.53
2.14
0.86
1.76
3.58
1.95
2.04
3.12
8.28
3.15
4.30
1.02
0.29
1.63
1.29
0.91
0.89
1.35
0.69
2.12
2.91
2.29
2.98
1.48
1.91
1.35
2.26
1.38
1.23
3.69
5.16
2.06
2.42
4.05
2.15
2.10
0.57
0.97
1.88
0.94
1.36
1.01
0.78
0.95
0.76
0.89
0.82
1.57
0.99
0.72
0.56
0.39
0.84
0.84
0.65
1.78
0.39
1.43
0.61
1.88
0.65
