GUESS    :MOVING_ME
STARTTIME:1289652995355
ENDTIME  :1289653008385
LOCALSPD :15.316773
LONGSPD  :7.6475954
LOCATION :Location[mProvider=network,mTime=1289652957783,mLatitude=55.74782660000001,mLongitude=12.38224138,mHasAltitude=false,mAltitude=0.0,mHasSpeed=false,mSpeed=0.0,mHasBearing=false,mBearing=0.0,mHasAccuracy=true,mAccuracy=54.0,mExtras=Bundle[mParcelledData.dataSize=148]]
ADDRESS :

1.60
1.17
0.14
0.31
0.42
0.64
0.04
0.37
0.31
0.38
0.11
0.20
0.17
0.03
0.10
0.12
0.12
0.02
0.21
0.23
0.13
0.11
0.16
0.23
0.20
0.41
0.22
0.16
0.14
0.21
0.39
0.13
0.11
0.28
0.21
0.11
0.21
0.17
0.28
0.18
0.29
0.29
0.04
0.06
0.01
0.10
0.05
0.14
0.18
0.12
0.09
0.16
0.23
0.12
0.06
0.13
0.06
0.12
0.16
0.14
0.20
0.19
0.04
0.08
0.09
0.08
0.09
0.13
0.08
0.06
0.24
0.27
0.11
0.07
0.10
0.12
0.12
0.05
0.12
0.20
0.09
0.12
0.17
0.12
0.10
0.14
0.22
0.10
0.06
0.17
0.24
0.10
0.06
0.11
0.08
0.16
0.22
0.06
0.15
0.14
0.16
0.17
0.07
0.10
0.11
0.22
0.01
0.20
0.11
0.08
0.11
0.19
0.18
0.11
0.02
0.17
0.06
0.12
0.18
0.13
0.27
0.06
0.14
0.21
0.18
0.04
0.13
0.15
