GUESS    :MOVING_SM
STARTTIME:1289653047045
ENDTIME  :1289653060104
LOCALSPD :2.6381238
LONGSPD  :6.3836064
LOCATION :Location[mProvider=network,mTime=1289653052937,mLatitude=55.7491154,mLongitude=12.3769209,mHasAltitude=false,mAltitude=0.0,mHasSpeed=false,mSpeed=0.0,mHasBearing=false,mBearing=0.0,mHasAccuracy=true,mAccuracy=59.0,mExtras=Bundle[mParcelledData.dataSize=148]]
ADDRESS :

1.40
0.19
0.55
0.44
0.30
0.31
0.04
0.08
0.07
0.07
0.21
0.14
0.16
0.09
0.21
0.29
0.09
0.15
0.11
0.01
0.15
0.14
0.04
0.12
0.21
0.06
0.22
0.12
0.11
0.09
0.05
0.14
0.04
0.10
0.12
0.09
0.13
0.09
0.14
0.22
0.06
0.15
0.20
0.09
0.06
0.05
0.03
0.11
0.03
0.06
0.12
0.06
0.09
0.05
0.05
0.09
0.09
0.10
0.13
0.01
0.05
0.09
0.03
0.02
0.04
0.05
0.12
0.05
0.04
0.10
0.11
0.05
0.12
0.05
0.09
0.12
0.08
0.09
0.06
0.03
0.18
0.04
0.14
0.12
0.11
0.05
0.05
0.05
0.09
0.08
0.07
0.04
0.14
0.10
0.06
0.06
0.08
0.10
0.07
0.13
0.08
0.18
0.07
0.06
0.07
0.06
0.07
0.14
0.08
0.05
0.11
0.04
0.07
0.12
0.09
0.16
0.16
0.07
0.08
0.07
0.07
0.09
0.18
0.01
0.02
0.13
0.10
0.10
