GUESS    :MOVING_SM
STARTTIME:1289651940215
ENDTIME  :1289651953034
LOCALSPD :0.0
LONGSPD  :3.8636925
LOCATION :Location[mProvider=network,mTime=1289651907362,mLatitude=55.726336,mLongitude=12.386149,mHasAltitude=false,mAltitude=0.0,mHasSpeed=false,mSpeed=0.0,mHasBearing=false,mBearing=0.0,mHasAccuracy=true,mAccuracy=558.0,mExtras=Bundle[mParcelledData.dataSize=148]]
ADDRESS :

0.90
0.20
0.34
0.02
0.17
0.11
0.27
0.09
0.15
0.03
0.20
0.06
0.16
0.08
0.15
0.09
0.02
0.10
0.08
0.08
0.13
0.08
0.08
0.09
0.09
0.06
0.12
0.04
0.11
0.01
0.13
0.03
0.04
0.09
0.09
0.06
0.06
0.01
0.01
0.05
0.07
0.02
0.07
0.05
0.06
0.06
0.05
0.08
0.02
0.04
0.05
0.07
0.06
0.09
0.06
0.07
0.04
0.02
0.05
0.08
0.03
0.01
0.01
0.08
0.04
0.06
0.02
0.05
0.03
0.07
0.06
0.09
0.04
0.03
0.08
0.08
0.08
0.01
0.00
0.03
0.02
0.00
0.04
0.05
0.06
0.06
0.05
0.08
0.07
0.07
0.04
0.04
0.04
0.09
0.04
0.08
0.06
0.04
0.09
0.05
0.02
0.07
0.06
0.04
0.03
0.02
0.08
0.03
0.04
0.04
0.03
0.10
0.05
0.07
0.04
0.07
0.08
0.05
0.07
0.02
0.03
0.03
0.13
0.13
0.04
0.09
0.06
0.04
