GUESS    :MOVING_SM
STARTTIME:1289652251865
ENDTIME  :1289652264864
LOCALSPD :0.0
LONGSPD  :3.9858966
LOCATION :Location[mProvider=network,mTime=1289652231625,mLatitude=55.722659,mLongitude=12.381712,mHasAltitude=false,mAltitude=0.0,mHasSpeed=false,mSpeed=0.0,mHasBearing=false,mBearing=0.0,mHasAccuracy=true,mAccuracy=685.0,mExtras=Bundle[mParcelledData.dataSize=148]]
ADDRESS :

0.27
0.12
0.30
0.19
0.26
0.22
0.19
0.07
0.14
0.19
0.15
0.16
0.04
0.07
0.08
0.12
0.08
0.16
0.29
0.16
0.20
0.23
0.19
0.16
0.25
0.12
0.33
0.44
0.19
0.11
0.22
0.11
0.04
0.12
0.16
0.08
0.16
0.19
0.12
0.23
0.07
0.19
0.16
0.16
0.11
0.08
0.11
0.16
0.23
0.16
0.07
0.11
0.12
0.12
0.12
0.08
0.08
0.04
0.07
0.18
0.08
0.15
0.19
0.14
0.08
0.15
0.14
0.04
0.23
0.15
0.15
0.23
0.12
0.23
0.08
0.08
0.12
0.04
0.16
0.04
0.12
0.31
0.23
0.12
0.19
0.15
0.12
0.26
0.19
0.27
0.42
0.19
0.31
0.04
0.15
0.12
0.14
0.26
0.12
0.20
0.23
0.34
0.26
0.19
0.19
0.15
0.22
0.08
0.04
0.11
0.10
0.27
0.25
0.08
0.16
0.23
0.19
0.16
0.35
0.69
0.31
0.44
0.38
0.34
0.27
0.22
0.15
0.11
0.27
0.42
0.42
0.30
0.12
0.29
0.11
0.33
0.86
0.45
0.45
0.31
0.38
0.60
0.35
0.29
0.82
0.57
0.42
0.57
0.23
0.46
0.49
0.45
0.38
0.80
0.68
0.64
0.65
0.46
0.78
0.38
0.37
0.30
0.23
0.22
0.23
0.19
0.04
0.15
0.46
0.48
0.23
0.53
0.23
0.15
0.38
1.72
1.27
1.58
0.80
0.30
0.31
0.30
0.15
0.23
0.16
0.52
0.23
0.44
0.27
0.20
0.35
0.16
0.22
0.04
0.12
0.08
0.11
0.15
0.07
0.04
0.08
0.12
0.18
0.11
0.10
0.16
0.11
0.15
0.11
0.07
0.19
0.12
0.10
0.14
0.14
0.04
0.11
0.04
0.10
0.14
0.07
0.19
0.30
0.38
0.30
0.14
0.10
0.04
0.22
0.22
0.15
0.18
0.04
0.14
0.10
0.14
0.11
0.14
0.15
0.08
0.12
0.15
0.03
0.04
0.12
0.07
0.23
0.31
0.04
0.11
0.03
0.11
0.08
0.07
0.04
0.19
