GUESS    :MOVING_ME
STARTTIME:1288536321512
ENDTIME  :1288536334362
LOCALSPD :-1.0
LONGSPD  :-1.0
LOCATION :Location[mProvider=network,mTime=1288536316168,mLatitude=55.7352465,mLongitude=12.3555895,mHasAltitude=false,mAltitude=0.0,mHasSpeed=false,mSpeed=0.0,mHasBearing=false,mBearing=0.0,mHasAccuracy=true,mAccuracy=752.0,mExtras=Bundle[mParcelledData.dataSize=148]]
ADDRESS :

13.31
2.53
1.53
1.80
1.24
1.33
1.28
2.14
2.19
1.88
0.87
1.46
1.46
0.68
0.94
1.57
1.35
0.08
0.76
0.72
2.08
1.42
0.56
1.72
1.10
1.46
0.99
2.03
1.57
1.14
1.38
0.26
0.41
1.62
1.62
0.76
0.76
2.00
1.84
0.71
1.99
1.78
1.57
0.20
1.68
1.23
0.95
1.51
2.57
2.06
2.40
0.84
0.74
3.23
2.53
1.38
1.29
1.53
2.34
1.89
0.97
1.74
3.13
2.91
2.45
2.03
0.57
1.91
3.26
1.92
3.69
1.61
3.51
2.08
3.80
3.21
1.53
0.42
1.53
1.66
1.46
1.93
2.29
1.87
1.43
0.22
0.42
3.34
1.77
0.72
1.16
1.78
2.18
0.93
1.47
2.18
1.16
0.57
1.33
0.72
1.08
0.86
1.77
2.03
1.73
3.49
2.89
1.84
1.76
1.48
2.66
2.17
1.59
2.18
1.89
1.42
2.44
0.93
2.70
0.05
2.19
0.78
2.19
0.23
1.65
0.93
1.73
2.17
1.58
1.42
2.07
2.15
2.67
2.79
1.20
0.46
1.31
1.08
1.12
1.24
1.50
0.42
0.67
0.86
1.89
3.41
0.84
0.48
1.21
1.10
1.24
1.70
2.47
1.42
0.61
0.63
2.64
1.76
1.65
0.90
1.38
2.52
4.90
2.49
2.15
2.82
2.89
2.56
1.84
1.53
0.97
0.54
0.71
1.02
1.18
0.93
0.99
1.76
2.29
2.19
2.52
2.56
3.24
1.12
2.02
0.54
0.65
1.70
1.01
1.14
1.01
0.97
1.33
1.27
1.08
1.68
1.12
2.19
1.31
1.17
0.53
1.23
0.69
0.42
0.67
1.46
1.35
1.23
0.49
1.73
0.87
1.61
0.42
1.04
1.72
0.65
0.61
1.72
1.06
1.04
0.99
1.27
1.17
1.48
2.21
1.35
1.05
2.26
1.92
1.18
1.88
2.40
2.59
1.42
1.14
0.93
1.05
1.48
3.36
2.22
1.59
1.72
2.08
1.02
1.66
0.42
1.83
0.64
0.42
1.57
1.85
2.36
2.49
2.53
2.86
1.95
