GUESS    :MOVING_ME
STARTTIME:1288536452865
ENDTIME  :1288536465749
LOCALSPD :0.0
LONGSPD  :-1.0
LOCATION :Location[mProvider=network,mTime=1288536410991,mLatitude=55.747319149999996,mLongitude=12.36239885,mHasAltitude=false,mAltitude=0.0,mHasSpeed=false,mSpeed=0.0,mHasBearing=false,mBearing=0.0,mHasAccuracy=true,mAccuracy=68.0,mExtras=Bundle[mParcelledData.dataSize=148]]
ADDRESS :

1.16
0.38
0.78
0.39
0.82
0.57
0.23
0.34
0.59
0.76
0.42
0.42
0.68
0.38
0.61
0.78
0.57
0.78
1.46
0.48
1.50
0.68
0.74
0.39
0.65
0.79
0.91
0.99
1.14
0.80
0.50
1.57
1.33
0.57
1.17
0.71
1.57
2.26
3.72
2.45
1.65
1.96
2.76
1.57
2.18
0.74
1.53
1.58
1.38
0.44
0.72
1.05
1.53
1.42
1.31
0.65
1.20
1.61
1.54
3.13
1.80
1.31
1.38
1.68
1.92
1.65
1.38
1.38
0.46
2.22
0.27
1.43
1.38
0.61
1.08
1.58
2.33
1.18
1.53
1.01
1.65
2.30
0.91
1.42
1.33
2.47
1.65
1.73
1.51
1.23
1.23
1.20
3.02
1.81
3.04
1.25
1.31
2.22
1.12
1.84
1.54
2.57
1.69
0.99
1.40
1.35
1.14
0.41
1.39
2.06
1.31
2.17
1.42
0.97
0.54
0.64
1.58
2.67
1.10
1.32
0.61
1.80
1.91
1.43
1.39
0.99
1.57
1.77
0.42
1.61
0.27
1.27
0.31
0.82
1.01
0.19
0.38
0.68
0.46
0.99
0.69
1.33
0.15
0.56
0.38
0.53
0.46
0.87
0.49
1.18
0.89
0.83
1.58
2.15
1.50
1.10
1.35
1.05
1.13
0.45
1.59
1.61
1.46
0.99
1.14
4.14
0.67
1.47
0.89
1.06
2.68
0.46
2.49
2.22
0.86
1.25
1.08
0.23
1.32
2.38
1.24
1.18
1.06
0.76
1.29
1.17
1.73
1.20
2.49
2.00
2.18
2.34
2.37
2.49
2.17
1.92
0.72
2.96
1.48
1.38
0.50
0.93
1.24
1.42
1.48
0.79
0.45
0.69
1.63
1.23
2.34
1.65
2.30
2.03
1.99
0.90
1.14
0.41
2.56
1.25
2.79
1.04
3.26
1.24
1.87
0.80
0.80
0.83
2.07
2.14
1.06
1.39
1.23
0.90
1.24
1.01
1.54
1.29
1.58
0.72
3.94
1.76
3.36
0.79
0.99
2.98
1.80
3.02
1.18
2.45
1.50
3.12
1.57
2.67
1.16
2.82
