GUESS    :MOVING_ME
STARTTIME:1288537040275
ENDTIME  :1288537053364
LOCALSPD :0.3674291
LONGSPD  :0.98647684
LOCATION :Location[mProvider=network,mTime=1288537039327,mLatitude=55.7474292,mLongitude=12.3745745,mHasAltitude=false,mAltitude=0.0,mHasSpeed=false,mSpeed=0.0,mHasBearing=false,mBearing=0.0,mHasAccuracy=true,mAccuracy=165.0,mExtras=Bundle[mParcelledData.dataSize=148]]
ADDRESS :

1.47
0.16
0.23
0.29
0.28
0.01
0.03
0.24
0.17
0.10
0.22
0.05
0.10
0.07
0.14
0.12
0.08
0.11
0.11
0.26
0.10
0.14
0.10
0.09
0.16
0.08
0.03
0.13
0.15
0.16
0.03
0.07
0.14
0.11
0.10
0.05
0.04
0.12
0.05
0.09
0.05
0.14
0.08
0.10
0.14
0.15
0.12
0.15
0.04
0.01
0.07
0.12
0.03
0.10
0.06
0.09
0.07
0.05
0.09
0.06
0.04
0.13
0.07
0.13
0.07
0.06
0.06
0.06
0.19
0.04
0.06
0.22
0.06
0.07
0.05
0.13
0.10
0.02
0.16
0.03
0.05
0.09
0.15
0.14
0.13
0.05
0.07
0.09
0.09
0.10
0.10
0.07
0.14
0.09
0.11
0.02
0.05
0.13
0.02
0.07
0.06
0.06
0.08
0.06
0.04
0.12
0.09
0.15
0.03
0.08
0.13
0.07
0.02
0.15
0.07
0.08
0.09
0.11
0.06
0.08
0.08
0.07
0.11
0.09
0.13
0.06
0.04
0.16
