GUESS    :MOVING_SM
STARTTIME:1288537340125
ENDTIME  :1288537353298
LOCALSPD :0.0
LONGSPD  :0.72144085
LOCATION :Location[mProvider=network,mTime=1288537339551,mLatitude=55.7496131,mLongitude=12.3771234,mHasAltitude=false,mAltitude=0.0,mHasSpeed=false,mSpeed=0.0,mHasBearing=false,mBearing=0.0,mHasAccuracy=true,mAccuracy=50.0,mExtras=Bundle[mParcelledData.dataSize=148]]
ADDRESS :

0.25
1.02
0.57
1.66
3.54
3.55
1.92
3.30
2.60
1.61
0.76
2.06
2.33
3.50
4.07
2.21
2.57
0.49
0.65
1.18
1.39
0.84
1.46
6.51
3.08
4.71
2.45
2.41
0.84
0.82
1.06
0.42
1.27
0.16
0.39
1.23
1.01
0.26
0.34
0.20
0.25
0.50
0.30
0.23
0.38
0.18
0.38
0.56
0.31
0.69
0.12
0.27
0.20
0.49
0.87
0.76
0.46
0.44
0.59
0.30
0.42
0.16
0.12
0.53
0.53
0.12
0.19
0.22
0.34
0.10
0.19
0.29
0.30
0.49
0.64
0.23
0.63
0.08
0.42
0.04
0.16
0.19
0.18
0.23
0.22
0.12
0.27
0.27
0.79
0.94
0.30
0.37
0.12
0.53
0.38
0.11
0.57
0.50
0.04
0.30
0.26
0.38
0.44
0.15
0.30
0.25
0.30
0.29
0.38
0.31
0.64
0.54
0.33
0.30
0.26
0.39
0.44
0.27
0.26
0.38
0.31
0.63
1.10
0.59
0.35
0.49
0.11
0.19
0.53
0.18
0.54
0.34
0.23
0.08
0.25
0.10
0.23
0.20
0.23
0.50
0.29
0.11
0.23
0.07
0.18
0.19
0.30
0.57
0.50
0.34
0.65
0.26
0.31
0.15
0.30
0.23
0.08
0.11
0.04
0.18
0.07
0.22
0.19
0.16
0.08
0.08
0.12
0.08
0.29
0.25
0.57
0.64
0.22
0.12
0.54
0.19
0.38
0.56
0.39
0.23
0.20
0.16
0.23
0.44
0.23
0.31
0.15
0.12
0.27
0.15
0.46
0.39
0.16
0.50
0.12
0.25
0.11
0.27
0.07
0.11
0.38
0.20
0.08
0.12
0.23
0.29
0.19
0.44
0.16
0.23
0.27
0.42
0.54
0.48
0.46
0.27
0.25
0.26
0.63
0.61
0.72
0.54
1.04
0.29
1.05
0.22
0.72
0.12
0.42
0.52
0.18
0.63
0.54
0.42
0.30
0.79
0.50
0.87
0.30
0.46
0.27
0.31
0.54
0.23
0.23
0.42
1.24
0.74
0.11
0.18
0.59
0.53
0.45
0.34
0.68
0.38
