GUESS    :MOVING_SM
STARTTIME:1288536427014
ENDTIME  :1288536439933
LOCALSPD :0.0
LONGSPD  :-1.0
LOCATION :Location[mProvider=network,mTime=1288536410991,mLatitude=55.747319149999996,mLongitude=12.36239885,mHasAltitude=false,mAltitude=0.0,mHasSpeed=false,mSpeed=0.0,mHasBearing=false,mBearing=0.0,mHasAccuracy=true,mAccuracy=68.0,mExtras=Bundle[mParcelledData.dataSize=148]]
ADDRESS :

0.27
0.12
0.12
0.29
0.49
0.37
0.03
0.20
0.04
0.08
0.31
0.10
0.15
0.12
0.19
0.15
0.31
0.50
0.19
0.27
0.30
0.19
0.12
0.11
0.16
0.08
0.31
0.23
0.53
0.25
0.25
0.14
0.41
0.38
0.38
0.46
0.31
0.26
0.15
0.27
0.27
0.27
0.41
0.27
0.34
0.12
0.27
0.25
0.38
0.20
0.97
0.65
0.12
0.22
0.18
0.46
0.08
0.16
0.12
0.22
0.27
0.33
0.84
0.91
1.62
1.24
0.75
0.15
0.98
1.43
2.22
0.27
1.38
0.95
1.38
1.23
0.84
1.10
2.02
1.20
1.50
1.78
2.07
1.16
0.76
1.10
0.42
1.46
0.71
1.76
0.94
0.99
0.53
0.86
0.07
0.34
0.16
0.34
0.41
0.42
0.61
0.30
0.08
0.15
0.38
0.42
0.26
0.18
0.31
0.23
0.08
0.22
0.15
0.16
0.22
0.29
0.64
0.46
0.33
0.23
0.12
0.27
0.16
0.12
0.07
0.15
0.33
0.08
0.27
0.03
0.19
0.27
0.18
0.19
0.07
0.19
0.26
0.10
0.25
0.16
0.16
0.12
0.19
0.04
0.15
0.07
0.19
0.27
0.53
0.63
0.23
0.84
0.48
0.76
0.12
0.54
0.39
0.23
0.15
0.15
0.03
0.14
0.15
0.19
0.16
0.20
0.49
0.56
0.42
0.53
0.69
0.44
0.11
0.23
0.11
0.20
0.15
0.12
0.25
0.31
0.27
0.30
0.61
0.89
0.38
0.23
0.41
0.23
0.35
0.18
0.20
0.37
0.03
0.08
0.19
0.08
0.38
0.23
0.34
0.22
0.16
0.45
0.22
0.18
0.16
0.25
0.22
0.44
0.48
0.15
0.33
0.26
0.25
0.23
0.26
0.14
0.19
0.15
0.14
0.04
0.11
0.26
0.30
0.08
0.20
0.08
0.19
0.16
0.31
0.31
0.45
0.37
0.25
0.35
0.15
0.41
0.11
0.15
0.27
0.23
0.33
0.16
0.26
0.39
0.16
0.41
0.15
0.30
0.19
0.04
0.22
0.19
0.16
0.12
0.16
0.23
