GUESS    :WALKING
STARTTIME:1288537392114
ENDTIME  :1288537405444
LOCALSPD :0.0
LONGSPD  :0.6318831
LOCATION :Location[mProvider=network,mTime=1288537399579,mLatitude=55.749619900000006,mLongitude=12.3770341,mHasAltitude=false,mAltitude=0.0,mHasSpeed=false,mSpeed=0.0,mHasBearing=false,mBearing=0.0,mHasAccuracy=true,mAccuracy=50.0,mExtras=Bundle[mParcelledData.dataSize=148]]
ADDRESS :

2.21
1.08
0.61
0.29
0.15
0.40
0.42
0.31
0.11
0.29
0.29
0.26
0.26
0.44
0.16
0.27
0.39
0.10
0.30
0.24
0.36
0.18
0.05
0.60
0.50
0.03
0.09
0.18
0.16
0.08
0.04
0.17
0.05
0.10
0.20
0.08
0.11
0.16
0.11
0.03
0.10
0.08
0.09
0.23
0.15
0.05
0.09
0.09
0.07
0.07
0.03
0.21
0.10
0.05
0.16
0.10
0.11
0.16
0.16
0.28
0.27
0.15
0.06
0.10
0.13
0.03
0.04
0.25
0.28
0.15
0.35
0.29
0.29
0.17
0.11
0.12
0.02
0.12
0.08
0.07
0.14
0.08
0.11
0.06
0.12
0.18
0.06
0.11
0.20
0.01
0.12
0.17
0.10
0.17
0.39
0.31
0.29
0.16
0.07
0.11
0.12
0.05
0.12
0.25
0.07
0.10
0.12
0.13
0.21
0.19
0.08
0.08
0.03
0.16
0.13
0.02
0.15
0.08
0.28
0.24
0.08
0.13
0.16
0.15
0.15
0.14
0.06
0.01
