GUESS    :MOVING_SM
STARTTIME:1289330633057
ENDTIME  :1289330647189
LOCALSPD :-1.0
LONGSPD  :-1.0
LOCATION :Location[mProvider=network,mTime=1289330628811,mLatitude=55.74958615,mLongitude=12.3767289,mHasAltitude=false,mAltitude=0.0,mHasSpeed=false,mSpeed=0.0,mHasBearing=false,mBearing=0.0,mHasAccuracy=true,mAccuracy=50.0,mExtras=Bundle[mParcelledData.dataSize=148]]
ADDRESS :

14.33
0.26
0.16
0.15
0.23
0.26
0.23
0.23
0.31
0.31
0.42
0.46
0.27
0.42
0.04
0.39
0.19
0.42
0.19
0.15
0.11
0.38
0.34
0.29
0.07
0.22
0.15
0.11
0.11
0.08
0.15
0.26
0.11
0.15
0.19
0.04
0.11
0.07
0.08
0.12
0.22
0.22
0.22
0.38
0.42
0.63
0.34
0.04
0.10
0.07
0.12
0.11
0.11
0.19
0.19
0.23
0.12
0.08
0.08
0.12
0.12
0.08
0.12
0.20
0.08
0.04
0.08
0.08
0.19
0.19
0.08
0.11
0.07
0.03
0.15
0.08
0.07
0.07
0.07
0.11
0.11
0.15
0.12
0.08
0.08
0.08
0.08
0.04
0.11
0.03
0.08
0.08
0.12
0.11
0.07
0.08
0.08
0.04
0.04
0.04
0.08
0.20
0.16
0.11
0.27
0.56
0.34
0.04
0.26
0.04
0.08
0.23
0.15
0.07
0.12
0.15
0.07
0.15
0.04
0.15
0.04
0.23
0.19
0.04
0.07
0.07
0.15
0.15
0.08
0.11
0.07
0.11
0.04
0.11
0.12
0.10
0.18
0.12
0.12
0.12
0.11
0.27
0.18
0.25
0.31
0.25
0.35
0.31
0.15
0.14
0.07
0.03
0.07
0.11
0.11
0.08
0.15
0.14
0.22
0.15
0.07
0.04
0.11
0.11
0.12
0.20
0.16
0.41
0.54
0.59
0.07
0.25
0.07
0.15
0.16
0.19
0.04
0.15
0.16
0.16
0.34
0.29
0.22
0.05
0.27
0.53
0.45
0.29
0.07
0.22
0.14
0.07
0.07
0.07
0.08
0.15
0.04
0.18
0.14
0.22
0.11
0.10
0.04
0.15
0.25
0.15
0.15
0.04
0.08
0.08
0.12
0.23
0.16
0.19
0.08
0.12
0.16
0.08
0.08
0.08
0.08
0.12
0.04
0.08
0.08
0.04
0.04
0.04
0.11
0.04
0.52
0.61
0.67
0.29
0.16
0.08
0.12
0.03
0.14
0.12
0.16
0.03
0.11
0.11
0.04
0.11
0.11
0.12
0.08
0.11
0.15
0.25
0.12
0.16
0.16
0.08
