GUESS    :WALKING
STARTTIME:1287845952295
ENDTIME  :1287845965275
LOCATION :Location[mProvider=network,mTime=1287845917739,mLatitude=55.749566400000006,mLongitude=12.37671915,mHasAltitude=false,mAltitude=0.0,mHasSpeed=false,mSpeed=0.0,mHasBearing=false,mBearing=0.0,mHasAccuracy=true,mAccuracy=50.0,mExtras=Bundle[mParcelledData.dataSize=148]]
ADDRESS :

0.08
0.11
0.14
0.03
0.04
0.15
0.19
0.04
0.04
0.07
0.08
0.07
0.08
0.08
0.27
0.10
0.03
0.10
0.16
0.04
0.07
0.08
0.11
0.15
0.11
0.11
0.12
0.08
0.12
0.08
0.10
0.08
0.04
0.11
0.23
0.04
0.08
0.16
0.12
0.12
0.08
0.12
0.04
0.07
0.15
0.31
0.22
0.19
0.25
0.18
0.11
0.14
0.14
0.18
0.07
0.26
0.38
0.53
0.74
1.92
2.29
1.12
1.42
0.16
0.83
0.11
1.12
0.19
1.09
1.63
1.04
1.35
4.67
2.41
6.44
3.84
3.61
2.26
1.99
0.87
1.17
0.74
0.68
0.89
0.68
2.18
2.49
9.00
7.61
5.41
2.72
1.83
1.21
0.67
1.29
1.01
0.34
0.56
4.03
2.07
3.27
4.67
8.51
2.57
4.90
2.87
0.98
0.57
0.72
0.91
2.00
1.87
2.57
2.18
1.97
5.86
1.40
2.94
1.84
1.50
3.36
1.32
1.06
4.22
7.38
4.75
5.09
7.65
1.13
4.78
1.59
1.66
0.64
1.35
0.82
0.95
4.32
5.22
1.24
4.84
2.45
5.03
0.86
0.31
1.42
6.03
5.00
7.07
2.66
3.87
4.41
1.44
3.69
4.37
2.33
3.09
1.87
0.91
1.14
1.36
1.69
1.40
3.06
4.75
2.68
2.91
2.98
1.53
2.00
0.61
1.62
2.41
1.99
3.68
2.90
2.60
2.19
1.08
1.93
1.29
0.93
1.31
0.84
0.97
0.74
1.21
0.52
1.01
1.06
1.27
2.42
4.22
1.31
5.52
4.07
9.17
3.50
1.31
3.15
1.27
1.25
1.01
1.18
1.33
1.17
2.74
0.57
0.90
1.31
0.86
0.91
0.68
1.53
6.02
1.58
9.71
1.48
3.90
1.78
2.38
3.47
2.52
0.69
1.23
1.84
4.22
6.76
3.31
2.76
3.68
1.46
1.05
2.91
0.91
2.23
2.06
4.79
1.10
2.68
2.26
2.11
2.32
1.46
0.80
0.50
1.10
0.95
0.95
0.18
1.05
0.95
5.00
5.20
2.98
3.49
1.62
