GUESS    :MOVING_SM
STARTTIME:1287845991446
ENDTIME  :1287846004385
LOCATION :Location[mProvider=network,mTime=1287845977799,mLatitude=55.749566400000006,mLongitude=12.37671915,mHasAltitude=false,mAltitude=0.0,mHasSpeed=false,mSpeed=0.0,mHasBearing=false,mBearing=0.0,mHasAccuracy=true,mAccuracy=50.0,mExtras=Bundle[mParcelledData.dataSize=148]]
ADDRESS :

1.27
0.79
1.29
0.38
0.31
0.94
0.59
1.04
0.69
0.16
0.61
0.38
0.39
0.97
0.75
0.54
0.41
1.12
0.45
0.65
0.34
0.76
0.42
0.31
0.50
0.82
0.25
0.65
0.46
0.49
0.27
0.56
1.08
0.14
0.29
0.61
0.42
0.12
0.68
0.30
0.26
0.11
0.07
0.14
0.26
0.18
0.38
0.31
0.53
0.64
1.21
0.82
0.68
0.35
1.18
0.38
0.27
0.78
0.71
0.34
0.63
0.23
0.42
0.19
0.08
0.46
0.38
0.34
0.31
0.34
0.19
0.23
0.26
0.41
0.26
0.80
0.95
0.39
0.22
0.69
1.25
2.18
0.71
0.42
1.18
0.57
1.05
0.57
1.06
0.80
2.26
0.37
0.83
0.30
0.74
1.95
1.65
0.87
2.11
0.89
1.10
0.50
1.06
1.80
1.39
1.58
1.23
1.42
0.49
1.02
0.84
0.50
0.33
0.91
1.80
0.99
1.54
1.73
1.96
0.87
2.06
1.61
1.27
3.02
3.19
1.12
1.10
0.95
0.94
0.74
0.49
0.60
0.57
0.80
0.80
0.38
0.19
0.34
0.37
0.20
0.38
0.29
0.12
0.30
0.12
0.18
0.42
0.31
0.12
0.18
0.46
0.69
0.34
0.65
0.42
0.65
0.46
0.80
0.27
0.63
0.53
0.26
0.25
0.30
0.12
0.45
0.22
0.35
0.53
0.11
0.23
0.49
0.20
0.76
1.04
1.10
1.31
1.28
0.59
0.79
1.33
1.95
1.08
2.32
0.99
3.13
2.70
3.53
0.64
1.39
0.56
1.23
0.84
0.65
0.86
0.49
0.91
0.74
1.89
1.88
1.96
0.91
0.83
1.16
1.91
0.60
0.38
1.46
0.35
1.42
1.62
1.61
1.77
0.95
0.30
0.74
0.68
0.69
1.61
1.53
1.53
1.04
3.49
2.72
5.68
5.04
3.80
2.07
2.56
2.90
1.87
1.20
1.50
0.74
1.08
0.65
0.68
0.30
0.65
0.16
0.34
0.35
0.46
0.12
0.23
0.08
0.30
0.35
0.34
0.46
0.41
0.30
0.20
0.08
0.08
0.22
