GUESS    :WALKING
STARTTIME:1287846176826
ENDTIME  :1287846189775
LOCATION :Location[mProvider=network,mTime=1287846157911,mLatitude=55.749566400000006,mLongitude=12.37671915,mHasAltitude=false,mAltitude=0.0,mHasSpeed=false,mSpeed=0.0,mHasBearing=false,mBearing=0.0,mHasAccuracy=true,mAccuracy=50.0,mExtras=Bundle[mParcelledData.dataSize=148]]
ADDRESS :

5.71
0.38
1.88
2.52
3.11
1.38
1.33
1.62
2.33
1.31
1.99
4.94
5.45
7.95
1.63
4.94
3.58
0.95
1.68
1.33
1.16
1.61
1.66
3.15
6.21
5.65
3.87
0.89
2.96
2.98
0.65
0.99
2.32
1.63
0.72
3.31
0.61
2.62
4.02
5.80
2.94
2.97
2.63
1.77
1.61
1.42
1.76
1.18
1.46
1.14
2.94
6.10
4.79
3.85
1.58
0.90
2.42
0.68
0.38
1.33
0.46
3.57
2.41
3.15
7.50
9.53
5.34
4.75
3.91
1.54
1.65
1.39
1.21
1.23
1.06
2.47
4.40
4.10
4.10
3.36
0.99
2.64
2.11
1.06
1.35
1.21
1.43
1.02
3.84
5.60
5.86
3.08
3.95
4.26
1.57
1.69
2.19
2.49
1.35
0.50
2.72
4.67
3.53
3.94
1.53
1.42
2.94
2.17
0.90
0.83
0.74
0.97
3.26
1.44
1.81
3.01
6.63
1.80
4.05
3.60
0.94
1.65
0.34
0.91
0.74
3.12
3.98
3.19
4.21
3.75
2.03
1.50
2.36
2.52
1.63
1.61
1.84
1.50
1.42
1.31
4.64
3.28
6.84
3.94
4.29
3.61
1.14
1.18
1.47
1.04
1.53
4.30
6.47
3.34
5.78
1.72
0.93
1.91
0.84
0.44
0.99
0.60
1.12
4.40
1.74
2.78
6.24
4.02
4.47
3.19
1.18
0.71
0.39
0.89
1.38
2.08
2.83
6.32
2.67
5.41
2.45
1.87
2.19
2.25
0.91
0.99
0.63
0.15
0.49
0.46
0.80
0.93
0.52
0.48
1.10
1.89
1.62
2.49
3.79
0.61
1.42
1.81
0.69
0.72
0.98
1.05
1.66
0.35
1.58
1.10
2.96
1.42
2.83
0.65
0.78
0.57
0.80
0.38
0.84
0.27
0.87
1.18
1.13
1.74
1.20
0.45
0.72
1.42
0.39
1.33
0.23
1.32
0.42
1.66
2.37
3.45
0.74
1.92
0.74
0.86
0.49
0.76
1.23
1.09
1.69
1.12
0.65
1.24
1.17
1.13
1.17
0.44
0.80
0.57
0.48
0.38
