GUESS    :WALKING
STARTTIME:1287846810207
ENDTIME  :1287846823135
LOCATION :Location[mProvider=network,mTime=1287846818485,mLatitude=55.749566400000006,mLongitude=12.37671915,mHasAltitude=false,mAltitude=0.0,mHasSpeed=false,mSpeed=0.0,mHasBearing=false,mBearing=0.0,mHasAccuracy=true,mAccuracy=50.0,mExtras=Bundle[mParcelledData.dataSize=148]]
ADDRESS :

1.20
0.45
0.93
0.35
0.49
0.38
0.29
0.37
0.20
0.36
0.22
0.41
0.27
0.40
0.41
0.48
0.31
0.35
0.24
0.32
0.30
0.23
0.15
0.31
0.13
0.15
0.11
0.15
0.14
0.20
0.18
0.18
0.16
0.12
0.14
0.09
0.06
0.10
0.03
0.06
0.11
0.08
0.16
0.04
0.13
0.07
0.15
0.08
0.09
0.05
0.06
0.04
0.06
0.04
0.02
0.04
0.03
0.06
0.02
0.13
0.02
0.08
0.03
0.15
0.07
0.09
0.06
0.14
0.08
0.06
0.06
0.07
0.08
0.05
0.14
0.10
0.12
0.10
0.12
0.11
0.13
0.08
0.12
0.06
0.03
0.06
0.12
0.17
0.06
0.10
0.11
0.13
0.11
0.10
0.16
0.14
0.12
0.17
0.08
0.10
0.08
0.16
0.10
0.10
0.13
0.11
0.15
0.09
0.09
0.07
0.22
0.08
0.09
0.06
0.03
0.08
0.11
0.04
0.01
0.06
0.03
0.10
0.07
0.04
0.03
0.04
0.05
0.07
