GUESS    :MOVING_SM
STARTTIME:1287847160855
ENDTIME  :1287847173830
LOCATION :Location[mProvider=network,mTime=1287847119049,mLatitude=55.749566400000006,mLongitude=12.37671915,mHasAltitude=false,mAltitude=0.0,mHasSpeed=false,mSpeed=0.0,mHasBearing=false,mBearing=0.0,mHasAccuracy=true,mAccuracy=50.0,mExtras=Bundle[mParcelledData.dataSize=148]]
ADDRESS :

0.88
0.46
0.47
0.36
0.40
0.34
0.17
0.32
0.35
0.27
0.31
0.31
0.28
0.35
0.11
0.12
0.05
0.14
0.18
0.10
0.09
0.08
0.11
0.12
0.05
0.13
0.14
0.01
0.07
0.13
0.12
0.06
0.04
0.02
0.04
0.06
0.04
0.05
0.05
0.07
0.07
0.02
0.07
0.06
0.07
0.07
0.09
0.08
0.10
0.07
0.07
0.07
0.10
0.06
0.09
0.08
0.07
0.06
0.06
0.05
0.11
0.05
0.08
0.02
0.02
0.06
0.03
0.03
0.07
0.02
0.02
0.04
0.03
0.04
0.06
0.04
0.01
0.07
0.04
0.01
0.06
0.01
0.05
0.04
0.05
0.04
0.03
0.03
0.05
0.08
0.06
0.09
0.08
0.07
0.05
0.10
0.07
0.06
0.06
0.01
0.04
0.07
0.10
0.10
0.12
0.15
0.10
0.07
0.06
0.05
0.11
0.09
0.11
0.16
0.14
0.15
0.18
0.17
0.13
0.08
0.09
0.14
0.16
0.19
0.09
0.14
0.18
0.10
