GUESS    :MOVING_SM
STARTTIME:1287847290325
ENDTIME  :1287847303314
LOCATION :Location[mProvider=network,mTime=1287847299335,mLatitude=55.749566400000006,mLongitude=12.37671915,mHasAltitude=false,mAltitude=0.0,mHasSpeed=false,mSpeed=0.0,mHasBearing=false,mBearing=0.0,mHasAccuracy=true,mAccuracy=50.0,mExtras=Bundle[mParcelledData.dataSize=148]]
ADDRESS :

0.33
0.27
0.67
0.22
0.30
0.18
0.19
0.19
0.12
0.16
0.04
0.34
0.50
0.74
0.30
0.25
0.89
0.20
0.34
0.46
0.15
0.31
0.35
0.61
0.19
0.50
0.23
0.12
0.34
0.41
0.71
0.42
0.46
0.54
0.15
0.50
0.33
0.31
0.34
0.35
0.74
0.39
0.11
0.26
0.50
0.04
0.52
0.27
0.31
0.22
0.07
0.16
0.04
0.30
0.25
0.27
0.23
0.14
0.07
0.20
0.19
0.20
0.38
0.49
0.27
0.30
0.35
0.16
0.08
0.15
0.31
0.15
0.26
0.12
0.30
0.41
0.20
0.16
0.25
0.07
0.08
0.04
0.15
0.18
0.20
0.07
0.11
0.04
0.04
0.08
0.12
0.23
0.23
0.59
0.35
0.59
0.16
0.23
0.04
0.33
0.16
0.31
0.19
0.07
0.16
0.08
0.08
0.07
0.11
0.18
0.26
0.08
0.11
0.04
0.08
0.07
0.04
0.07
0.12
0.16
0.07
0.12
0.34
0.12
0.27
0.08
0.08
0.08
0.07
0.38
0.34
1.14
0.34
1.08
0.15
0.54
0.39
0.19
0.38
0.54
0.54
0.26
0.07
0.42
0.31
0.34
0.60
0.54
0.27
0.19
0.57
0.38
0.25
0.38
0.31
0.20
0.30
0.14
0.18
0.22
0.27
0.15
0.08
0.15
0.04
0.08
0.07
0.11
0.12
0.08
0.23
0.42
0.57
0.42
0.25
0.26
0.37
0.37
0.60
0.84
0.49
0.34
0.20
0.31
0.39
0.37
0.30
0.50
0.23
0.23
0.22
0.29
0.42
0.19
0.59
0.57
0.30
0.65
0.38
0.46
0.41
0.26
0.18
0.16
0.19
0.29
0.38
0.22
0.31
0.30
0.29
0.08
0.14
0.14
0.80
0.42
0.86
1.40
1.62
1.81
2.41
2.30
1.20
2.45
2.11
2.38
1.33
1.33
0.61
0.38
0.72
1.38
1.57
1.08
1.13
0.79
1.40
0.54
1.13
1.20
1.13
1.31
1.16
2.06
0.79
1.33
0.53
0.39
0.16
0.22
1.14
0.72
1.01
0.54
0.72
0.84
