GUESS    :MOVING_SM
STARTTIME:1287848069366
ENDTIME  :1287848082628
LOCATION :Location[mProvider=network,mTime=1287848080629,mLatitude=55.749566400000006,mLongitude=12.37671915,mHasAltitude=false,mAltitude=0.0,mHasSpeed=false,mSpeed=0.0,mHasBearing=false,mBearing=0.0,mHasAccuracy=true,mAccuracy=50.0,mExtras=Bundle[mParcelledData.dataSize=148]]
ADDRESS :

0.27
0.27
0.11
0.25
0.04
0.12
0.26
0.16
0.12
0.16
0.18
0.19
0.25
0.12
0.20
0.27
0.19
0.23
0.25
0.35
0.22
0.14
0.29
0.45
0.45
0.19
0.15
0.16
0.16
0.08
0.26
0.23
0.80
0.07
0.30
0.27
0.38
0.15
0.20
0.16
0.30
0.29
0.41
0.26
0.23
0.27
0.39
0.68
1.12
2.21
5.60
5.99
2.07
3.55
0.89
0.84
0.84
1.47
0.69
0.45
0.97
1.21
3.51
3.87
5.63
3.68
1.80
4.90
2.79
3.46
2.22
1.57
1.95
1.88
1.87
3.15
3.41
7.91
3.01
3.72
2.40
2.23
3.53
0.56
1.99
1.38
2.06
1.17
2.10
0.38
2.72
1.08
1.54
0.64
0.76
1.57
2.23
4.33
1.81
3.90
1.43
0.78
2.64
0.76
2.19
0.78
0.64
0.65
0.82
0.54
0.31
0.69
0.90
0.95
0.59
0.31
0.49
0.31
0.18
0.22
0.33
0.33
0.31
0.19
0.23
0.12
0.19
0.23
0.11
0.31
0.27
0.41
0.68
0.15
1.14
0.49
1.14
0.23
0.93
0.23
0.46
0.26
0.45
0.27
0.23
0.64
0.97
0.61
0.19
0.76
0.41
0.23
0.29
0.29
0.16
0.16
0.20
0.19
0.11
0.12
0.15
0.27
0.35
0.31
0.18
0.16
0.19
0.30
0.04
0.33
0.34
0.39
0.27
0.07
0.30
0.15
0.12
0.11
0.08
0.04
0.19
0.05
0.11
0.07
0.08
0.16
0.27
0.04
0.15
0.08
0.12
0.07
0.12
0.34
0.10
0.64
0.15
0.46
0.07
0.20
0.22
0.14
0.15
0.05
0.15
0.04
0.08
0.08
0.20
0.16
0.20
0.16
0.04
0.20
0.04
0.07
0.05
0.07
0.08
0.10
0.10
0.11
0.15
0.07
0.07
0.08
0.14
0.14
0.08
0.04
0.08
0.16
0.12
0.11
0.12
0.12
0.08
0.04
0.08
0.08
0.12
0.12
0.12
0.12
0.11
0.04
0.07
0.22
0.15
0.04
0.07
0.11
0.04
0.08
0.11
0.15
