GUESS    :WALKING
STARTTIME:1287848134366
ENDTIME  :1287848147395
LOCATION :Location[mProvider=network,mTime=1287848140723,mLatitude=55.749566400000006,mLongitude=12.37671915,mHasAltitude=false,mAltitude=0.0,mHasSpeed=false,mSpeed=0.0,mHasBearing=false,mBearing=0.0,mHasAccuracy=true,mAccuracy=50.0,mExtras=Bundle[mParcelledData.dataSize=148]]
ADDRESS :

0.98
1.83
1.47
0.74
2.68
2.47
5.76
3.60
1.96
2.68
3.26
1.06
2.25
0.95
0.34
0.52
0.68
0.61
0.74
1.77
2.56
3.30
0.93
2.98
0.80
1.57
1.20
1.89
1.25
1.14
1.16
0.42
1.08
1.57
2.44
3.64
4.21
1.95
1.12
0.72
1.48
1.62
1.55
0.41
1.39
0.76
0.80
1.31
1.04
1.06
0.12
1.05
0.76
1.23
0.30
0.30
0.97
0.63
1.31
0.30
0.29
1.58
0.72
0.84
0.45
0.42
1.42
1.33
0.84
0.50
2.18
0.65
1.31
1.57
0.59
1.50
0.19
1.50
0.76
1.06
1.18
0.46
0.53
0.90
0.99
0.65
0.69
0.61
0.42
0.11
0.20
0.59
0.84
0.99
0.49
0.49
0.31
1.02
0.93
0.72
0.14
0.56
0.31
1.28
0.27
3.41
1.14
0.93
1.77
0.95
2.07
2.45
3.60
2.07
1.55
1.65
2.07
0.80
2.38
1.70
3.80
2.98
2.38
3.47
4.89
2.59
1.01
2.17
0.35
0.78
3.09
6.39
2.56
3.64
4.10
2.79
0.90
2.40
3.04
1.99
0.95
1.76
2.14
1.27
4.54
4.82
7.10
12.18
5.60
6.12
3.99
2.10
5.52
6.88
8.84
4.55
4.20
6.05
4.22
2.48
2.14
0.93
4.30
7.70
7.86
8.98
13.12
6.85
1.66
0.30
3.30
1.50
4.84
1.16
4.45
1.80
4.18
4.58
4.25
2.07
1.33
0.41
0.46
2.52
11.88
7.19
6.82
7.86
6.39
2.19
0.78
0.54
1.62
1.92
1.16
6.47
8.91
8.99
7.56
6.25
5.49
1.57
1.35
2.64
3.95
2.11
5.12
5.45
2.14
2.45
2.03
1.42
2.87
0.48
2.27
4.20
4.26
3.69
4.00
2.51
1.23
1.96
1.39
1.35
0.84
0.86
0.89
1.39
3.06
9.30
7.37
6.78
5.57
5.03
2.44
1.21
0.80
1.20
0.18
0.99
0.50
0.67
1.01
3.75
2.49
4.06
3.20
1.53
0.97
1.61
0.63
0.42
0.78
1.16
1.02
0.35
