GUESS    :WALKING
STARTTIME:1287848652436
ENDTIME  :1287848665375
LOCATION :Location[mProvider=network,mTime=1287848621569,mLatitude=55.749566400000006,mLongitude=12.37671915,mHasAltitude=false,mAltitude=0.0,mHasSpeed=false,mSpeed=0.0,mHasBearing=false,mBearing=0.0,mHasAccuracy=true,mAccuracy=50.0,mExtras=Bundle[mParcelledData.dataSize=148]]
ADDRESS :

3.20
6.85
5.01
2.72
2.11
2.76
1.70
0.99
1.65
1.04
1.76
2.41
3.00
3.49
5.86
3.45
2.21
3.95
3.70
1.84
0.97
0.97
2.86
3.06
5.45
6.67
10.88
2.44
3.75
2.41
2.96
1.91
1.31
1.02
3.49
3.38
1.10
4.14
4.56
7.35
5.08
4.25
6.28
3.49
2.26
2.14
2.04
2.71
3.21
3.50
4.62
11.41
3.53
0.97
2.08
1.66
1.20
1.77
1.01
1.14
1.27
0.78
2.38
2.62
5.98
4.94
3.83
7.19
5.03
2.71
1.92
2.34
2.97
2.14
2.06
3.42
5.67
8.17
5.60
4.77
3.13
3.06
2.53
0.69
0.87
1.04
2.12
1.87
1.77
5.78
4.02
7.67
4.02
4.67
4.47
4.02
0.46
1.96
1.80
1.62
2.25
6.66
4.03
8.16
4.21
0.50
2.33
2.29
0.97
0.64
1.89
2.64
2.66
2.25
2.60
5.79
3.91
2.14
6.13
3.75
1.80
1.89
2.48
1.42
4.49
5.75
8.53
12.41
4.43
3.00
2.10
2.07
3.26
1.21
1.55
2.98
3.83
2.67
1.76
8.05
6.09
5.73
6.10
3.01
3.19
2.22
3.21
2.55
1.68
6.24
11.81
7.15
5.91
2.27
1.80
2.98
0.86
0.93
2.53
2.34
3.76
2.30
3.58
5.88
2.30
1.69
1.23
2.27
1.97
1.02
2.64
5.09
1.99
2.18
1.73
2.03
1.02
1.14
1.20
1.65
0.84
0.54
0.82
0.76
1.14
0.71
1.69
0.57
2.98
2.90
3.30
5.28
3.53
5.22
2.98
2.12
1.84
2.18
1.42
2.11
2.10
3.32
8.16
5.28
3.26
4.06
2.23
2.10
1.16
0.79
2.64
3.68
2.81
2.07
6.91
9.00
2.53
4.58
5.23
3.00
1.76
2.91
2.48
3.49
2.26
2.68
6.09
11.77
3.21
5.09
4.45
2.11
1.61
2.02
1.14
2.81
3.60
1.76
1.61
8.58
4.36
4.18
5.78
2.66
1.76
1.84
2.04
2.96
3.45
4.67
5.41
7.57
4.00
4.03
3.51
4.14
