GUESS    :WALKING
STARTTIME:1287848704366
ENDTIME  :1287848717305
LOCATION :Location[mProvider=network,mTime=1287848681664,mLatitude=55.749566400000006,mLongitude=12.37671915,mHasAltitude=false,mAltitude=0.0,mHasSpeed=false,mSpeed=0.0,mHasBearing=false,mBearing=0.0,mHasAccuracy=true,mAccuracy=50.0,mExtras=Bundle[mParcelledData.dataSize=148]]
ADDRESS :

8.35
5.90
3.21
1.76
2.44
4.82
6.82
5.57
8.70
2.79
1.85
3.70
4.21
3.41
2.03
2.41
3.68
1.84
4.10
6.91
6.58
2.91
6.07
4.60
0.97
2.18
2.19
3.58
3.73
5.48
5.13
9.85
5.13
6.16
3.45
2.22
1.69
2.40
2.18
4.25
3.38
4.79
7.21
6.13
5.01
6.61
6.96
2.70
1.38
2.10
4.09
3.23
5.13
6.44
7.25
0.76
2.68
3.36
2.03
1.33
1.63
1.87
2.41
3.02
1.88
3.98
7.35
3.76
5.94
4.97
4.92
1.61
1.46
1.80
3.27
4.49
4.14
3.35
8.10
3.26
2.12
2.49
3.83
2.67
1.58
2.48
3.41
2.76
3.31
5.43
7.75
6.47
7.97
5.43
1.43
2.17
1.76
3.19
4.84
6.24
7.42
10.57
3.99
8.19
4.79
2.98
3.62
2.45
3.87
4.30
2.34
3.36
10.87
7.46
5.16
6.99
3.73
1.96
1.72
1.70
4.66
6.46
6.36
10.46
6.57
4.34
3.98
4.21
2.30
4.28
2.47
3.42
3.21
3.21
9.08
4.02
3.75
7.94
5.28
1.25
0.59
2.75
3.30
5.30
5.18
5.76
8.79
4.44
4.21
4.06
3.13
0.82
2.98
3.06
3.98
1.27
5.79
7.80
5.87
5.39
4.97
5.19
3.17
1.63
2.56
2.75
4.45
3.34
5.07
9.77
5.48
4.93
4.29
2.87
1.55
0.68
1.46
1.23
2.41
2.64
3.26
4.37
4.17
5.83
4.29
9.15
6.40
2.68
4.86
2.04
1.62
2.14
7.79
8.73
4.22
6.22
5.45
2.21
1.10
2.04
1.88
2.44
1.62
3.87
4.52
3.99
6.28
4.93
6.97
4.77
2.85
4.78
3.76
5.04
3.06
3.11
3.91
6.82
7.70
4.26
4.82
3.28
1.87
2.68
3.31
3.02
0.91
5.79
7.52
5.37
1.50
8.09
4.03
2.64
2.49
2.81
3.60
3.36
4.25
6.74
9.51
7.35
3.95
3.00
3.17
1.23
1.32
2.62
2.81
3.19
2.75
1.72
7.87
3.57
2.45
4.59
