GUESS    :RUNNING
STARTTIME:1287849237236
ENDTIME  :1287849250111
LOCATION :Location[mProvider=network,mTime=1287849227159,mLatitude=55.749566400000006,mLongitude=12.37671915,mHasAltitude=false,mAltitude=0.0,mHasSpeed=false,mSpeed=0.0,mHasBearing=false,mBearing=0.0,mHasAccuracy=true,mAccuracy=50.0,mExtras=Bundle[mParcelledData.dataSize=148]]
ADDRESS :

0.83
1.54
2.60
2.03
1.46
3.05
2.79
4.10
4.13
1.73
3.68
2.33
2.00
1.27
1.84
1.54
2.00
1.84
1.84
4.03
3.11
4.48
7.50
4.29
4.33
3.34
2.91
2.45
1.38
2.56
7.01
9.33
8.74
7.67
5.05
4.88
3.19
8.12
8.24
4.36
7.65
11.37
18.77
11.67
31.97
9.08
7.26
19.15
6.40
2.56
4.10
19.63
16.47
16.75
14.40
24.33
8.46
5.61
3.94
11.55
16.43
9.78
21.18
15.98
13.80
6.07
4.02
29.11
14.10
9.36
6.24
17.35
10.54
3.21
3.68
25.50
10.77
19.80
12.14
5.92
2.79
12.54
16.81
9.26
10.27
9.45
14.34
8.20
2.67
2.04
16.81
18.96
15.64
14.42
18.66
9.22
4.71
3.94
7.93
17.90
12.07
6.21
4.84
5.73
3.60
2.53
13.97
10.91
5.53
11.45
12.42
4.81
3.94
7.19
9.32
5.45
2.08
3.66
2.87
17.38
9.64
4.69
15.62
11.84
4.52
18.92
12.04
9.55
3.65
6.76
6.55
6.09
8.39
22.04
5.33
3.87
6.14
20.04
12.76
16.34
2.57
13.80
14.41
4.82
2.91
17.08
16.97
18.80
3.27
6.51
4.28
2.93
1.24
4.33
4.86
22.38
10.73
12.60
6.10
2.22
2.89
8.00
10.34
7.25
9.56
5.28
4.25
3.27
7.04
5.20
7.19
16.28
13.97
14.94
13.91
9.34
11.51
12.11
6.66
12.48
22.83
9.58
9.59
3.43
16.67
9.15
13.42
18.16
9.11
0.53
2.82
13.33
17.30
13.24
5.61
12.22
5.37
2.74
2.45
4.52
19.57
10.99
7.35
6.05
20.21
5.64
4.94
5.90
5.87
18.46
9.56
2.55
10.54
16.49
7.04
5.90
10.95
17.58
13.33
10.12
8.14
17.84
8.04
2.21
7.75
13.21
14.10
9.00
12.56
12.95
1.91
1.46
0.80
5.63
13.38
6.86
3.60
1.20
9.04
10.42
4.11
1.58
9.64
12.35
10.22
5.98
5.64
4.11
1.83
3.01
3.30
1.68
2.72
3.61
4.59
8.96
