GUESS    :WALKING
STARTTIME:1287845284936
ENDTIME  :1287845297805
LOCATION :Location[mProvider=network,mTime=1287845252250,mLatitude=55.749566400000006,mLongitude=12.37671915,mHasAltitude=false,mAltitude=0.0,mHasSpeed=false,mSpeed=0.0,mHasBearing=false,mBearing=0.0,mHasAccuracy=true,mAccuracy=50.0,mExtras=Bundle[mParcelledData.dataSize=148]]
ADDRESS :

3.58
0.01
0.16
0.29
0.20
0.14
0.14
0.30
0.44
0.31
0.47
0.46
0.04
0.06
0.23
0.22
0.24
0.14
0.25
0.25
2.12
0.48
0.29
0.14
0.14
0.27
0.23
0.21
0.23
0.29
0.58
0.44
0.23
0.17
0.22
0.21
0.24
0.09
0.24
0.16
0.64
0.10
0.19
0.18
0.20
0.11
0.12
0.16
0.20
0.30
0.44
0.27
0.10
0.14
0.20
0.10
0.11
0.10
0.15
0.09
0.31
0.27
0.14
0.08
0.17
0.18
0.09
0.11
0.09
0.16
0.17
0.04
0.17
0.16
0.19
0.24
0.17
0.06
0.14
0.02
0.37
0.37
0.23
0.15
0.15
0.13
0.02
0.10
0.20
0.09
0.20
0.35
0.07
0.06
0.20
0.18
0.20
0.15
0.11
0.22
0.19
0.25
0.08
0.23
0.16
0.32
0.05
0.05
0.07
0.07
0.20
0.24
0.07
0.08
0.26
0.13
0.11
0.11
0.07
0.10
0.32
0.19
0.25
0.13
0.05
0.36
0.19
0.04
