GUESS    :WALKING
STARTTIME:1287845297806
ENDTIME  :1287845310726
LOCATION :Location[mProvider=network,mTime=1287845252250,mLatitude=55.749566400000006,mLongitude=12.37671915,mHasAltitude=false,mAltitude=0.0,mHasSpeed=false,mSpeed=0.0,mHasBearing=false,mBearing=0.0,mHasAccuracy=true,mAccuracy=50.0,mExtras=Bundle[mParcelledData.dataSize=148]]
ADDRESS :

3.83
1.42
9.30
4.94
3.11
1.42
2.06
1.84
0.41
1.55
1.85
2.94
4.52
4.11
6.33
5.52
2.37
5.24
2.30
1.68
1.53
3.53
1.63
3.17
4.14
5.83
4.94
7.76
4.21
1.68
0.65
2.25
0.94
0.69
1.76
1.46
1.50
2.64
3.68
3.45
7.40
2.86
5.61
2.91
2.56
1.18
2.04
1.25
3.64
1.76
3.16
6.69
6.89
6.14
3.57
1.83
2.03
0.90
1.43
0.97
1.72
1.50
2.06
2.26
0.84
7.27
6.86
5.45
7.48
2.33
2.29
2.67
2.44
2.57
2.75
2.70
2.10
4.39
4.14
3.64
4.32
1.24
2.64
1.14
2.26
0.67
3.28
1.35
4.44
3.16
2.37
4.93
5.67
3.95
8.27
4.70
2.15
1.40
2.89
2.72
4.89
3.50
5.76
6.02
5.76
3.34
2.53
1.93
2.67
0.44
2.17
1.25
1.95
4.25
2.67
1.97
4.37
4.52
4.17
5.84
6.05
1.69
2.62
2.67
3.19
3.83
1.54
2.60
7.89
4.14
4.36
2.45
0.76
1.73
1.63
1.69
1.61
0.72
1.81
5.86
3.64
7.95
4.51
3.36
8.12
3.42
2.45
2.62
2.67
1.88
5.31
3.49
3.92
9.15
3.88
1.95
2.52
2.45
1.72
1.38
0.87
2.23
4.02
2.36
3.50
3.80
7.11
3.04
6.32
2.48
2.11
0.91
2.03
1.29
3.53
3.49
5.09
4.71
7.85
2.34
1.39
3.79
2.59
3.41
1.05
1.99
1.97
4.55
2.33
2.78
4.14
5.41
2.63
4.43
3.04
2.49
1.68
2.64
2.07
2.94
3.98
5.98
4.45
9.93
5.76
3.68
1.18
1.95
2.94
0.42
1.84
2.07
2.75
4.02
2.07
2.26
5.52
5.79
2.83
6.89
2.91
1.96
2.56
2.64
2.53
2.23
2.93
5.72
9.74
7.50
5.73
3.17
1.81
2.68
0.72
0.59
0.71
1.42
2.49
1.65
2.18
1.12
5.90
1.83
5.07
3.45
2.60
0.60
2.83
1.53
1.44
4.07
5.52
3.87
9.44
3.64
