GUESS    :MOVING_HI
STARTTIME:1290441441344
ENDTIME  :1290441454187
LOCALSPD :0.0
LONGSPD  :0.0
LOCATION :Location[mProvider=network,mTime=1290441421498,mLatitude=55.756151,mLongitude=12.438793,mHasAltitude=false,mAltitude=0.0,mHasSpeed=false,mSpeed=0.0,mHasBearing=false,mBearing=0.0,mHasAccuracy=true,mAccuracy=1412.0,mExtras=Bundle[mParcelledData.dataSize=148]]
ADDRESS :

4.20
2.14
3.08
2.38
1.43
1.51
3.04
6.97
5.98
8.12
11.01
5.23
2.64
1.88
2.79
1.44
4.26
0.80
3.95
0.54
1.48
1.38
0.54
2.38
2.42
0.79
2.79
1.88
2.33
1.99
4.71
4.67
1.65
1.84
2.87
3.68
4.40
1.21
4.93
3.87
1.18
1.21
3.08
1.73
2.56
2.12
4.69
4.71
4.29
1.93
1.69
2.62
0.39
3.28
2.37
2.00
5.83
5.71
2.14
1.80
3.30
4.69
1.29
2.30
0.89
1.80
2.18
6.21
3.53
1.92
3.79
5.88
5.41
2.06
3.13
7.07
1.48
2.38
2.68
1.14
1.80
1.78
3.06
0.86
1.76
4.18
5.22
3.53
4.14
19.44
18.48
4.29
5.76
6.58
1.50
3.12
2.97
1.31
3.94
2.71
0.44
1.57
2.64
2.48
3.45
2.91
4.37
3.65
1.10
1.47
2.86
4.17
1.42
1.84
3.68
4.22
1.73
1.99
0.89
2.67
2.53
1.92
4.67
5.45
1.85
5.24
1.61
5.22
1.59
2.93
2.75
4.03
2.76
3.81
2.72
1.50
3.09
3.55
4.84
4.99
1.04
3.11
3.06
1.73
4.37
2.71
1.73
4.51
2.64
1.35
2.87
3.70
1.24
2.63
1.39
2.06
1.01
2.68
1.31
2.57
1.96
4.92
1.39
1.99
11.48
7.10
4.96
3.32
7.04
5.75
6.32
13.57
12.57
3.39
8.53
11.09
21.10
17.69
3.91
10.98
15.28
19.91
3.87
6.78
19.48
20.85
10.58
10.13
6.06
4.52
20.99
18.43
8.84
7.35
4.02
6.58
8.68
12.22
14.08
2.63
3.23
12.11
9.07
3.96
2.37
5.41
1.31
3.28
3.02
4.90
0.84
4.25
3.51
4.67
2.44
6.76
5.60
10.30
4.82
6.12
9.38
3.65
7.93
1.95
5.71
2.68
6.97
8.04
6.54
3.17
2.41
1.25
4.28
2.74
1.61
2.23
4.99
2.44
1.89
1.01
2.48
1.66
2.96
2.42
2.85
1.65
4.02
2.60
2.07
1.46
2.59
2.83
2.97
2.79
2.26
1.61
