GUESS    :MOVING_HI
STARTTIME:1290441441344
ENDTIME  :1290441454187
LOCALSPD :0.0
LONGSPD  :0.0
LOCATION :Location[mProvider=network,mTime=1290441421498,mLatitude=55.756151,mLongitude=12.438793,mHasAltitude=false,mAltitude=0.0,mHasSpeed=false,mSpeed=0.0,mHasBearing=false,mBearing=0.0,mHasAccuracy=true,mAccuracy=1412.0,mExtras=Bundle[mParcelledData.dataSize=148]]
ADDRESS :

4.31
2.11
1.97
1.63
0.81
1.03
1.34
0.44
0.34
0.39
0.59
0.22
0.64
0.51
0.55
0.34
0.65
0.30
0.34
0.19
0.48
0.27
0.34
0.29
0.28
0.25
0.36
0.27
0.45
0.20
0.46
0.19
0.43
0.16
0.28
0.62
0.18
0.27
0.69
0.27
0.48
0.58
0.21
0.42
0.16
0.41
0.29
0.51
0.78
0.56
0.69
0.79
0.25
0.40
0.62
0.13
0.56
0.18
0.39
0.61
0.43
0.53
0.67
0.42
0.13
0.52
0.06
0.10
0.48
0.48
0.38
0.74
0.19
0.42
0.13
0.56
0.38
0.27
0.56
0.34
0.07
0.24
0.11
0.02
0.35
0.27
0.29
0.23
0.14
0.34
0.24
0.24
0.19
0.09
0.37
0.43
0.21
0.30
0.28
0.08
0.31
0.05
0.14
0.15
0.29
0.19
0.43
0.18
0.26
0.21
0.06
0.16
0.13
0.27
0.19
0.02
0.09
0.11
0.37
0.37
0.27
0.15
0.13
0.11
0.30
0.16
0.17
0.34
