GUESS    :MOVING_HI
STARTTIME:1290441557674
ENDTIME  :1290441570503
LOCALSPD :0.0
LONGSPD  :5.1175814
LOCATION :Location[mProvider=network,mTime=1290441543870,mLatitude=55.754203700000005,mLongitude=12.4121687,mHasAltitude=false,mAltitude=0.0,mHasSpeed=false,mSpeed=0.0,mHasBearing=false,mBearing=0.0,mHasAccuracy=true,mAccuracy=60.0,mExtras=Bundle[mParcelledData.dataSize=148]]
ADDRESS :

3.19
2.91
1.50
4.03
4.52
3.80
3.06
5.97
4.24
4.20
4.28
4.40
3.21
1.72
3.34
5.12
3.21
3.65
5.68
3.83
5.16
4.36
7.19
4.56
1.87
2.85
5.43
4.64
5.60
6.36
5.73
3.75
3.68
5.33
4.36
1.39
2.03
5.95
5.86
4.13
7.33
3.00
4.71
4.18
5.48
4.84
2.03
2.83
5.46
4.60
3.21
9.07
4.71
2.96
2.59
10.27
8.24
1.65
3.11
4.90
3.64
3.51
6.59
4.90
1.14
4.45
2.81
3.76
2.56
1.46
4.07
4.28
5.09
7.52
4.22
7.40
2.15
11.14
8.65
0.27
4.37
3.17
4.33
4.26
5.86
1.96
4.37
3.94
1.70
2.22
2.53
1.88
3.26
3.41
4.37
4.49
3.31
4.75
1.92
5.75
3.11
2.96
4.51
3.15
2.83
5.22
3.27
2.62
4.06
4.00
4.90
3.30
3.13
1.73
4.64
4.86
3.80
3.83
6.01
6.17
2.90
6.82
6.20
3.11
11.51
6.78
3.27
3.68
2.53
4.67
7.06
6.35
7.65
4.75
4.41
3.91
3.41
6.10
6.37
5.22
4.90
2.22
2.72
8.84
3.87
0.67
4.62
2.37
3.05
1.57
3.65
2.48
6.29
1.99
4.21
4.60
3.06
3.09
3.68
2.83
2.08
4.41
4.78
1.92
2.51
5.37
5.20
1.33
2.60
3.47
2.33
3.99
6.67
2.75
27.20
10.88
23.39
6.36
3.00
7.63
1.38
2.72
6.76
8.88
3.04
5.15
6.69
3.95
12.67
6.78
16.29
3.32
1.48
12.75
12.04
12.91
14.60
5.56
6.28
2.68
7.40
5.37
4.58
11.21
9.53
2.49
2.15
2.41
2.82
2.83
1.88
0.74
2.49
1.46
2.82
3.32
2.85
1.36
3.32
3.13
3.49
3.11
1.81
3.65
1.05
1.74
3.32
1.84
2.83
2.37
3.13
4.03
1.73
3.13
1.58
2.86
3.39
3.87
1.95
1.31
2.60
2.42
2.78
2.91
3.51
3.06
1.06
1.61
3.09
2.68
2.06
4.70
3.13
2.22
2.30
1.96
