GUESS    :MOVING_HI
STARTTIME:1290441686434
ENDTIME  :1290441699264
LOCALSPD :8.5035515
LONGSPD  :7.3791904
LOCATION :Location[mProvider=network,mTime=1290441673579,mLatitude=55.7501117,mLongitude=12.3941113,mHasAltitude=false,mAltitude=0.0,mHasSpeed=false,mSpeed=0.0,mHasBearing=false,mBearing=0.0,mHasAccuracy=true,mAccuracy=65.0,mExtras=Bundle[mParcelledData.dataSize=148]]
ADDRESS :

3.23
0.39
0.43
1.32
0.37
0.97
0.76
0.29
1.17
0.20
0.32
0.47
0.32
0.63
0.44
0.53
0.44
0.70
0.71
0.30
0.43
0.54
0.41
0.40
0.37
0.52
0.33
0.22
0.50
0.25
0.36
0.29
0.35
0.39
0.27
0.33
0.13
0.27
0.43
0.06
0.33
0.42
0.09
0.61
0.14
0.48
0.46
0.03
0.52
0.49
0.17
0.38
0.16
0.46
0.23
0.30
0.26
0.11
0.40
0.27
0.04
0.49
0.14
0.42
0.50
0.04
0.33
0.31
0.30
0.39
0.14
0.25
0.26
0.12
0.19
0.02
0.29
0.22
0.29
0.26
0.10
0.20
0.09
0.30
0.27
0.13
0.30
0.22
0.14
0.20
0.12
0.32
0.11
0.07
0.42
0.14
0.16
0.23
0.05
0.03
0.28
0.14
0.07
0.18
0.16
0.13
0.29
0.18
0.16
0.11
0.33
0.46
0.07
0.11
0.16
0.24
0.17
0.27
0.35
0.38
0.30
0.26
0.08
0.29
0.07
0.32
0.15
0.13
