GUESS    :MOVING_HI
STARTTIME:1290440522004
ENDTIME  :1290440535844
LOCALSPD :0.2850674
LONGSPD  :2.4457214
LOCATION :Location[mProvider=network,mTime=1290440519738,mLatitude=55.771866550000006,mLongitude=12.50023129,mHasAltitude=false,mAltitude=0.0,mHasSpeed=false,mSpeed=0.0,mHasBearing=false,mBearing=0.0,mHasAccuracy=true,mAccuracy=39.0,mExtras=Bundle[mParcelledData.dataSize=148]]
ADDRESS :

7.05
0.73
0.41
0.53
1.43
0.43
1.39
0.27
0.75
0.63
1.16
0.92
0.98
0.33
0.95
0.84
0.81
0.85
0.34
0.39
0.55
0.97
0.13
0.47
0.28
0.65
0.38
0.39
0.21
0.53
0.23
0.90
0.39
0.64
0.27
0.26
0.02
0.41
0.43
0.26
0.18
0.90
0.15
0.82
0.75
0.43
0.65
0.99
1.02
0.17
0.65
0.14
0.42
0.37
0.31
0.19
0.70
1.09
1.22
0.88
0.29
0.41
0.64
0.48
0.43
0.51
0.32
0.79
0.61
0.68
0.20
0.02
0.39
0.44
0.15
0.33
0.39
0.61
0.28
0.25
0.91
0.49
0.34
0.34
0.45
0.55
0.51
0.40
0.39
0.34
0.45
0.26
0.74
0.49
0.34
0.48
0.23
0.29
0.09
0.48
0.24
0.35
0.39
0.16
0.62
0.50
0.76
0.27
0.21
0.11
0.66
0.46
0.46
0.12
0.44
0.55
0.45
0.16
0.50
0.26
0.17
0.19
0.31
0.24
0.43
0.26
0.44
0.51
