GUESS    :WALKING
STARTTIME:1290441079674
ENDTIME  :1290441092513
LOCALSPD :5.378179
LONGSPD  :6.945982
LOCATION :Location[mProvider=network,mTime=1290441043819,mLatitude=55.76586103333333,mLongitude=12.449426533333332,mHasAltitude=false,mAltitude=0.0,mHasSpeed=false,mSpeed=0.0,mHasBearing=false,mBearing=0.0,mHasAccuracy=true,mAccuracy=62.0,mExtras=Bundle[mParcelledData.dataSize=148]]
ADDRESS :

1.68
1.06
0.59
2.32
3.11
4.54
1.80
1.23
2.10
2.22
3.46
5.05
1.55
2.67
1.42
3.23
1.02
2.98
1.38
3.98
2.86
3.00
4.94
5.00
3.02
4.59
4.39
5.56
4.13
7.08
3.21
3.17
2.51
2.86
2.62
1.95
1.18
1.84
2.41
1.81
1.85
3.90
4.97
3.50
2.56
1.18
2.44
1.31
2.74
3.70
3.00
1.99
3.75
3.47
1.57
1.69
6.32
6.67
2.67
3.85
3.05
3.53
0.79
1.80
3.45
2.52
1.92
0.84
1.95
4.21
1.27
6.46
6.20
2.90
5.49
1.24
1.20
1.57
1.05
2.04
3.09
1.88
1.40
2.70
2.81
1.54
4.82
5.94
2.45
2.93
2.60
1.88
1.66
0.76
1.48
3.68
3.68
2.07
3.06
2.57
2.67
5.58
5.27
2.04
4.64
1.04
1.14
1.53
0.46
1.16
0.91
2.68
1.47
1.13
1.44
1.04
3.30
3.92
3.11
2.86
2.14
2.89
1.08
1.59
1.39
2.72
2.56
3.45
2.04
1.02
2.17
3.02
6.82
4.06
3.83
2.03
0.39
1.27
0.91
2.47
1.63
2.30
1.53
3.41
2.47
7.29
4.88
4.29
2.23
4.13
2.75
2.07
2.30
2.03
2.14
3.19
3.39
1.80
2.02
1.27
2.36
5.79
4.36
3.30
2.98
1.54
0.97
1.23
2.34
3.45
0.95
1.76
3.19
0.67
2.75
6.48
2.22
4.14
2.57
4.24
1.39
1.53
3.98
2.41
1.08
1.84
3.00
3.90
1.27
7.44
5.13
4.44
3.41
0.82
2.44
1.54
2.53
3.58
2.30
1.50
2.34
2.29
0.93
4.14
4.22
4.92
3.62
3.54
1.48
2.49
2.00
1.84
2.96
2.07
1.87
3.23
1.48
2.41
3.09
3.65
2.14
1.96
0.53
2.68
1.38
1.28
4.26
3.34
1.38
2.82
2.91
3.57
2.12
4.45
2.34
3.38
2.87
1.25
3.31
1.70
0.98
3.17
2.81
5.07
2.66
1.70
3.04
2.07
4.21
5.79
3.64
2.72
4.25
1.53
2.14
2.56
