GUESS    :WALKING
STARTTIME:1288010591533
ENDTIME  :1288010606941
LOCALSPD :0.0
LONGSPD  :-1.0
LOCATION :org.peterstrand.service.LocationWrapper@449a6a18
ADDRESS :

0.31
0.68
1.65
1.46
3.51
2.45
1.80
0.53
1.23
0.95
0.38
1.38
0.84
0.76
1.17
1.18
3.11
2.68
2.30
0.33
0.76
0.35
0.27
0.38
0.46
0.23
0.16
0.12
0.49
0.91
0.15
0.25
0.31
0.41
0.61
0.52
0.89
2.45
1.04
2.29
1.17
1.08
0.93
0.37
0.49
0.60
0.57
1.09
0.30
0.38
0.67
0.65
0.41
1.16
0.57
0.74
0.95
2.70
3.26
1.99
1.23
2.19
0.97
0.99
0.38
0.95
0.87
0.23
0.46
0.42
0.68
0.19
0.27
1.16
3.08
2.30
3.34
1.35
1.53
0.97
0.72
0.49
0.44
0.46
0.31
0.64
0.22
0.71
0.67
3.92
2.96
4.48
0.97
1.08
0.80
0.91
0.86
0.67
0.42
0.57
0.31
0.84
1.35
2.33
3.08
3.60
1.14
1.57
2.21
1.44
0.69
0.54
0.91
1.65
0.50
2.51
1.61
1.57
1.68
1.13
0.91
1.12
1.42
0.93
0.91
0.76
0.84
1.01
2.37
1.99
3.60
2.22
2.06
1.88
1.39
0.38
0.74
1.21
0.33
0.22
0.64
1.44
1.65
1.18
1.63
2.76
0.93
1.62
1.23
0.80
1.04
0.23
1.06
0.63
0.83
1.05
1.54
1.61
1.46
1.10
1.57
0.57
0.95
0.68
2.11
2.62
0.42
1.40
0.42
1.58
1.08
0.42
0.82
0.79
0.50
0.30
0.79
0.78
1.28
1.57
2.72
2.91
1.46
1.04
0.65
0.80
0.42
0.83
0.59
0.65
1.05
1.40
0.82
3.49
4.82
1.73
0.54
1.51
2.81
0.42
0.74
1.06
1.04
0.53
0.80
4.09
1.73
5.28
2.83
1.46
1.50
1.10
0.69
0.15
0.26
0.69
1.25
2.40
3.77
3.95
1.68
1.54
1.58
1.27
1.12
0.69
1.06
1.58
2.90
1.35
4.17
1.54
1.54
1.77
0.99
2.23
0.67
0.93
0.53
0.53
0.54
1.72
1.29
4.48
0.99
0.82
0.94
0.82
0.80
1.54
1.27
1.38
1.14
2.37
0.65
1.61
