GUESS    :MOVING_ME
STARTTIME:1288010622383
ENDTIME  :1288010636520
LOCALSPD :0.0
LONGSPD  :0.0
LOCATION :org.peterstrand.service.LocationWrapper@44999eb8
ADDRESS :

2.72
2.03
4.20
6.58
4.02
3.54
2.97
1.88
1.72
2.72
1.65
4.39
5.39
1.38
4.70
3.68
0.69
0.74
3.06
0.42
1.54
2.72
0.99
2.45
1.66
1.57
1.69
1.87
3.16
1.38
2.17
2.34
2.02
1.43
3.41
2.44
2.87
2.47
1.29
2.59
2.42
2.37
1.21
0.76
1.46
2.86
1.33
1.80
2.22
3.15
1.54
2.14
1.54
1.47
2.22
1.59
1.29
2.66
1.29
3.83
1.57
2.11
2.91
3.70
2.22
1.68
2.37
2.00
0.74
5.12
1.16
1.12
2.26
1.44
1.73
2.49
1.99
1.59
0.95
2.00
1.27
0.61
1.38
1.14
1.38
1.35
2.03
4.48
2.44
0.76
3.21
1.58
1.16
3.20
1.10
2.51
0.94
4.43
3.45
0.68
3.61
0.71
1.58
0.78
2.75
4.93
1.35
3.79
4.86
4.79
1.59
1.28
2.79
2.15
2.72
2.52
4.97
3.19
0.80
3.94
4.82
2.64
4.56
2.64
5.07
2.36
3.26
2.34
2.42
1.65
1.76
2.83
3.15
2.22
2.10
2.83
1.43
2.64
3.68
2.75
0.54
3.51
7.70
4.73
1.69
4.33
0.42
3.28
3.91
1.21
1.46
2.62
2.07
1.87
1.46
2.98
2.26
2.96
1.81
3.87
3.28
1.69
2.81
3.84
1.48
2.62
2.33
1.25
1.24
6.17
1.38
0.93
2.48
2.56
2.67
1.51
2.91
1.50
3.75
0.87
2.87
3.84
1.50
2.44
0.76
3.76
4.13
4.52
5.78
1.32
2.34
0.91
3.47
0.72
1.36
3.11
2.42
2.60
7.55
1.80
4.73
5.39
6.40
3.42
3.08
2.90
2.98
3.64
2.83
4.11
2.00
1.92
3.32
2.49
1.50
2.30
2.76
1.27
2.81
0.91
1.42
0.89
1.85
1.42
1.77
1.96
3.95
3.08
3.79
0.84
5.71
1.81
1.42
3.79
0.49
0.54
1.77
2.75
3.05
1.69
2.86
6.82
4.34
1.93
1.35
6.02
3.19
0.79
1.96
1.27
4.30
4.06
5.60
1.61
1.61
2.17
