GUESS    :MOVING_SM
STARTTIME:1290713208977
ENDTIME  :1290713222915
LOCALSPD :0.0
LONGSPD  :-1.0
LOCATION :Location[mProvider=network,mTime=1290713203186,mLatitude=55.7494979,mLongitude=12.3766543,mHasAltitude=false,mAltitude=0.0,mHasSpeed=false,mSpeed=0.0,mHasBearing=false,mBearing=0.0,mHasAccuracy=true,mAccuracy=74.0,mExtras=Bundle[mParcelledData.dataSize=148]]
ADDRESS :

0.11
0.31
0.42
0.33
0.33
0.27
0.27
0.11
0.10
0.27
0.38
0.27
0.41
0.38
0.74
0.04
0.26
0.38
0.19
0.15
0.07
0.18
0.08
0.30
0.39
0.78
0.34
0.22
0.16
0.34
0.27
0.46
0.20
0.35
0.57
0.19
0.20
0.14
0.29
0.19
0.19
0.15
0.61
0.53
0.08
0.57
0.22
0.54
0.31
0.34
0.50
0.49
0.29
0.27
0.48
0.15
0.38
0.04
0.11
0.16
0.14
0.15
0.15
0.26
0.15
0.18
0.26
0.35
0.33
0.20
0.08
0.23
0.37
0.52
0.20
0.29
0.27
0.34
0.27
0.34
0.20
0.08
0.16
0.22
0.16
0.26
0.45
0.42
0.48
0.68
0.98
0.46
0.61
0.31
0.57
0.19
1.08
0.86
0.12
0.39
0.41
0.23
0.12
0.12
0.08
0.26
0.15
0.15
0.23
0.15
0.34
0.23
0.08
0.15
0.15
0.15
0.16
0.04
0.07
0.14
0.16
0.27
0.49
0.19
0.30
0.03
0.19
0.52
0.30
0.29
0.20
0.23
0.38
0.61
0.35
0.27
0.68
0.72
1.72
2.22
1.53
0.90
0.82
0.82
0.54
0.42
0.38
0.42
0.91
1.66
0.53
0.99
0.42
1.12
1.55
1.20
0.27
0.27
0.27
0.26
0.37
0.08
0.19
0.49
0.11
0.08
0.07
0.11
0.23
0.23
0.19
0.22
0.16
0.26
0.18
0.41
0.35
0.04
0.15
0.16
0.16
0.27
0.31
0.15
0.38
0.35
0.33
0.27
0.22
0.04
0.19
0.35
0.22
0.08
0.33
0.19
0.11
0.15
0.31
0.23
0.26
0.29
0.16
0.22
0.18
0.23
0.49
0.19
0.23
0.03
0.04
0.25
0.16
0.35
0.15
0.08
0.12
0.20
0.19
0.08
0.15
0.23
0.27
0.79
1.12
1.54
1.18
0.95
0.80
0.89
0.91
0.31
0.52
0.59
0.35
0.53
0.39
0.49
0.42
0.30
0.35
0.30
0.35
0.65
0.42
0.50
0.34
0.53
0.35
1.18
0.82
0.52
1.17
0.84
0.27
0.11
