GUESS    :IDLE
STARTTIME:1288018020484
ENDTIME  :1288018035155
LOCALSPD :0.0
LONGSPD  :-1.0
LOCATION :org.peterstrand.service.LocationWrapper@44963108
ADDRESS :

0.04
0.16
0.12
0.12
0.08
0.08
0.12
0.08
0.04
0.12
0.12
0.12
0.08
0.08
0.08
0.12
0.12
0.16
0.08
0.16
0.08
0.04
0.08
0.04
0.12
0.19
0.19
0.16
0.12
0.08
0.12
0.08
0.08
0.08
0.12
0.12
0.12
0.08
0.16
0.12
0.12
0.08
0.12
0.08
0.27
0.15
0.25
0.16
0.25
0.12
0.08
0.08
0.20
0.16
0.20
0.12
0.12
0.16
0.08
0.12
0.16
0.08
0.29
0.04
0.25
0.12
0.20
0.08
0.04
0.16
0.04
0.16
0.08
0.20
0.16
0.04
0.20
0.12
0.08
0.12
0.12
0.11
0.19
0.08
0.16
0.20
0.16
0.12
0.04
0.20
0.04
0.16
0.12
0.20
0.04
0.12
0.25
0.12
0.04
0.04
0.16
0.12
0.16
0.08
0.12
0.20
0.08
0.12
0.29
0.08
0.16
0.16
0.08
0.08
0.12
0.12
0.31
0.27
0.16
0.04
0.12
0.12
0.27
0.19
0.08
0.04
0.08
0.12
0.12
0.12
0.08
0.08
0.08
0.16
0.04
0.12
0.16
0.25
0.08
0.12
0.12
0.16
0.08
0.08
0.08
0.12
0.16
0.12
0.04
0.12
0.16
0.08
0.08
0.08
0.12
0.16
0.12
0.12
0.16
0.04
0.16
0.12
0.08
0.20
0.16
0.04
0.08
0.08
0.04
0.08
0.16
0.16
0.16
0.08
0.08
0.12
0.12
0.04
0.04
0.12
0.04
0.12
0.08
0.08
0.16
0.08
0.08
0.08
0.12
0.08
0.08
0.08
0.08
0.12
0.20
0.12
0.12
0.08
0.08
0.12
0.15
0.23
0.12
0.08
0.16
0.08
0.20
0.20
0.12
0.12
0.08
0.16
0.08
0.20
0.16
0.12
0.16
0.16
0.12
0.08
0.08
0.04
0.12
0.12
0.12
0.12
0.08
0.12
0.04
0.12
0.08
0.04
0.04
0.04
0.04
0.08
0.08
0.08
0.04
0.12
0.08
0.08
0.08
0.12
0.08
0.08
0.04
0.12
0.04
0.08
0.08
0.08
0.08
0.08
0.08
0.08
