GUESS    :MOVING_ME
STARTTIME:1289461996276
ENDTIME  :1289462010295
LOCALSPD :0.0
LONGSPD  :-1.0
LOCATION :Location[mProvider=network,mTime=1289462003017,mLatitude=55.749555175,mLongitude=12.376701625,mHasAltitude=false,mAltitude=0.0,mHasSpeed=false,mSpeed=0.0,mHasBearing=false,mBearing=0.0,mHasAccuracy=true,mAccuracy=50.0,mExtras=Bundle[mParcelledData.dataSize=148]]
ADDRESS :

1.69
1.29
0.97
0.79
3.00
3.45
3.34
2.68
1.46
1.42
1.32
0.91
0.22
0.84
0.54
0.80
0.84
1.69
2.53
7.16
3.57
3.21
2.89
2.78
1.39
1.55
1.72
5.16
0.30
3.36
1.73
0.95
1.23
1.38
1.62
2.22
2.93
1.88
4.36
3.91
1.42
1.96
1.92
1.91
2.64
1.83
2.38
1.65
3.11
1.66
4.63
1.77
2.25
2.81
2.41
1.42
0.97
3.64
4.60
3.68
4.18
2.34
1.91
2.56
2.42
4.60
2.23
2.18
5.64
2.78
5.39
3.16
2.90
2.83
0.76
1.09
1.46
2.07
3.27
4.14
5.73
0.87
2.52
6.69
7.18
7.90
2.79
1.42
0.35
3.87
5.35
5.09
2.72
5.52
1.17
3.68
8.51
9.94
3.32
7.93
2.26
4.88
4.39
3.08
0.71
5.34
4.86
1.40
1.38
1.88
1.83
1.53
1.39
4.17
3.09
5.33
6.35
4.82
1.85
4.36
1.33
2.66
1.46
1.99
1.61
6.61
5.13
4.99
4.15
2.75
1.65
1.43
0.76
1.08
2.45
3.57
5.28
8.12
4.15
1.88
1.43
1.68
1.65
0.61
3.60
4.56
0.89
5.79
3.60
2.25
2.34
2.34
0.78
2.42
1.54
1.39
3.65
4.49
3.30
4.70
1.77
11.67
7.98
3.88
3.04
3.24
2.11
1.93
1.16
3.23
1.72
1.65
1.76
1.57
2.52
2.44
3.24
3.15
2.53
2.07
4.14
3.45
2.79
4.07
1.61
3.72
10.99
9.56
12.48
4.03
6.61
4.55
2.83
1.04
5.20
2.33
1.32
3.09
0.50
1.12
1.42
0.86
2.34
1.01
1.70
1.14
1.18
0.99
1.51
2.26
2.86
2.06
1.23
0.78
1.65
1.21
2.15
1.08
0.89
1.33
0.84
2.81
0.84
1.48
1.08
1.10
0.42
0.84
1.57
2.22
1.14
1.16
1.46
1.38
1.02
0.67
1.50
0.72
0.84
0.69
0.41
0.50
0.42
2.34
0.80
0.52
2.30
3.39
2.75
3.83
1.99
2.14
4.40
4.86
8.08
4.85
