GUESS    :MOVING_SM
STARTTIME:1290862868442
ENDTIME  :1290862882257
LOCALSPD :0.0
LONGSPD  :-1.0
LOCATION :Location[mProvider=network,mTime=1290862856727,mLatitude=55.610584,mLongitude=12.31749,mHasAltitude=false,mAltitude=0.0,mHasSpeed=false,mSpeed=0.0,mHasBearing=false,mBearing=0.0,mHasAccuracy=true,mAccuracy=726.0,mExtras=Bundle[mParcelledData.dataSize=148]]
ADDRESS :

0.49
0.59
0.67
0.93
0.57
0.86
0.60
1.04
0.27
0.93
1.04
0.99
2.70
0.76
0.54
1.65
1.14
1.33
1.01
0.79
0.50
2.34
1.68
1.47
0.89
0.89
1.43
0.72
2.94
2.00
1.10
1.14
0.98
0.39
1.10
1.72
1.12
1.84
0.89
2.26
2.48
1.76
0.99
4.14
3.26
0.87
0.57
0.59
1.65
0.45
0.38
1.06
0.72
0.69
1.40
1.80
0.95
0.72
2.38
1.38
0.95
0.60
1.54
2.27
2.03
1.55
2.37
1.09
1.13
1.27
0.78
0.69
1.02
0.49
1.29
0.72
1.42
1.18
0.89
1.66
1.08
0.30
0.23
0.19
0.69
0.61
0.79
0.35
0.93
1.14
0.34
0.52
0.68
0.29
1.10
1.04
0.69
1.27
0.72
0.89
1.18
0.80
0.57
0.63
0.74
0.53
0.38
0.38
0.34
0.57
0.53
0.74
0.54
0.76
0.45
0.78
0.68
2.23
0.71
0.99
0.99
1.01
0.50
0.78
0.33
0.49
0.20
0.12
0.19
0.20
0.19
0.27
0.25
1.24
1.31
0.91
0.34
1.33
1.42
1.58
1.16
1.12
0.72
1.85
0.72
0.93
1.12
0.74
1.20
0.45
0.57
0.76
0.67
0.80
0.38
0.80
0.78
0.48
0.31
0.69
0.49
0.38
0.46
0.91
0.80
1.12
1.65
2.03
3.61
1.80
0.80
1.39
0.31
0.53
0.49
0.19
0.52
0.23
0.34
0.46
0.57
0.46
0.23
0.31
0.29
0.11
0.38
0.23
0.11
0.20
0.08
0.20
0.08
0.15
0.11
0.10
0.10
0.34
0.30
0.20
0.31
0.15
0.63
0.52
0.83
0.30
0.50
0.30
0.22
0.35
0.07
0.26
0.19
0.12
0.08
0.04
0.20
0.03
0.08
0.04
0.07
0.15
0.18
0.15
0.25
0.12
0.12
0.16
0.08
0.20
0.25
0.04
0.15
0.11
0.15
0.19
0.12
0.16
0.18
0.07
0.12
0.20
0.18
0.19
0.44
0.27
0.19
0.07
0.20
0.08
0.08
0.16
0.20
0.12
0.12
0.16
