GUESS    :IDLE
STARTTIME:1288017481604
ENDTIME  :1288017496072
LOCALSPD :0.0
LONGSPD  :-1.0
LOCATION :org.peterstrand.service.LocationWrapper@4491b118
ADDRESS :

0.09
0.00
0.01
0.01
0.01
0.01
0.01
0.01
0.01
0.01
0.01
0.01
0.01
0.01
0.01
0.01
0.01
0.01
0.01
0.00
0.01
0.01
0.01
0.01
0.01
0.01
0.01
0.01
0.00
0.00
0.01
0.00
0.00
0.01
0.01
0.01
0.00
0.00
0.01
0.00
0.00
0.01
0.00
0.00
0.00
0.01
0.00
0.01
0.00
0.01
0.00
0.01
0.00
0.00
0.00
0.00
0.01
0.01
0.01
0.01
0.01
0.00
0.00
0.00
0.00
0.01
0.01
0.01
0.00
0.00
0.01
0.01
0.00
0.01
0.00
0.00
0.01
0.00
0.00
0.00
0.00
0.00
0.01
0.00
0.00
0.00
0.00
0.00
0.00
0.01
0.00
0.00
0.01
0.00
0.00
0.00
0.00
0.00
0.00
0.00
0.00
0.00
0.00
0.00
0.00
0.00
0.00
0.00
0.01
0.00
0.00
0.00
0.00
0.00
0.00
0.00
0.00
0.00
0.00
0.00
0.00
0.00
0.01
0.00
0.00
0.00
0.01
0.00
