GUESS    :RUNNING
STARTTIME:1288854749488
ENDTIME  :1288854762517
LOCALSPD :0.0
LONGSPD  :0.26218745
LOCATION :Location[mProvider=network,mTime=1288854752794,mLatitude=55.749226,mLongitude=12.3741394,mHasAltitude=false,mAltitude=0.0,mHasSpeed=false,mSpeed=0.0,mHasBearing=false,mBearing=0.0,mHasAccuracy=true,mAccuracy=75.0,mExtras=Bundle[mParcelledData.dataSize=148]]
ADDRESS :

14.68
0.42
0.48
0.82
0.36
0.62
0.51
0.42
0.23
0.94
0.51
0.35
0.77
1.01
1.19
0.64
1.87
1.29
0.63
0.69
0.64
1.03
0.45
0.58
1.25
0.55
1.09
0.12
0.23
0.12
0.41
1.42
6.28
9.63
4.99
2.50
1.34
1.47
0.96
0.10
0.96
0.16
0.48
0.25
0.75
0.92
0.56
1.08
1.45
0.41
1.14
1.42
0.88
0.40
0.68
0.19
0.68
1.43
0.69
0.66
0.47
0.40
0.58
0.07
1.10
1.58
1.24
1.29
0.51
1.11
0.88
0.32
0.19
1.19
0.57
0.45
0.60
0.64
1.41
0.58
0.28
1.33
0.26
0.72
1.90
0.37
0.38
0.07
0.71
0.54
0.86
0.75
1.26
0.33
2.41
0.55
0.67
2.46
1.36
1.68
1.08
1.37
0.77
1.11
0.47
0.37
0.66
1.72
0.69
0.42
1.06
0.72
0.70
0.61
1.43
0.78
1.14
1.09
1.04
0.86
0.37
0.67
0.28
1.77
0.45
1.15
2.15
2.65
