GUESS    :RUNNING
STARTTIME:1288854983568
ENDTIME  :1288854996737
LOCALSPD :0.0
LONGSPD  :0.0
LOCATION :Location[mProvider=network,mTime=1288854989284,mLatitude=55.749176225,mLongitude=12.377375625,mHasAltitude=false,mAltitude=0.0,mHasSpeed=false,mSpeed=0.0,mHasBearing=false,mBearing=0.0,mHasAccuracy=true,mAccuracy=93.0,mExtras=Bundle[mParcelledData.dataSize=148]]
ADDRESS :

16.29
0.73
1.28
0.38
0.60
0.53
0.72
0.19
1.48
0.11
0.39
0.84
1.01
0.35
0.67
0.30
0.74
2.17
1.25
1.33
0.43
0.40
1.30
1.44
1.55
1.44
2.12
1.09
1.56
0.27
1.99
2.15
3.45
6.46
2.90
9.49
6.46
2.45
2.23
0.28
1.27
1.42
1.19
1.60
1.59
1.46
0.36
0.34
0.35
0.31
1.61
1.51
0.77
0.34
0.42
1.21
1.31
1.12
1.61
1.14
0.92
1.76
1.06
1.90
0.35
1.32
2.65
0.54
1.64
0.81
0.92
0.42
0.11
0.40
1.42
1.21
0.08
1.01
0.87
0.11
2.35
1.63
0.09
0.93
0.57
0.66
1.14
0.16
0.69
1.32
0.83
0.70
1.14
1.30
0.88
0.38
0.31
1.26
0.84
0.93
1.69
0.66
2.02
0.84
1.68
1.21
0.99
0.81
0.57
1.02
0.99
1.33
0.09
0.61
1.06
0.54
1.14
0.85
1.30
2.50
1.21
1.06
1.46
0.17
0.96
0.17
0.59
0.30
