GUESS    :RUNNING
STARTTIME:1288855022488
ENDTIME  :1288855035412
LOCALSPD :0.0
LONGSPD  :0.0
LOCATION :Location[mProvider=network,mTime=1288854989284,mLatitude=55.749176225,mLongitude=12.377375625,mHasAltitude=false,mAltitude=0.0,mHasSpeed=false,mSpeed=0.0,mHasBearing=false,mBearing=0.0,mHasAccuracy=true,mAccuracy=93.0,mExtras=Bundle[mParcelledData.dataSize=148]]
ADDRESS :

15.38
1.09
0.70
0.80
0.48
0.34
0.30
0.58
0.11
0.68
1.23
0.29
1.44
0.69
1.40
0.79
1.50
1.97
0.42
0.60
0.79
0.50
2.01
0.72
0.65
1.24
1.78
0.64
1.24
0.92
2.38
1.87
5.63
7.57
10.72
3.90
0.47
0.70
0.72
0.75
1.22
0.69
0.26
1.94
0.21
0.51
0.86
0.89
0.84
1.34
2.83
1.81
0.39
0.40
1.15
0.78
0.79
0.78
0.73
0.43
0.69
0.51
1.41
0.34
0.77
1.02
2.50
2.28
2.66
2.41
0.93
0.58
0.64
0.27
1.02
1.02
0.42
0.50
0.28
0.67
0.50
0.55
0.67
0.72
1.88
0.07
0.83
0.61
0.74
0.56
0.50
0.17
0.54
1.06
0.29
0.36
0.43
1.10
1.26
1.13
0.81
1.00
1.29
1.42
0.54
0.90
1.26
0.75
0.82
1.12
1.59
0.81
0.40
0.93
0.82
1.35
1.94
0.54
0.51
0.27
0.61
0.49
0.60
1.35
0.52
0.56
0.73
1.15
