GUESS    :MOVING_HI
STARTTIME:1288855295858
ENDTIME  :1288855308747
LOCALSPD :0.0
LONGSPD  :0.13235052
LOCATION :Location[mProvider=network,mTime=1288855291851,mLatitude=55.747509,mLongitude=12.3745745,mHasAltitude=false,mAltitude=0.0,mHasSpeed=false,mSpeed=0.0,mHasBearing=false,mBearing=0.0,mHasAccuracy=true,mAccuracy=168.0,mExtras=Bundle[mParcelledData.dataSize=148]]
ADDRESS :

9.71
12.79
4.78
5.20
1.99
1.72
2.26
2.25
4.28
2.72
3.36
9.81
3.60
8.23
4.03
4.52
3.94
3.46
1.89
6.66
6.71
11.26
8.61
9.93
7.55
4.94
1.88
3.00
1.48
2.45
2.34
2.66
3.66
9.44
4.52
8.35
5.09
5.38
4.44
3.08
4.71
6.43
6.47
8.24
11.54
6.69
5.01
2.67
2.93
3.00
1.95
3.53
1.91
4.21
8.96
8.27
10.04
7.06
2.57
3.60
4.47
5.53
10.46
7.18
8.24
5.20
7.50
5.12
2.89
1.61
2.66
2.03
1.46
2.64
2.45
4.94
9.34
10.16
8.38
13.47
4.43
9.89
3.92
4.90
4.79
5.97
16.56
9.43
11.37
6.40
4.63
4.29
2.93
2.85
2.87
3.46
3.55
6.40
10.15
6.20
9.58
3.91
4.70
9.96
5.41
4.47
8.04
12.31
6.29
12.42
6.17
5.86
3.30
1.55
2.76
3.55
4.03
2.37
3.00
7.42
8.59
5.35
7.90
4.52
4.86
4.15
3.83
4.36
6.18
14.22
4.48
10.71
8.85
5.09
4.71
2.41
2.56
2.11
3.55
3.61
2.37
7.18
8.58
7.59
7.26
4.34
5.09
6.85
5.82
5.22
6.20
11.37
4.17
6.78
4.88
4.45
1.02
2.21
1.42
1.39
2.60
2.72
3.92
9.83
5.91
9.97
4.86
4.56
2.67
4.25
5.75
8.28
9.26
7.23
8.38
6.44
4.24
2.90
1.59
2.12
1.89
3.02
1.23
2.87
5.50
8.25
4.40
7.70
4.48
3.70
3.28
5.42
5.71
9.62
10.42
10.12
10.99
8.44
9.44
1.55
0.87
2.06
1.63
3.72
2.03
1.31
5.60
7.21
7.23
6.20
3.45
3.64
4.10
4.84
4.21
2.18
14.72
5.94
8.96
5.86
5.60
2.90
2.52
2.76
2.03
1.38
2.89
5.52
7.35
6.91
9.00
6.55
3.76
6.10
3.83
9.93
11.40
13.29
8.87
8.69
10.54
2.89
10.61
1.54
2.07
2.06
6.66
5.24
2.19
7.53
13.59
8.35
10.61
5.67
5.48
3.87
