GUESS    :MOVING_SM
STARTTIME:1288855829908
ENDTIME  :1288855842777
LOCALSPD :0.0
LONGSPD  :0.2395191
LOCATION :Location[mProvider=network,mTime=1288855784290,mLatitude=55.74816532,mLongitude=12.37730154,mHasAltitude=false,mAltitude=0.0,mHasSpeed=false,mSpeed=0.0,mHasBearing=false,mBearing=0.0,mHasAccuracy=true,mAccuracy=54.0,mExtras=Bundle[mParcelledData.dataSize=148]]
ADDRESS :

1.30
1.41
0.93
0.79
0.22
0.22
0.14
0.20
0.10
0.16
0.30
0.29
0.11
0.24
0.14
0.08
0.15
0.05
0.11
0.16
0.16
0.08
0.19
0.10
0.13
0.13
0.17
0.23
0.20
0.22
0.15
0.09
0.05
0.06
0.07
0.09
0.09
0.17
0.17
0.15
0.18
0.13
0.12
0.13
0.08
0.08
0.14
0.17
0.08
0.07
0.05
0.06
0.07
0.11
0.14
0.13
0.03
0.06
0.08
0.03
0.06
0.11
0.18
0.12
0.19
0.18
0.10
0.14
0.12
0.15
0.11
0.10
0.15
0.10
0.14
0.14
0.14
0.16
0.17
0.20
0.17
0.12
0.07
0.07
0.03
0.08
0.13
0.18
0.16
0.16
0.14
0.09
0.10
0.13
0.10
0.06
0.09
0.05
0.07
0.06
0.04
0.03
0.01
0.04
0.04
0.01
0.06
0.04
0.08
0.13
0.10
0.08
0.06
0.07
0.13
0.10
0.08
0.12
0.11
0.08
0.08
0.07
0.06
0.04
0.04
0.08
0.11
0.10
