GUESS    :MOVING_SM
STARTTIME:1288856208028
ENDTIME  :1288856221307
LOCALSPD :0.0
LONGSPD  :0.0
LOCATION :Location[mProvider=network,mTime=1288856219888,mLatitude=55.746336,mLongitude=12.384762,mHasAltitude=false,mAltitude=0.0,mHasSpeed=false,mSpeed=0.0,mHasBearing=false,mBearing=0.0,mHasAccuracy=true,mAccuracy=810.0,mExtras=Bundle[mParcelledData.dataSize=148]]
ADDRESS :

1.34
0.65
0.89
0.36
0.22
0.35
0.18
0.30
0.14
0.39
0.14
0.24
0.14
0.29
0.37
0.38
0.22
0.12
0.30
0.15
0.23
0.19
0.16
0.37
0.17
0.12
0.14
0.14
0.04
0.19
0.11
0.12
0.18
0.09
0.05
0.06
0.05
0.06
0.08
0.14
0.12
0.14
0.07
0.10
0.12
0.21
0.04
0.06
0.03
0.14
0.13
0.04
0.08
0.07
0.06
0.09
0.09
0.05
0.19
0.10
0.09
0.09
0.05
0.12
0.02
0.12
0.09
0.04
0.08
0.06
0.07
0.09
0.14
0.10
0.08
0.04
0.03
0.08
0.02
0.09
0.06
0.06
0.08
0.08
0.10
0.11
0.03
0.06
0.07
0.06
0.08
0.13
0.04
0.08
0.08
0.07
0.09
0.03
0.06
0.04
0.04
0.05
0.07
0.05
0.04
0.05
0.05
0.08
0.12
0.02
0.03
0.06
0.03
0.06
0.08
0.14
0.15
0.08
0.09
0.13
0.04
0.08
0.08
0.04
0.06
0.04
0.14
0.13
