GUESS    :IDLE
STARTTIME:1289818831742
ENDTIME  :1289818846357
LOCALSPD :0.0
LONGSPD  :-1.0
LOCATION :Location[mProvider=network,mTime=1289818804505,mLatitude=55.78247699999999,mLongitude=12.51403608,mHasAltitude=false,mAltitude=0.0,mHasSpeed=false,mSpeed=0.0,mHasBearing=false,mBearing=0.0,mHasAccuracy=true,mAccuracy=53.0,mExtras=Bundle[mParcelledData.dataSize=148]]
ADDRESS :

0.13
0.03
0.06
0.04
0.02
0.04
0.02
0.01
0.04
0.02
0.03
0.01
0.02
0.03
0.01
0.02
0.01
0.03
0.01
0.02
0.01
0.02
0.01
0.02
0.01
0.03
0.02
0.02
0.02
0.02
0.02
0.00
0.01
0.01
0.01
0.01
0.01
0.02
0.01
0.00
0.02
0.01
0.02
0.02
0.02
0.02
0.02
0.01
0.01
0.02
0.00
0.01
0.00
0.00
0.00
0.01
0.00
0.00
0.01
0.00
0.01
0.02
0.01
0.01
0.01
0.01
0.00
0.00
0.00
0.01
0.01
0.00
0.01
0.01
0.01
0.01
0.01
0.01
0.00
0.00
0.01
0.00
0.02
0.01
0.01
0.01
0.01
0.00
0.01
0.00
0.01
0.01
0.01
0.01
0.00
0.01
0.00
0.01
0.00
0.01
0.00
0.01
0.01
0.01
0.01
0.02
0.01
0.02
0.02
0.01
0.02
0.01
0.02
0.00
0.00
0.01
0.00
0.01
0.01
0.01
0.01
0.01
0.01
0.00
0.00
0.01
0.01
0.01
