GUESS    :WALKING
STARTTIME:1288366119046
ENDTIME  :1288366131913
LOCALSPD :-1.0
LONGSPD  :-1.0
LOCATION :Location[mProvider=network,mTime=1288364908411,mLatitude=55.5798169,mLongitude=13.42893865,mHasAltitude=false,mAltitude=0.0,mHasSpeed=false,mSpeed=0.0,mHasBearing=false,mBearing=0.0,mHasAccuracy=true,mAccuracy=75.0,mExtras=Bundle[mParcelledData.dataSize=148]]
ADDRESS :

0.90
5.09
3.95
2.34
2.22
8.09
3.72
4.25
4.29
5.41
2.34
0.64
0.99
1.80
3.41
3.64
1.73
3.19
5.45
12.45
5.03
6.58
2.02
1.50
2.47
3.64
2.18
3.04
2.75
3.72
4.52
12.84
13.13
8.62
5.03
4.75
1.76
3.95
2.96
2.40
2.25
1.91
4.56
2.79
5.79
7.85
5.20
1.81
1.68
2.11
3.26
3.61
3.15
4.02
3.15
3.02
6.28
2.90
6.44
5.60
2.72
3.36
3.60
5.30
3.06
6.36
4.18
5.82
6.84
8.89
3.87
2.22
2.94
4.25
1.73
2.59
3.09
1.08
4.92
5.42
10.13
12.14
4.85
3.77
0.98
2.21
2.72
2.86
2.37
2.56
2.37
5.34
6.05
7.65
6.01
3.09
2.34
1.95
1.04
2.44
4.75
6.28
2.53
6.44
3.19
6.63
2.47
2.14
3.54
3.04
2.81
1.25
2.02
3.55
8.14
3.49
4.33
7.06
2.33
3.77
2.49
1.97
4.55
4.67
0.74
2.94
1.23
3.24
11.96
17.62
4.71
4.89
4.13
2.32
3.60
3.11
1.29
1.47
3.83
3.43
3.13
7.53
4.18
6.01
2.70
2.76
1.95
3.95
2.07
1.91
5.18
1.84
2.70
8.96
11.80
8.36
5.53
3.41
2.03
3.00
2.94
1.57
1.91
4.86
3.80
4.52
7.34
9.37
4.94
2.18
4.06
3.95
2.37
3.55
5.20
3.94
6.77
9.47
7.48
5.09
2.49
2.22
0.46
0.80
2.27
2.60
1.33
2.18
2.56
7.49
6.82
2.55
3.30
0.72
1.46
3.17
3.88
2.67
2.36
4.30
2.15
7.00
7.01
5.67
4.82
2.79
3.36
3.38
2.83
3.41
2.72
3.80
3.94
4.07
4.93
2.87
1.76
4.02
4.67
2.81
3.60
2.38
2.96
5.01
3.85
5.20
4.34
3.28
0.98
2.29
1.95
3.19
1.02
4.28
2.67
4.17
7.74
5.53
4.28
1.99
1.81
3.69
3.53
1.61
2.98
2.45
3.12
7.25
4.63
9.62
5.23
4.20
1.91
3.06
5.94
2.96
