GUESS    :WALKING
STARTTIME:1288366183654
ENDTIME  :1288366196563
LOCALSPD :-1.0
LONGSPD  :-1.0
LOCATION :Location[mProvider=network,mTime=1288364908411,mLatitude=55.5798169,mLongitude=13.42893865,mHasAltitude=false,mAltitude=0.0,mHasSpeed=false,mSpeed=0.0,mHasBearing=false,mBearing=0.0,mHasAccuracy=true,mAccuracy=75.0,mExtras=Bundle[mParcelledData.dataSize=148]]
ADDRESS :

4.92
1.95
3.53
7.59
4.71
7.80
5.18
1.14
2.96
3.68
3.83
1.57
4.43
1.84
9.85
8.70
5.56
5.05
7.63
4.17
4.82
2.91
4.66
8.20
1.12
4.21
3.84
4.75
4.67
6.58
3.88
3.91
2.26
3.55
5.75
3.45
8.17
3.49
5.79
8.92
4.90
4.37
1.51
4.25
4.44
6.13
5.33
2.62
1.32
3.00
7.59
6.62
2.34
4.56
5.22
4.44
5.24
2.40
3.30
3.49
4.40
4.99
4.52
4.22
3.05
4.24
4.18
4.92
5.45
1.23
2.38
2.91
5.56
5.30
3.21
4.44
1.46
2.91
3.84
4.39
1.10
5.72
1.10
5.61
10.27
8.25
3.51
1.80
2.18
2.45
1.96
1.53
1.62
1.53
1.06
4.41
3.70
1.57
3.34
1.61
1.80
1.10
1.88
1.77
2.06
2.76
3.45
1.23
4.99
3.81
4.52
4.63
4.63
3.00
2.49
2.33
3.65
1.16
4.47
2.07
1.85
1.39
3.11
5.28
5.37
4.99
4.36
2.90
2.23
0.38
2.37
3.27
2.02
2.89
1.27
4.52
4.21
4.07
5.97
5.49
2.18
4.07
3.45
1.08
4.99
2.60
2.40
2.76
2.26
2.10
3.49
3.49
1.69
2.79
2.14
1.65
4.40
3.11
3.85
2.53
3.45
4.00
3.21
6.46
5.01
2.93
5.03
6.20
2.96
2.26
2.79
3.80
3.49
3.17
7.40
6.17
2.11
2.56
4.06
2.81
3.19
5.30
2.79
5.39
1.42
1.89
3.79
2.98
1.47
1.63
2.22
1.92
2.56
2.11
6.32
8.16
5.22
2.18
2.08
2.32
2.57
2.18
1.36
2.19
2.60
2.29
1.65
3.55
2.49
3.84
8.61
6.58
7.21
3.34
3.70
0.95
2.07
0.15
1.53
2.53
4.21
1.91
1.29
6.16
2.96
3.53
3.26
0.57
1.46
1.65
0.84
1.35
2.08
1.42
1.61
1.92
3.36
4.90
7.67
2.81
5.94
4.09
2.63
1.61
1.96
2.68
3.30
2.40
3.36
5.54
4.99
5.64
2.68
0.99
4.36
2.06
