GUESS    :RUNNING
STARTTIME:1288366416555
ENDTIME  :1288366429503
LOCALSPD :-1.0
LONGSPD  :-1.0
LOCATION :Location[mProvider=network,mTime=1288364908411,mLatitude=55.5798169,mLongitude=13.42893865,mHasAltitude=false,mAltitude=0.0,mHasSpeed=false,mSpeed=0.0,mHasBearing=false,mBearing=0.0,mHasAccuracy=true,mAccuracy=75.0,mExtras=Bundle[mParcelledData.dataSize=148]]
ADDRESS :

2.33
6.74
4.99
9.87
6.91
8.50
4.29
2.14
3.20
6.32
6.88
0.95
7.31
7.16
2.48
6.63
9.68
3.34
4.44
6.06
11.36
5.91
3.00
7.48
8.01
5.24
7.42
4.41
1.99
3.21
3.69
5.09
2.51
5.75
7.42
8.19
3.04
5.97
3.77
2.03
3.30
4.36
6.09
3.57
1.61
12.22
4.51
3.83
5.69
2.71
1.51
3.27
4.02
5.86
3.50
7.03
8.35
3.72
6.21
7.00
5.45
2.76
4.03
4.02
6.32
4.02
2.78
11.18
5.75
5.07
3.90
2.96
2.26
3.60
6.28
5.35
3.30
3.09
7.53
4.79
4.14
5.28
3.55
0.80
3.41
5.07
5.26
2.86
4.60
7.61
6.32
4.21
4.86
2.66
1.65
2.74
4.93
4.37
0.75
5.56
7.31
5.37
6.09
6.70
3.15
2.56
2.79
5.03
4.90
4.37
6.46
9.23
5.52
6.25
5.19
2.57
1.39
4.09
6.85
5.83
3.83
5.69
6.73
5.94
3.98
4.45
2.56
2.18
4.51
6.17
2.37
1.31
10.27
3.84
4.03
5.13
4.99
3.12
3.75
6.36
6.97
6.82
3.99
4.81
5.52
7.01
7.63
3.49
3.04
3.95
4.33
5.52
2.26
2.19
9.21
3.45
2.71
4.52
5.83
3.21
3.64
5.98
5.04
6.85
1.65
2.11
5.15
4.71
5.67
3.88
1.61
4.37
5.87
3.55
3.15
7.60
5.86
3.35
5.26
5.33
3.06
2.94
3.57
9.30
6.25
3.90
4.89
7.74
3.45
4.33
4.29
2.49
1.54
5.90
6.39
2.33
2.62
7.31
7.87
3.72
5.76
5.05
2.75
3.43
6.37
4.67
5.50
5.60
3.62
1.91
4.11
5.54
3.64
2.63
4.52
5.67
2.71
6.13
8.70
10.99
2.98
4.99
5.86
3.34
3.11
3.94
5.76
6.02
8.55
4.94
8.81
8.51
7.19
4.78
1.04
3.83
3.68
4.70
4.56
5.50
10.32
4.59
5.26
6.88
2.85
2.21
3.53
4.79
3.26
2.18
2.85
5.33
3.46
6.91
5.24
2.19
