GUESS    :WALKING
STARTTIME:1288366442366
ENDTIME  :1288366455274
LOCALSPD :-1.0
LONGSPD  :-1.0
LOCATION :Location[mProvider=network,mTime=1288364908411,mLatitude=55.5798169,mLongitude=13.42893865,mHasAltitude=false,mAltitude=0.0,mHasSpeed=false,mSpeed=0.0,mHasBearing=false,mBearing=0.0,mHasAccuracy=true,mAccuracy=75.0,mExtras=Bundle[mParcelledData.dataSize=148]]
ADDRESS :

4.86
0.19
0.12
0.16
0.21
0.23
0.31
0.14
0.08
0.36
0.10
0.35
1.07
0.30
0.10
0.10
0.07
0.01
0.24
0.15
0.11
0.18
0.38
0.44
0.70
0.25
0.06
0.05
0.21
0.18
0.28
0.15
0.07
0.26
0.34
0.62
0.32
0.17
0.21
0.15
0.12
0.21
0.24
0.15
0.17
0.10
0.20
0.76
0.34
0.21
0.19
0.17
0.15
0.13
0.08
0.07
0.17
0.15
0.02
0.41
0.32
0.21
0.15
0.03
0.05
0.17
0.14
0.09
0.47
0.24
0.32
0.89
0.14
0.15
0.09
0.19
0.34
0.22
0.12
0.20
0.20
0.17
0.43
0.02
0.21
0.21
0.10
0.23
0.15
0.24
0.24
0.35
0.16
0.14
0.23
0.17
0.07
0.01
0.04
0.19
0.11
0.16
0.16
0.14
0.11
0.12
0.17
0.17
0.07
0.07
0.26
0.22
0.15
0.18
0.13
0.13
0.17
0.08
0.25
0.10
0.11
0.22
0.10
0.30
0.14
0.16
0.12
0.09
