GUESS    :MOVING_HI
STARTTIME:1288366558565
ENDTIME  :1288366571503
LOCALSPD :-1.0
LONGSPD  :-1.0
LOCATION :Location[mProvider=network,mTime=1288364908411,mLatitude=55.5798169,mLongitude=13.42893865,mHasAltitude=false,mAltitude=0.0,mHasSpeed=false,mSpeed=0.0,mHasBearing=false,mBearing=0.0,mHasAccuracy=true,mAccuracy=75.0,mExtras=Bundle[mParcelledData.dataSize=148]]
ADDRESS :

3.23
4.48
2.68
6.71
7.97
5.45
4.97
2.57
5.33
4.40
3.08
3.11
3.49
4.40
9.38
12.42
3.20
2.18
2.98
3.34
4.21
2.70
0.38
7.48
7.74
7.03
4.58
3.38
1.95
3.98
4.99
2.26
6.28
3.27
3.90
5.24
3.95
3.31
3.94
2.51
3.30
7.70
1.83
5.04
7.60
6.67
5.45
5.67
4.54
1.58
3.43
5.34
3.06
8.32
1.29
4.36
3.85
5.71
4.29
4.24
2.33
3.02
1.81
1.16
2.64
0.80
3.17
1.23
4.86
3.57
2.26
2.79
4.14
3.51
3.26
2.27
2.64
3.90
2.62
6.96
4.06
3.75
3.61
5.09
1.29
2.96
4.24
5.11
3.94
1.84
7.55
2.62
4.30
6.28
5.49
0.83
2.87
6.93
3.95
3.68
1.31
4.07
3.99
4.25
4.92
3.50
1.81
2.22
5.20
5.33
2.56
4.71
4.48
5.09
7.14
6.59
4.41
2.03
4.02
5.94
2.42
4.17
4.58
2.60
2.83
5.34
5.48
2.06
2.98
3.49
6.24
3.04
9.97
10.58
3.51
4.92
8.01
7.08
3.26
2.25
4.29
5.76
5.45
3.41
4.97
5.95
5.56
7.11
6.16
2.82
2.57
3.91
7.11
1.91
3.69
6.18
9.74
8.04
7.35
5.48
2.26
1.42
3.94
3.87
2.45
4.94
4.92
4.21
5.16
7.89
4.29
3.13
4.33
4.25
5.26
0.90
4.14
9.06
6.55
5.48
7.12
5.86
1.18
3.87
4.45
3.19
2.67
3.47
3.73
3.08
4.75
5.24
4.26
1.40
2.68
4.07
4.89
3.02
3.53
6.18
6.86
6.54
8.36
7.12
4.93
3.91
6.58
3.53
5.68
5.00
3.17
3.83
4.94
4.56
5.12
1.89
4.11
4.90
4.02
1.77
8.09
5.54
4.52
6.43
5.52
4.59
4.44
4.00
3.83
4.84
5.12
3.84
3.21
4.40
7.80
5.67
2.30
6.29
5.82
4.49
2.87
6.16
7.57
6.62
3.80
6.70
8.27
1.97
4.45
3.34
4.45
3.95
3.45
3.02
8.77
10.81
