GUESS    :MOVING_SM
STARTTIME:1288366780893
ENDTIME  :1288366794372
LOCALSPD :-1.0
LONGSPD  :-1.0
LOCATION :Location[mProvider=network,mTime=1288364908411,mLatitude=55.5798169,mLongitude=13.42893865,mHasAltitude=false,mAltitude=0.0,mHasSpeed=false,mSpeed=0.0,mHasBearing=false,mBearing=0.0,mHasAccuracy=true,mAccuracy=75.0,mExtras=Bundle[mParcelledData.dataSize=148]]
ADDRESS :

0.11
0.18
0.07
0.12
0.08
0.16
0.15
0.11
0.11
0.08
0.04
0.08
0.07
0.15
0.11
0.07
0.04
0.08
0.08
0.12
0.15
0.04
0.08
0.04
0.04
0.04
0.07
0.03
0.07
0.03
0.04
0.08
0.07
0.04
0.07
0.07
0.07
0.11
0.04
0.04
0.08
0.11
0.11
0.04
0.08
0.08
0.08
0.03
0.11
0.12
0.12
0.04
0.04
0.04
0.08
0.04
0.08
0.12
0.04
0.08
0.08
0.04
0.04
0.08
0.12
0.04
0.04
0.08
0.04
0.07
0.19
0.16
0.11
0.19
0.04
0.04
0.08
0.04
0.08
0.08
0.03
0.07
0.12
0.08
0.04
0.04
0.08
0.12
0.04
0.16
0.20
0.12
0.08
0.08
0.12
0.07
0.07
0.04
0.12
0.12
0.07
0.07
0.05
0.11
0.11
0.12
0.04
0.12
0.08
0.12
0.12
0.04
0.08
0.12
0.04
0.04
0.11
0.07
0.12
0.11
0.11
0.11
0.04
0.11
0.08
0.08
0.12
0.04
0.04
0.08
0.15
0.15
0.08
0.12
0.12
0.04
0.16
0.08
0.20
0.20
0.07
0.12
0.15
0.15
0.07
0.16
0.12
0.03
0.14
0.03
0.08
0.08
0.04
0.04
0.11
0.12
0.08
0.11
0.07
0.04
0.23
2.74
4.48
0.95
3.83
1.48
0.94
1.53
0.99
1.54
0.94
0.98
0.68
0.80
1.32
0.72
0.87
2.03
3.00
1.27
1.88
0.87
0.26
1.04
0.80
0.95
0.74
0.79
0.53
0.99
0.91
0.45
0.27
0.50
0.42
0.57
0.50
0.61
0.68
0.57
0.87
0.76
1.12
0.91
0.98
1.18
1.12
1.23
0.83
0.83
0.97
1.61
1.23
1.54
0.31
1.35
1.02
1.33
1.24
0.71
0.50
0.07
0.38
1.35
0.54
0.46
0.20
0.26
0.30
1.25
0.80
0.76
0.69
1.88
0.49
0.89
0.95
1.54
0.69
0.69
0.60
0.38
0.27
0.30
0.46
0.46
0.80
1.23
0.76
1.04
0.30
0.65
0.42
1.04
0.97
0.74
