GUESS    :WALKING
STARTTIME:1288365095315
ENDTIME  :1288365108233
LOCALSPD :-1.0
LONGSPD  :0.0
LOCATION :Location[mProvider=network,mTime=1288364908411,mLatitude=55.5798169,mLongitude=13.42893865,mHasAltitude=false,mAltitude=0.0,mHasSpeed=false,mSpeed=0.0,mHasBearing=false,mBearing=0.0,mHasAccuracy=true,mAccuracy=75.0,mExtras=Bundle[mParcelledData.dataSize=148]]
ADDRESS :

4.95
0.15
0.33
0.54
0.19
0.21
0.40
0.12
0.33
0.06
0.21
0.31
0.38
0.23
0.36
0.30
0.05
0.44
0.42
0.34
0.02
0.73
0.64
0.99
1.57
0.41
0.39
0.27
0.35
0.04
0.11
0.16
0.30
0.35
0.24
0.21
0.39
0.18
0.21
0.11
0.28
0.10
0.21
0.07
0.34
0.75
0.90
1.28
0.75
0.17
0.13
0.03
0.33
0.28
0.28
0.19
0.25
0.23
0.15
0.65
0.37
0.20
0.43
0.21
0.16
0.14
0.20
0.23
0.26
0.25
0.37
0.30
0.29
0.13
0.12
0.24
0.16
0.13
0.33
0.18
0.06
0.28
0.33
0.34
0.32
0.09
0.25
0.11
0.17
0.14
0.26
0.46
0.25
0.27
0.35
0.30
0.32
0.39
0.37
0.38
0.18
0.12
0.10
0.23
0.14
0.13
0.06
0.14
0.07
0.08
0.18
0.30
0.39
0.36
0.11
0.11
0.32
0.31
0.15
0.17
0.20
0.13
0.19
0.13
0.07
0.06
0.19
0.12
