GUESS    :RUNNING
STARTTIME:1288365302485
ENDTIME  :1288365315374
LOCALSPD :-1.0
LONGSPD  :0.0
LOCATION :Location[mProvider=network,mTime=1288364908411,mLatitude=55.5798169,mLongitude=13.42893865,mHasAltitude=false,mAltitude=0.0,mHasSpeed=false,mSpeed=0.0,mHasBearing=false,mBearing=0.0,mHasAccuracy=true,mAccuracy=75.0,mExtras=Bundle[mParcelledData.dataSize=148]]
ADDRESS :

5.87
2.52
1.53
5.43
7.30
3.26
4.59
11.60
12.79
12.52
5.24
5.91
4.52
3.45
8.47
7.04
6.86
5.94
3.34
4.56
7.89
4.63
2.25
3.27
5.28
5.65
1.06
5.19
7.33
9.62
7.98
7.67
4.63
4.25
3.09
7.29
5.05
4.49
4.37
3.61
2.96
4.28
4.28
3.26
3.79
6.25
4.52
3.06
7.10
5.83
6.81
7.86
6.36
4.26
3.91
5.03
5.58
4.79
5.79
4.74
3.94
4.99
9.92
4.32
3.57
3.06
5.46
2.70
2.37
8.89
7.16
4.28
8.12
4.29
3.11
3.76
5.26
7.07
4.75
9.08
2.06
5.24
4.86
6.74
2.33
3.47
4.22
6.29
2.07
6.05
7.38
4.81
7.03
7.97
4.44
2.19
4.21
6.32
4.73
7.11
5.39
2.07
5.68
8.12
3.21
3.16
4.79
5.58
2.22
4.21
4.22
6.58
8.92
6.89
6.39
4.22
3.06
4.21
5.31
4.29
3.09
8.12
4.44
5.63
10.61
3.80
3.31
4.06
4.41
5.79
5.01
6.67
1.88
9.56
11.09
7.40
4.45
4.10
5.03
6.63
7.95
4.25
5.58
4.32
6.91
9.58
2.45
2.59
3.87
4.59
5.18
1.16
5.63
3.65
5.69
7.97
5.63
2.98
2.38
4.14
4.89
2.64
5.13
5.39
4.89
8.40
11.39
3.60
3.64
2.85
3.05
5.22
2.02
1.17
8.14
6.80
8.05
5.39
4.71
1.66
3.94
3.24
8.57
4.71
3.02
5.56
8.31
4.99
2.34
3.06
5.34
5.30
2.49
2.66
8.43
4.86
8.35
9.48
5.04
2.63
3.26
4.63
6.63
2.07
6.78
2.15
5.33
8.28
6.40
2.85
2.68
3.70
8.17
1.68
1.65
10.15
4.97
5.41
7.56
2.72
3.81
3.26
4.75
5.34
1.01
8.23
1.16
3.30
8.62
7.70
2.86
2.64
4.79
7.04
0.91
3.65
7.46
5.48
8.27
7.89
6.29
2.08
3.15
6.48
6.22
4.86
5.07
4.13
3.21
7.98
7.00
3.64
3.61
2.29
6.62
2.76
