GUESS    :WALKING
STARTTIME:1288365548094
ENDTIME  :1288365560943
LOCALSPD :-1.0
LONGSPD  :-1.0
LOCATION :Location[mProvider=network,mTime=1288364908411,mLatitude=55.5798169,mLongitude=13.42893865,mHasAltitude=false,mAltitude=0.0,mHasSpeed=false,mSpeed=0.0,mHasBearing=false,mBearing=0.0,mHasAccuracy=true,mAccuracy=75.0,mExtras=Bundle[mParcelledData.dataSize=148]]
ADDRESS :

4.96
0.28
0.67
0.43
0.35
0.40
0.32
0.24
0.39
0.12
0.52
0.50
0.60
0.48
0.31
0.27
0.39
0.14
0.11
0.23
0.06
0.14
0.30
0.47
1.49
0.18
0.38
0.28
0.18
0.06
0.14
0.25
0.14
0.10
0.13
0.30
0.60
0.06
0.32
0.19
0.33
0.13
0.09
0.12
0.23
0.35
0.14
0.72
1.08
0.37
0.11
0.16
0.30
0.25
0.17
0.29
0.04
0.13
0.23
0.41
0.87
0.52
0.18
0.31
0.30
0.17
0.06
0.15
0.17
0.04
0.11
0.40
0.99
0.55
0.33
0.18
0.21
0.19
0.33
0.10
0.11
0.06
0.22
0.20
0.13
0.27
0.11
0.50
0.21
0.13
0.05
0.22
0.18
0.27
0.12
0.50
0.66
0.48
0.29
0.34
0.30
0.18
0.07
0.17
0.11
0.19
0.20
0.34
0.61
0.30
0.14
0.47
0.18
0.50
0.01
0.19
0.26
0.18
0.20
0.05
0.09
0.16
0.18
0.33
0.20
0.13
0.17
0.07
