GUESS    :RUNNING
STARTTIME:1288365741664
ENDTIME  :1288365754543
LOCALSPD :-1.0
LONGSPD  :-1.0
LOCATION :Location[mProvider=network,mTime=1288364908411,mLatitude=55.5798169,mLongitude=13.42893865,mHasAltitude=false,mAltitude=0.0,mHasSpeed=false,mSpeed=0.0,mHasBearing=false,mBearing=0.0,mHasAccuracy=true,mAccuracy=75.0,mExtras=Bundle[mParcelledData.dataSize=148]]
ADDRESS :

3.29
1.98
0.86
0.42
0.27
0.25
0.29
0.35
0.22
0.47
0.42
0.28
0.26
0.32
0.09
0.13
0.19
0.30
0.27
0.11
0.15
0.09
0.07
0.30
0.45
0.09
0.06
0.14
0.04
0.12
0.16
0.02
0.10
0.15
0.03
0.21
0.26
0.16
0.09
0.04
0.07
0.20
0.24
0.13
0.22
0.29
0.38
0.58
0.50
0.08
0.21
0.11
0.09
0.06
0.19
0.17
0.08
0.10
0.18
0.21
0.27
0.12
0.27
0.08
0.08
0.24
0.21
0.14
0.24
0.09
0.07
0.48
0.50
0.31
0.12
0.07
0.12
0.24
0.25
0.16
0.10
0.11
0.17
0.19
0.12
0.09
0.21
0.22
0.11
0.11
0.19
0.20
0.18
0.10
0.12
0.28
0.34
0.23
0.08
0.13
0.15
0.36
0.26
0.10
0.10
0.06
0.13
0.14
0.18
0.07
0.10
0.16
0.04
0.18
0.20
0.08
0.14
0.10
0.15
0.27
0.10
0.08
0.16
0.09
0.21
0.10
0.20
0.06
