GUESS    :WALKING
STARTTIME:1288365976564
ENDTIME  :1288365989434
LOCALSPD :-1.0
LONGSPD  :-1.0
LOCATION :Location[mProvider=network,mTime=1288364908411,mLatitude=55.5798169,mLongitude=13.42893865,mHasAltitude=false,mAltitude=0.0,mHasSpeed=false,mSpeed=0.0,mHasBearing=false,mBearing=0.0,mHasAccuracy=true,mAccuracy=75.0,mExtras=Bundle[mParcelledData.dataSize=148]]
ADDRESS :

3.67
0.76
0.45
0.07
0.38
0.22
0.15
0.24
0.21
0.12
0.28
0.11
0.20
0.09
0.18
0.17
0.29
0.24
0.21
0.74
0.96
0.47
0.34
0.60
0.18
0.23
0.28
0.12
0.24
0.33
0.14
0.18
0.06
0.26
0.28
0.21
0.23
0.23
0.31
0.37
0.23
0.19
0.09
0.23
0.37
0.49
0.36
0.13
0.09
0.32
0.14
0.29
0.11
0.07
0.16
0.20
0.32
0.09
0.40
0.25
0.25
0.03
0.08
0.06
0.17
0.21
0.07
0.17
0.26
0.14
0.21
0.09
0.08
0.09
0.24
0.19
0.29
0.17
0.11
0.12
0.09
0.25
0.10
0.10
0.21
0.19
0.14
0.03
0.05
0.25
0.15
0.06
0.10
0.10
0.03
0.12
0.09
0.10
0.22
0.19
0.25
0.20
0.14
0.25
0.03
0.12
0.17
0.07
0.16
0.15
0.12
0.32
0.06
0.27
0.16
0.06
0.19
0.36
0.07
0.31
0.07
0.09
0.17
0.27
0.05
0.22
0.16
0.21
