GUESS    :MOVING_SM
STARTTIME:1290609004307
ENDTIME  :1290609017136
LOCALSPD :0.0
LONGSPD  :0.0
LOCATION :Location[mProvider=network,mTime=1290608964148,mLatitude=55.75023515,mLongitude=12.378528750000001,mHasAltitude=false,mAltitude=0.0,mHasSpeed=false,mSpeed=0.0,mHasBearing=false,mBearing=0.0,mHasAccuracy=true,mAccuracy=78.0,mExtras=Bundle[mParcelledData.dataSize=148]]
ADDRESS :

0.68
0.31
0.38
0.11
0.15
0.18
0.25
0.54
0.12
0.61
0.46
0.52
0.45
0.37
1.32
0.97
1.40
1.08
1.18
1.42
0.65
0.84
0.69
0.69
1.31
2.18
0.65
1.76
0.39
1.14
0.72
0.80
0.37
0.31
0.72
0.26
0.71
0.54
0.30
0.63
0.35
0.31
0.15
0.42
0.26
0.08
0.25
0.15
0.31
0.27
0.23
0.54
0.63
0.57
0.27
0.68
0.35
0.27
0.50
0.15
0.31
0.34
0.18
0.87
1.12
0.34
1.48
1.53
1.80
1.96
1.39
1.80
1.39
0.69
0.74
0.76
0.61
0.44
0.67
0.82
2.11
0.99
3.04
1.92
1.57
1.36
1.38
1.33
1.27
0.76
0.76
1.38
0.93
2.11
1.42
2.00
2.22
0.84
1.38
0.59
0.35
0.69
0.46
0.34
0.23
0.35
0.31
0.12
0.20
0.15
0.15
0.26
0.23
0.26
0.11
0.15
0.16
0.18
0.22
0.07
0.54
0.54
0.26
0.31
0.08
0.31
0.20
0.27
0.20
0.23
0.11
0.30
0.23
0.19
0.07
0.18
0.11
0.19
0.26
0.34
0.16
0.42
0.14
0.20
0.39
0.07
0.27
0.30
0.08
0.19
0.08
0.19
0.45
0.11
0.30
0.19
0.33
0.22
0.12
0.07
0.11
0.22
0.15
0.23
0.33
0.30
0.08
0.08
0.11
0.29
0.20
0.18
0.16
0.04
0.30
0.16
0.22
0.44
0.31
0.25
0.34
0.27
0.46
0.23
0.15
0.65
0.38
0.34
0.44
0.08
0.25
0.11
0.15
0.07
0.22
0.23
0.18
0.15
0.23
0.23
0.27
0.53
0.68
0.53
0.29
0.27
0.08
0.34
0.33
0.42
0.20
0.59
0.46
0.08
0.31
0.50
0.25
0.64
0.33
0.31
0.23
0.12
0.30
0.22
0.12
0.20
0.22
0.11
0.18
0.07
0.35
0.25
0.23
0.20
0.54
0.89
2.52
1.02
1.25
1.99
1.29
1.31
2.71
1.57
1.69
1.80
1.76
0.61
1.27
2.29
1.61
2.98
2.72
2.11
0.82
1.61
