GUESS    :WALKING
STARTTIME:1290609148037
ENDTIME  :1290609160926
LOCALSPD :0.0
LONGSPD  :0.0
LOCATION :Location[mProvider=network,mTime=1290609146662,mLatitude=55.750178266666666,mLongitude=12.376538400000001,mHasAltitude=false,mAltitude=0.0,mHasSpeed=false,mSpeed=0.0,mHasBearing=false,mBearing=0.0,mHasAccuracy=true,mAccuracy=78.0,mExtras=Bundle[mParcelledData.dataSize=148]]
ADDRESS :

3.12
1.08
0.16
0.25
0.41
0.26
0.35
0.30
0.26
0.28
0.28
0.37
0.45
0.08
0.20
0.17
0.13
0.19
0.12
0.41
0.21
0.20
0.45
0.94
0.89
0.47
0.01
0.31
0.10
0.12
0.13
0.15
0.29
0.12
0.24
0.26
0.06
0.14
0.12
0.21
0.09
0.22
0.11
0.11
0.07
0.06
0.14
0.17
0.09
0.21
0.03
0.07
0.12
0.18
0.05
0.14
0.14
0.04
0.09
0.08
0.11
0.03
0.09
0.20
0.25
0.13
0.04
0.18
0.24
0.11
0.39
0.40
0.30
0.06
0.19
0.19
0.15
0.04
0.07
0.19
0.12
0.11
0.12
0.07
0.16
0.13
0.15
0.27
0.09
0.01
0.15
0.33
0.18
0.31
0.39
0.29
0.39
0.17
0.18
0.14
0.08
0.13
0.22
0.06
0.30
0.14
0.12
0.04
0.02
0.08
0.10
0.11
0.08
0.18
0.11
0.08
0.06
0.17
0.11
0.18
0.08
0.06
0.07
0.15
0.07
0.04
0.15
0.32
