GUESS    :MOVING_HI
STARTTIME:1290607226757
ENDTIME  :1290607241426
LOCALSPD :0.0
LONGSPD  :0.0
LOCATION :Location[mProvider=network,mTime=1290607203822,mLatitude=55.74965927999999,mLongitude=12.37652304,mHasAltitude=false,mAltitude=0.0,mHasSpeed=false,mSpeed=0.0,mHasBearing=false,mBearing=0.0,mHasAccuracy=true,mAccuracy=25.0,mExtras=Bundle[mParcelledData.dataSize=148]]
ADDRESS :

4.03
1.92
1.59
0.99
0.31
0.64
0.45
0.76
0.74
0.73
0.31
0.41
0.57
0.60
0.66
0.73
0.15
0.14
0.47
0.11
0.20
0.54
0.38
0.47
0.68
0.38
0.07
0.16
0.43
0.91
0.43
0.27
0.57
0.44
0.32
0.49
0.44
0.67
0.15
0.20
0.27
0.31
0.19
0.37
0.40
0.30
0.20
0.06
0.15
0.22
0.25
0.30
0.35
0.38
0.31
0.33
0.36
0.34
0.26
0.39
0.31
0.22
0.31
0.16
0.23
0.09
0.19
0.37
0.28
0.38
0.21
0.18
0.10
0.21
0.22
0.18
0.46
0.13
0.14
0.00
0.41
0.23
0.13
0.04
0.30
0.19
0.27
0.52
0.38
0.11
0.26
0.29
0.20
0.14
0.21
0.44
0.41
0.20
0.24
0.15
0.18
0.04
0.29
0.31
0.13
0.18
0.14
0.10
0.27
0.12
0.21
0.25
0.05
0.11
0.11
0.12
0.29
0.08
0.10
0.26
0.39
0.32
0.25
0.19
0.43
0.33
0.10
0.19
