GUESS    :MOVING_HI
STARTTIME:1290607731887
ENDTIME  :1290607746438
LOCALSPD :0.0
LONGSPD  :0.37753353
LOCATION :Location[mProvider=network,mTime=1290607686649,mLatitude=55.7496151,mLongitude=12.3807419,mHasAltitude=false,mAltitude=0.0,mHasSpeed=false,mSpeed=0.0,mHasBearing=false,mBearing=0.0,mHasAccuracy=true,mAccuracy=58.0,mExtras=Bundle[mParcelledData.dataSize=148]]
ADDRESS :

1.38
1.29
12.50
8.89
23.84
31.46
32.61
23.67
14.68
5.60
1.40
2.94
2.87
0.65
3.68
2.63
11.05
9.79
5.68
10.23
6.40
2.79
2.79
2.26
5.07
2.60
6.78
5.42
3.83
4.51
2.98
1.25
1.02
2.41
3.53
2.41
6.47
5.11
4.63
5.48
2.79
1.32
3.57
1.88
4.86
3.47
9.48
2.64
2.64
5.56
1.43
0.48
1.18
1.51
3.46
2.17
5.13
8.16
5.82
8.73
5.24
4.60
1.66
2.34
2.44
3.46
4.88
13.12
8.87
5.33
5.97
3.46
0.76
0.87
1.10
4.14
3.57
2.75
2.42
0.78
3.36
3.60
2.70
1.17
1.62
2.87
6.35
1.68
5.64
2.72
1.61
0.93
2.81
1.68
1.72
1.91
1.76
1.38
0.79
2.26
2.51
1.38
0.57
2.82
2.52
1.02
1.10
3.36
2.18
1.10
1.57
3.27
2.53
1.17
3.49
3.76
1.69
0.65
2.59
1.80
0.35
0.57
1.73
0.98
1.54
1.04
1.23
1.83
0.61
0.89
0.93
0.59
0.68
1.10
0.69
0.49
0.80
1.24
0.67
1.06
2.45
1.68
1.16
1.91
2.72
1.66
2.68
2.49
3.13
4.74
3.95
1.50
3.49
3.61
1.83
3.02
1.62
1.47
1.21
2.40
2.34
3.32
8.39
9.63
3.27
2.25
4.09
0.98
2.17
2.03
1.61
4.22
5.94
1.93
3.19
1.01
2.06
0.86
0.98
1.18
0.83
0.54
0.57
0.42
1.54
0.97
0.76
0.42
1.42
1.81
4.84
4.60
3.05
6.09
3.91
4.74
1.10
1.20
0.93
0.38
1.46
1.06
1.23
1.69
2.03
1.46
1.97
0.76
0.26
2.52
3.60
7.55
7.44
3.35
3.72
2.41
6.58
2.63
3.15
3.49
3.70
2.34
2.15
3.00
2.06
1.53
0.87
1.47
1.47
1.93
1.32
2.07
0.72
1.65
2.41
0.78
0.57
2.32
1.76
0.91
1.35
2.18
2.18
1.61
3.41
4.21
2.07
1.10
1.46
1.76
1.69
2.45
1.24
1.39
0.71
1.42
