GUESS    :MOVING_HI
STARTTIME:1290607819017
ENDTIME  :1290607833568
LOCALSPD :0.0
LONGSPD  :0.33574015
LOCATION :Location[mProvider=network,mTime=1290607806679,mLatitude=55.7496151,mLongitude=12.3807419,mHasAltitude=false,mAltitude=0.0,mHasSpeed=false,mSpeed=0.0,mHasBearing=false,mBearing=0.0,mHasAccuracy=true,mAccuracy=58.0,mExtras=Bundle[mParcelledData.dataSize=148]]
ADDRESS :

3.30
0.23
0.92
0.54
0.48
0.30
0.26
0.86
0.87
0.40
0.28
0.37
0.41
0.19
0.32
0.31
0.21
0.06
0.27
0.07
0.21
0.30
0.26
0.94
0.39
0.92
0.14
0.27
0.31
0.25
0.24
0.15
0.26
0.39
0.20
0.03
0.23
0.16
0.41
0.03
0.13
0.25
0.15
0.12
0.22
0.33
0.23
0.09
0.24
0.18
0.01
0.29
0.18
0.21
0.15
0.20
0.32
0.25
0.41
0.15
0.18
0.07
0.26
0.07
0.16
0.14
0.09
0.10
0.19
0.27
0.27
0.22
0.04
0.21
0.22
0.13
0.21
0.10
0.10
0.05
0.16
0.12
0.24
0.32
0.15
0.18
0.33
0.07
0.13
0.07
0.29
0.26
0.12
0.29
0.13
0.12
0.07
0.20
0.28
0.44
0.15
0.13
0.14
0.05
0.07
0.25
0.17
0.09
0.10
0.40
0.16
0.13
0.14
0.20
0.04
0.20
0.30
0.13
0.19
0.04
0.19
0.24
0.24
0.14
0.06
0.07
0.12
0.26
