GUESS    :WALKING
STARTTIME:1290608264058
ENDTIME  :1290608276888
LOCALSPD :0.0
LONGSPD  :0.0
LOCATION :Location[mProvider=network,mTime=1290608228632,mLatitude=55.74960035,mLongitude=12.380655650000001,mHasAltitude=false,mAltitude=0.0,mHasSpeed=false,mSpeed=0.0,mHasBearing=false,mBearing=0.0,mHasAccuracy=true,mAccuracy=58.0,mExtras=Bundle[mParcelledData.dataSize=148]]
ADDRESS :

4.36
6.85
3.66
5.98
4.36
2.94
1.63
3.36
2.45
2.47
4.10
3.98
6.51
7.25
4.44
7.12
4.06
1.38
1.80
1.96
3.42
3.21
2.57
2.49
9.40
4.44
0.89
3.70
2.85
1.27
1.20
0.99
3.17
2.49
1.58
3.49
5.50
6.37
2.41
8.69
3.01
2.07
1.31
2.03
2.53
2.11
2.11
3.49
10.46
4.37
2.30
5.64
3.94
2.34
2.03
1.12
2.86
3.60
1.78
4.29
3.75
9.38
4.32
7.76
3.79
3.53
1.08
1.46
2.87
4.18
3.42
4.79
11.75
6.35
2.47
4.29
3.80
3.02
1.72
2.49
2.68
2.97
2.12
3.54
7.12
6.91
9.56
4.21
4.79
1.31
2.41
4.14
4.71
4.17
4.64
9.02
4.56
4.24
4.48
2.76
0.72
1.91
1.76
2.72
2.64
4.59
6.93
3.51
0.75
8.28
2.55
2.75
1.23
2.07
2.37
3.91
5.75
4.25
10.57
4.84
2.70
3.83
3.72
1.14
1.23
1.27
4.45
2.70
3.46
6.70
4.32
3.54
8.43
5.97
3.39
2.94
2.59
4.48
4.71
4.37
8.32
5.05
3.76
6.24
3.64
2.41
2.40
0.99
3.42
4.70
3.27
4.86
6.59
4.32
6.67
4.78
3.32
0.80
1.53
4.82
5.38
4.44
6.63
10.46
5.22
3.90
3.81
2.59
2.06
1.09
1.59
2.11
2.83
2.81
2.19
8.46
9.52
8.08
8.34
4.62
2.76
2.53
3.68
3.36
2.62
5.03
11.86
5.43
6.89
2.85
2.93
1.35
2.75
3.38
4.14
2.34
4.60
8.28
5.91
3.83
9.33
5.04
2.71
2.74
3.64
5.00
1.81
5.09
9.37
3.45
2.91
7.91
2.37
2.79
1.99
3.00
3.76
2.57
5.16
8.58
2.85
3.69
7.75
4.73
2.47
4.63
4.32
2.55
3.55
3.20
11.81
3.60
4.56
3.36
3.11
0.84
2.17
2.90
4.56
2.79
4.59
8.05
6.50
4.90
7.68
3.08
3.24
1.96
4.10
4.21
2.22
6.93
12.45
4.55
5.33
5.78
