GUESS    :MOVING_SM
STARTTIME:1288465647205
ENDTIME  :1288465661454
LOCALSPD :0.0
LONGSPD  :-1.0
LOCATION :Location[mProvider=network,mTime=1288465653227,mLatitude=55.74953936666666,mLongitude=12.3765445,mHasAltitude=false,mAltitude=0.0,mHasSpeed=false,mSpeed=0.0,mHasBearing=false,mBearing=0.0,mHasAccuracy=true,mAccuracy=50.0,mExtras=Bundle[mParcelledData.dataSize=148]]
ADDRESS :

0.39
0.18
0.12
0.17
0.27
0.18
0.09
0.12
0.11
0.12
0.05
0.03
0.07
0.14
0.12
0.09
0.06
0.10
0.10
0.14
0.06
0.11
0.07
0.05
0.02
0.05
0.04
0.07
0.03
0.02
0.02
0.09
0.04
0.07
0.07
0.08
0.05
0.05
0.06
0.05
0.01
0.05
0.06
0.06
0.06
0.07
0.07
0.07
0.10
0.06
0.06
0.06
0.11
0.08
0.08
0.06
0.09
0.08
0.05
0.06
0.06
0.05
0.05
0.06
0.06
0.04
0.04
0.02
0.02
0.00
0.01
0.00
0.02
0.02
0.02
0.02
0.03
0.01
0.03
0.04
0.02
0.03
0.00
0.03
0.02
0.02
0.02
0.04
0.05
0.04
0.02
0.03
0.05
0.04
0.03
0.03
0.02
0.03
0.03
0.01
0.03
0.03
0.03
0.01
0.02
0.02
0.02
0.02
0.04
0.04
0.02
0.01
0.02
0.05
0.03
0.02
0.03
0.04
0.04
0.03
0.05
0.05
0.03
0.03
0.03
0.03
0.01
0.01
