GUESS    :MOVING_HI
STARTTIME:1288613013115
ENDTIME  :1288613026043
LOCALSPD :0.0
LONGSPD  :0.0
LOCATION :Location[mProvider=network,mTime=1288612985467,mLatitude=55.782704833333334,mLongitude=12.512962433333334,mHasAltitude=false,mAltitude=0.0,mHasSpeed=false,mSpeed=0.0,mHasBearing=false,mBearing=0.0,mHasAccuracy=true,mAccuracy=88.0,mExtras=Bundle[mParcelledData.dataSize=148]]
ADDRESS :

3.59
4.61
1.69
0.39
0.20
0.43
0.39
0.79
0.40
0.84
1.98
2.30
1.92
1.30
0.60
0.09
0.11
0.45
0.40
0.35
0.84
0.78
0.46
0.20
0.15
0.47
0.47
0.21
0.42
0.29
0.42
0.61
0.92
1.24
0.89
0.35
0.27
0.24
0.32
0.21
0.31
0.17
0.23
0.40
0.35
0.26
0.24
0.28
0.34
0.22
0.18
0.28
0.15
0.07
0.02
0.23
0.28
0.22
0.09
0.09
0.26
0.33
0.23
0.19
0.10
0.47
0.68
0.50
0.19
0.20
0.11
0.19
0.38
0.48
0.38
0.11
0.18
0.32
0.38
0.30
0.09
0.12
0.07
0.10
0.04
0.15
0.33
0.36
0.21
0.17
0.14
0.23
0.18
0.24
0.30
0.22
0.25
0.36
0.50
0.55
0.32
0.10
0.16
0.02
0.12
0.10
0.18
0.25
0.26
0.40
0.35
0.04
0.17
0.24
0.19
0.24
0.19
0.15
0.07
0.24
0.19
0.09
0.05
0.08
0.13
0.18
0.09
0.10
