GUESS    :WALKING
STARTTIME:1288611848204
ENDTIME  :1288611861124
LOCALSPD :0.0
LONGSPD  :1.2659048
LOCATION :Location[mProvider=network,mTime=1288611814526,mLatitude=55.782484950000004,mLongitude=12.51398516,mHasAltitude=false,mAltitude=0.0,mHasSpeed=false,mSpeed=0.0,mHasBearing=false,mBearing=0.0,mHasAccuracy=true,mAccuracy=53.0,mExtras=Bundle[mParcelledData.dataSize=148]]
ADDRESS :

9.12
3.65
0.44
2.77
1.00
1.88
1.07
0.26
0.07
1.26
1.50
2.45
0.94
3.10
1.04
0.90
0.84
0.67
0.56
0.09
0.57
1.14
1.52
1.13
0.83
1.13
1.62
0.62
0.47
0.99
0.09
0.77
1.39
1.12
1.61
1.49
1.16
2.15
1.88
1.07
1.40
1.37
0.99
1.17
0.33
0.44
0.84
0.91
0.39
0.59
0.47
0.91
0.76
0.72
0.38
0.22
0.59
0.32
0.13
0.44
0.70
0.30
0.36
0.45
0.20
0.49
0.37
0.42
0.10
0.29
0.50
0.50
0.35
0.05
0.28
0.44
0.47
0.01
0.51
0.38
0.49
0.24
0.55
0.19
0.33
0.40
0.34
0.17
0.44
0.47
0.30
0.41
0.65
0.49
0.24
0.22
0.48
0.57
0.51
0.65
0.55
0.49
0.72
0.52
0.68
0.46
0.51
0.58
0.12
0.83
0.38
0.60
0.30
0.76
0.67
0.88
0.81
0.40
0.92
0.62
0.62
0.65
0.87
0.17
0.98
1.11
1.01
1.21
