GUESS    :MOVING_ME
STARTTIME:1288612056115
ENDTIME  :1288612069052
LOCALSPD :0.0
LONGSPD  :0.0
LOCATION :Location[mProvider=network,mTime=1288612006850,mLatitude=55.782704833333334,mLongitude=12.512962433333334,mHasAltitude=false,mAltitude=0.0,mHasSpeed=false,mSpeed=0.0,mHasBearing=false,mBearing=0.0,mHasAccuracy=true,mAccuracy=88.0,mExtras=Bundle[mParcelledData.dataSize=148]]
ADDRESS :

11.14
6.13
4.49
3.91
2.76
2.33
1.73
2.86
7.34
7.31
1.84
3.17
3.01
5.27
5.28
3.79
4.48
3.68
2.15
3.04
6.73
3.46
2.47
14.52
16.74
19.01
7.68
3.38
4.13
4.10
4.63
22.34
15.02
15.09
3.60
8.65
4.02
4.56
2.68
1.16
1.02
1.68
0.95
3.21
1.61
0.39
0.46
0.34
1.13
0.57
0.23
0.38
0.39
0.42
0.54
0.26
1.14
0.75
0.75
0.79
0.80
3.34
3.58
3.27
1.80
6.76
6.86
2.41
3.60
3.47
3.24
2.34
1.51
2.68
1.09
2.29
1.84
0.95
1.31
1.54
1.81
1.38
1.23
0.72
1.69
1.05
1.10
0.45
2.60
4.06
4.29
2.37
4.41
2.30
3.41
1.29
2.70
1.61
1.05
1.10
4.60
1.50
4.33
7.85
4.69
4.52
2.00
3.00
2.03
1.87
1.88
0.74
1.58
1.16
0.89
0.61
1.31
0.68
1.12
0.44
0.97
0.41
0.80
0.95
0.86
1.05
0.53
0.57
0.35
0.34
0.30
0.11
0.37
0.35
0.22
0.20
0.30
0.49
0.42
0.26
0.34
0.26
0.12
0.04
0.08
0.18
0.08
0.30
0.68
0.45
0.15
0.34
0.59
0.38
0.37
0.59
0.11
0.26
0.50
0.18
0.64
0.54
0.22
0.53
0.45
0.31
0.53
0.37
0.41
0.26
0.12
0.34
0.16
0.20
0.34
0.53
0.50
0.14
0.38
0.31
0.08
0.15
0.10
0.11
0.18
0.38
0.23
0.30
0.59
0.64
0.34
0.71
0.12
0.71
0.61
0.31
0.38
0.42
0.27
0.22
0.44
0.42
0.41
0.53
0.50
0.46
0.52
0.15
0.18
0.46
0.42
0.61
0.37
0.31
0.14
0.29
0.11
0.27
0.18
0.25
0.08
0.10
0.27
0.08
0.31
0.04
0.29
0.12
0.04
0.04
0.20
0.15
0.07
0.08
0.20
0.12
0.23
0.12
0.41
0.22
0.34
0.20
0.41
0.12
0.38
0.27
0.37
0.07
0.15
0.38
0.31
0.46
0.67
0.26
0.72
0.33
