GUESS    :MOVING_SM
STARTTIME:1288612120893
ENDTIME  :1288612134002
LOCALSPD :0.0
LONGSPD  :0.0
LOCATION :Location[mProvider=network,mTime=1288612129829,mLatitude=55.782704833333334,mLongitude=12.512962433333334,mHasAltitude=false,mAltitude=0.0,mHasSpeed=false,mSpeed=0.0,mHasBearing=false,mBearing=0.0,mHasAccuracy=true,mAccuracy=88.0,mExtras=Bundle[mParcelledData.dataSize=148]]
ADDRESS :

7.08
6.59
1.27
0.93
1.65
2.49
2.90
5.28
8.19
4.37
1.96
1.48
1.16
1.54
1.08
0.99
0.93
1.14
1.47
1.47
0.34
0.82
0.74
0.52
1.39
0.57
0.35
0.61
0.97
0.80
1.69
0.60
0.82
0.50
1.20
1.02
1.16
0.84
0.67
0.99
0.38
0.91
0.56
0.30
0.48
0.23
0.07
0.34
0.46
0.34
0.54
0.60
0.37
0.12
0.53
0.35
0.31
0.31
0.50
0.31
0.11
0.31
0.04
0.23
0.19
0.07
0.11
0.19
0.12
0.12
0.16
0.20
0.16
0.11
0.11
0.11
0.08
0.16
0.11
0.19
0.15
0.11
0.11
0.16
0.12
0.27
0.23
0.08
0.12
0.08
0.15
0.15
0.03
0.07
0.12
0.12
0.12
0.08
0.16
0.11
0.04
0.03
0.03
0.15
0.04
0.08
0.20
0.15
0.12
0.12
0.08
0.07
0.11
0.08
0.08
0.19
0.23
0.16
0.08
0.08
0.12
0.11
0.03
0.16
0.27
0.08
0.12
0.25
0.15
0.12
0.04
0.12
0.07
0.07
0.15
0.11
0.04
0.12
0.16
0.16
0.12
0.11
0.04
0.07
0.04
0.12
0.15
0.08
0.26
0.22
0.12
0.04
0.12
0.15
0.46
0.18
0.08
0.23
0.19
0.26
0.20
0.26
0.15
0.10
0.31
0.46
0.20
0.60
0.83
0.15
0.78
0.42
0.12
0.38
0.53
0.63
0.72
0.30
0.50
0.87
0.19
0.20
0.38
0.72
0.22
0.69
0.42
0.37
0.31
0.50
0.59
0.42
0.15
0.15
0.29
0.84
0.46
0.61
0.52
0.75
0.65
0.79
0.82
0.78
0.68
0.07
0.74
0.27
0.22
0.56
0.41
0.35
0.30
0.30
0.26
0.26
0.15
0.46
0.25
0.25
0.18
0.18
0.18
0.29
0.41
0.30
0.15
0.12
0.04
0.15
0.11
0.08
0.08
0.19
0.07
0.03
0.14
0.18
0.08
0.04
0.18
0.11
0.31
0.19
0.19
0.15
0.07
0.11
0.14
0.23
0.20
0.16
0.08
0.08
0.08
0.04
