GUESS    :WALKING
STARTTIME:1288612251403
ENDTIME  :1288612264536
LOCALSPD :0.0
LONGSPD  :0.0
LOCATION :Location[mProvider=network,mTime=1288612259938,mLatitude=55.782704833333334,mLongitude=12.512962433333334,mHasAltitude=false,mAltitude=0.0,mHasSpeed=false,mSpeed=0.0,mHasBearing=false,mBearing=0.0,mHasAccuracy=true,mAccuracy=88.0,mExtras=Bundle[mParcelledData.dataSize=148]]
ADDRESS :

0.23
0.22
0.37
0.54
0.42
0.27
0.35
0.53
0.59
0.31
0.38
0.38
0.57
0.82
0.23
0.50
0.52
1.13
1.69
1.72
1.38
1.46
0.15
0.93
1.95
1.53
3.02
1.57
0.97
2.18
2.53
3.41
2.83
3.72
2.98
4.99
1.80
1.77
1.38
1.01
0.61
1.10
1.01
0.42
0.84
0.78
0.44
0.93
0.64
0.45
1.05
0.50
0.46
0.93
1.14
0.20
0.45
1.16
1.29
1.08
0.69
0.65
0.31
0.38
0.33
0.50
0.52
0.08
0.54
0.69
0.76
1.39
1.29
0.33
2.19
0.97
1.23
2.33
1.33
2.37
0.34
0.54
0.31
0.38
1.16
0.75
0.34
0.80
0.19
0.31
0.11
0.41
0.15
0.33
0.46
0.39
0.49
0.30
0.68
0.22
0.29
0.35
0.23
0.41
0.44
0.08
0.31
0.30
0.30
0.72
0.57
0.15
0.14
0.30
0.34
0.38
0.38
0.29
0.15
0.11
0.22
0.30
0.12
0.57
0.44
0.54
0.63
0.31
0.08
0.15
0.31
0.31
1.04
0.68
1.18
1.14
0.59
0.86
1.32
0.60
1.14
0.76
1.35
2.11
5.15
3.06
2.26
2.11
3.75
3.95
1.57
0.57
3.72
0.23
2.18
7.78
7.08
1.29
4.58
2.51
2.40
2.34
1.62
0.74
1.29
1.27
3.55
4.45
5.90
18.85
16.96
1.27
1.29
9.43
12.76
22.51
30.22
14.86
10.58
4.43
7.93
5.07
2.17
3.17
2.22
4.48
3.65
8.05
15.66
13.93
13.09
11.85
3.36
6.36
3.73
32.93
36.95
27.38
14.41
4.26
3.99
6.09
4.07
3.20
2.21
3.00
3.26
5.56
6.27
20.06
11.93
16.75
5.67
1.27
8.00
16.13
31.59
38.98
21.96
13.09
3.76
2.79
6.07
4.41
3.11
3.04
3.46
3.80
4.45
2.42
17.82
9.97
14.44
7.31
1.33
8.16
22.65
19.70
22.87
10.19
8.43
5.28
6.82
4.45
3.68
3.01
3.54
3.95
2.57
6.25
5.86
19.22
10.84
16.14
3.75
4.37
