GUESS    :WALKING
STARTTIME:1288517402351
ENDTIME  :1288517415238
LOCALSPD :0.0
LONGSPD  :-1.0
LOCATION :Location[mProvider=network,mTime=1288517379890,mLatitude=55.7832417,mLongitude=12.3753204,mHasAltitude=false,mAltitude=0.0,mHasSpeed=false,mSpeed=0.0,mHasBearing=false,mBearing=0.0,mHasAccuracy=true,mAccuracy=75.0,mExtras=Bundle[mParcelledData.dataSize=148]]
ADDRESS :

4.47
1.14
0.72
0.73
1.41
0.22
0.26
0.56
0.09
0.58
2.23
0.82
0.40
0.24
0.59
0.09
0.43
0.41
0.26
0.21
1.77
1.06
0.74
0.39
0.54
0.23
0.59
0.59
0.45
0.46
1.23
1.33
0.04
0.34
0.35
0.37
0.06
0.25
0.29
0.44
0.42
0.60
0.54
0.10
0.28
0.07
0.15
0.09
0.10
0.28
0.08
0.24
0.26
0.16
0.41
0.17
0.11
0.26
0.21
0.14
0.24
0.10
0.41
0.18
0.37
0.22
0.52
0.46
0.17
0.13
0.35
0.41
0.60
0.12
0.16
0.26
0.34
0.43
0.17
0.24
0.42
0.16
0.32
0.22
0.20
0.20
0.34
0.15
0.35
0.50
0.35
0.03
0.11
0.37
0.20
0.25
0.03
0.20
0.12
0.15
0.21
0.30
0.13
0.31
0.29
0.18
0.09
0.30
0.45
0.49
0.06
0.15
0.01
0.31
0.14
0.12
0.09
0.25
0.42
0.41
0.09
0.24
0.12
0.51
0.29
0.40
0.10
0.37
