GUESS    :WALKING
STARTTIME:1288518998088
ENDTIME  :1288519011627
LOCALSPD :0.0
LONGSPD  :0.0
LOCATION :Location[mProvider=network,mTime=1288518948437,mLatitude=55.778352,mLongitude=12.399926,mHasAltitude=false,mAltitude=0.0,mHasSpeed=false,mSpeed=0.0,mHasBearing=false,mBearing=0.0,mHasAccuracy=true,mAccuracy=1625.0,mExtras=Bundle[mParcelledData.dataSize=148]]
ADDRESS :

2.29
5.20
4.29
4.85
9.19
6.36
12.56
24.71
22.11
16.96
9.38
10.43
5.09
25.35
12.95
24.01
17.04
7.55
3.30
3.72
1.53
8.61
2.60
5.24
8.70
6.44
9.85
23.17
32.31
17.79
9.28
5.33
6.02
33.63
21.72
22.72
14.40
5.20
3.32
4.82
1.87
4.71
2.79
1.77
5.12
6.32
10.53
27.58
31.80
19.64
7.97
8.27
11.82
30.81
24.87
14.44
7.42
8.58
8.32
2.00
6.28
9.85
3.68
6.10
26.01
39.58
19.44
5.28
7.50
11.54
25.62
23.33
8.53
5.15
5.75
5.45
2.56
0.69
3.41
4.28
4.79
9.34
21.67
6.85
22.41
3.79
2.86
11.80
23.89
15.10
22.96
5.45
13.99
17.82
10.19
4.11
4.86
5.13
12.80
8.27
27.39
18.01
13.12
23.63
11.63
7.33
8.68
13.87
19.67
11.97
4.33
5.16
2.62
1.33
11.06
8.24
11.51
9.38
9.19
13.87
7.46
15.30
12.22
13.40
28.58
9.62
13.48
15.31
7.71
9.26
14.97
13.82
6.95
13.97
3.64
11.80
14.89
10.87
19.05
17.00
27.19
18.54
19.50
26.90
14.10
26.36
7.87
8.36
9.00
8.42
2.19
4.56
25.78
17.28
14.06
6.02
6.43
10.11
6.43
22.19
30.43
14.87
16.77
14.22
16.70
18.35
6.17
10.04
13.66
9.00
8.50
12.00
8.95
11.20
7.21
4.17
2.25
5.79
1.95
3.16
11.03
32.53
31.19
10.28
8.32
4.52
25.43
17.62
5.28
5.48
11.86
8.31
5.65
11.43
19.03
21.17
6.39
9.60
6.44
0.87
2.40
3.39
7.16
2.36
6.13
29.38
28.81
11.35
17.69
16.44
8.27
8.20
15.77
19.30
6.31
1.46
4.58
7.12
4.33
1.77
21.79
9.77
18.37
15.51
7.08
3.64
9.11
3.41
5.58
4.92
2.85
2.78
2.83
4.94
9.62
19.22
30.28
9.70
3.72
8.43
8.81
34.26
11.80
13.82
9.44
3.88
11.50
3.55
4.67
4.94
2.64
11.37
5.95
7.18
19.50
20.73
