GUESS    :WALKING
STARTTIME:1288519628979
ENDTIME  :1288519643478
LOCALSPD :0.0
LONGSPD  :0.0
LOCATION :Location[mProvider=network,mTime=1288519622531,mLatitude=55.782963550000005,mLongitude=12.3752451,mHasAltitude=false,mAltitude=0.0,mHasSpeed=false,mSpeed=0.0,mHasBearing=false,mBearing=0.0,mHasAccuracy=true,mAccuracy=56.0,mExtras=Bundle[mParcelledData.dataSize=148]]
ADDRESS :

10.25
1.56
0.28
0.53
0.20
0.61
0.85
0.94
0.18
0.22
0.35
0.41
0.49
1.12
4.51
1.90
0.76
0.38
0.65
0.24
0.31
0.38
0.52
0.62
0.53
0.28
1.32
1.73
2.72
2.14
0.74
0.70
0.44
0.48
0.16
0.25
0.49
0.86
0.42
0.36
0.37
1.68
1.65
2.29
1.70
0.40
0.42
0.51
0.49
0.10
0.55
0.64
0.66
0.37
0.77
1.18
0.41
1.23
0.93
0.38
0.68
0.26
0.09
0.13
0.21
0.76
0.63
0.39
0.37
0.42
0.63
0.43
0.42
0.82
0.27
0.63
0.44
0.37
0.33
0.40
0.70
0.85
0.50
0.84
0.55
0.55
0.26
1.19
0.83
0.25
0.71
0.35
0.42
0.58
0.33
0.84
0.40
0.46
0.32
0.51
0.25
0.23
0.73
0.28
0.52
0.36
0.44
0.20
0.17
0.65
0.73
1.19
0.28
0.33
0.34
0.38
1.33
0.13
0.23
0.32
0.23
0.27
0.33
0.53
0.47
1.22
1.20
0.63
