GUESS    :WALKING
STARTTIME:1288519657979
ENDTIME  :1288519673359
LOCALSPD :0.0
LONGSPD  :0.0
LOCATION :Location[mProvider=network,mTime=1288519622531,mLatitude=55.782963550000005,mLongitude=12.3752451,mHasAltitude=false,mAltitude=0.0,mHasSpeed=false,mSpeed=0.0,mHasBearing=false,mBearing=0.0,mHasAccuracy=true,mAccuracy=56.0,mExtras=Bundle[mParcelledData.dataSize=148]]
ADDRESS :

3.12
1.68
2.18
1.43
1.60
0.70
0.68
0.40
1.05
0.62
0.96
0.66
0.22
1.52
0.60
1.07
0.85
0.34
0.58
0.20
0.12
0.98
0.12
0.78
0.46
0.71
0.45
0.18
0.37
0.66
0.36
0.45
0.19
0.12
0.20
0.27
0.22
0.43
0.31
0.13
0.18
0.26
0.32
0.40
0.23
0.38
0.46
0.23
0.58
0.32
0.33
0.45
0.13
0.46
0.22
0.68
0.23
0.37
0.37
0.52
0.29
0.41
0.16
0.44
0.45
0.33
0.67
0.13
0.52
0.27
0.11
0.70
0.45
0.30
0.50
0.40
0.24
0.23
0.32
0.39
0.17
0.36
0.18
0.04
0.35
0.26
0.35
0.28
0.03
0.06
0.17
0.20
0.38
0.21
0.31
0.04
0.17
0.13
0.02
0.34
0.39
0.25
0.38
0.24
0.26
0.16
0.20
0.19
0.06
0.09
0.22
0.29
0.14
0.20
0.15
0.13
0.14
0.14
0.06
0.19
0.03
0.11
0.01
0.10
0.15
0.11
0.14
0.09
