GUESS    :MOVING_SM
STARTTIME:1288519703338
ENDTIME  :1288519717526
LOCALSPD :0.0
LONGSPD  :0.0
LOCATION :Location[mProvider=network,mTime=1288519682561,mLatitude=55.778352,mLongitude=12.399926,mHasAltitude=false,mAltitude=0.0,mHasSpeed=false,mSpeed=0.0,mHasBearing=false,mBearing=0.0,mHasAccuracy=true,mAccuracy=1625.0,mExtras=Bundle[mParcelledData.dataSize=148]]
ADDRESS :

0.60
1.43
1.43
1.46
1.20
1.12
1.35
3.57
0.38
0.68
4.94
5.98
2.11
0.26
0.20
0.72
0.99
4.36
4.89
1.77
0.89
0.69
0.42
0.99
0.79
1.28
1.05
0.38
0.61
0.54
0.78
1.01
0.80
0.19
0.49
0.41
1.48
1.38
1.35
2.96
2.85
3.42
2.19
0.74
1.18
0.84
1.68
0.31
2.18
0.53
0.91
1.84
0.31
0.97
1.33
1.99
2.10
0.41
1.21
0.48
4.02
7.75
6.62
3.16
1.84
1.05
0.65
1.35
0.74
2.00
1.73
0.90
1.31
2.00
1.05
1.39
1.08
0.45
1.38
0.83
2.60
2.56
0.74
2.64
1.36
1.23
0.31
1.69
2.96
3.21
0.89
3.77
3.15
2.07
0.95
0.33
1.80
1.81
2.87
1.27
0.87
1.27
0.26
1.31
0.72
1.46
1.31
0.27
0.57
0.63
0.08
0.48
0.27
0.52
1.01
0.76
0.41
0.50
0.34
0.71
0.57
0.15
0.61
0.68
0.38
0.16
0.38
0.18
0.31
0.37
0.29
0.16
0.35
0.16
0.07
0.19
0.08
0.11
0.27
0.20
0.12
0.20
0.16
0.12
0.20
0.08
0.08
0.25
0.12
0.08
0.15
0.07
0.16
0.20
0.16
0.12
0.20
0.08
0.25
0.19
0.11
0.04
0.12
0.11
0.12
0.11
0.12
0.16
0.08
0.04
0.15
0.08
0.07
0.12
0.12
0.04
0.15
0.07
0.19
0.19
0.08
0.08
0.07
0.11
0.03
0.03
0.12
0.04
0.04
0.04
0.16
0.08
0.08
0.11
0.11
0.08
0.04
0.08
0.11
0.15
0.20
0.08
0.04
0.04
0.08
0.04
0.11
0.11
0.08
0.08
0.15
0.12
0.08
0.07
0.08
0.08
0.08
0.07
0.11
0.12
0.08
0.04
0.12
0.12
0.12
0.07
0.11
0.15
0.15
0.16
0.11
0.03
0.03
0.11
0.08
0.11
0.15
0.12
0.11
0.19
0.15
0.11
0.19
0.12
0.15
0.12
0.08
0.20
0.16
0.19
0.03
0.08
0.11
0.12
0.08
0.08
