GUESS    :MOVING_SM
STARTTIME:1288518389199
ENDTIME  :1288518402977
LOCALSPD :0.0
LONGSPD  :0.0
LOCATION :Location[mProvider=network,mTime=1288518402944,mLatitude=55.78344625,mLongitude=12.37577435,mHasAltitude=false,mAltitude=0.0,mHasSpeed=false,mSpeed=0.0,mHasBearing=false,mBearing=0.0,mHasAccuracy=true,mAccuracy=75.0,mExtras=Bundle[mParcelledData.dataSize=148]]
ADDRESS :

0.61
0.31
0.38
0.59
1.58
1.08
1.08
1.53
0.52
0.99
1.12
0.91
0.52
0.86
0.60
0.34
0.08
0.29
0.63
0.63
0.41
0.52
0.41
0.89
1.29
1.61
2.10
1.42
3.51
1.27
3.92
1.44
1.76
2.49
3.00
0.50
0.95
2.56
2.71
2.14
2.15
3.31
1.65
0.60
0.84
0.59
0.52
0.45
0.49
0.42
0.65
0.75
0.11
0.46
0.42
0.39
0.48
1.21
0.71
0.76
1.80
1.76
0.33
0.65
0.65
0.15
0.41
0.68
0.82
1.04
0.31
0.34
0.15
0.31
0.23
0.19
0.23
0.12
0.12
0.08
0.19
0.11
0.11
0.04
0.10
0.11
0.11
0.08
0.11
0.07
0.14
0.14
0.11
0.12
0.04
0.18
0.26
0.34
0.30
0.25
0.25
0.08
0.11
0.15
0.26
0.11
0.15
0.14
0.15
0.14
0.07
0.15
0.18
0.18
0.11
0.16
0.26
0.11
0.11
0.11
0.04
0.16
0.07
0.11
0.22
0.19
0.03
0.14
0.23
0.16
0.04
0.04
0.12
0.08
0.23
0.11
0.11
0.11
0.07
0.11
0.04
0.18
0.04
0.07
0.07
0.08
0.11
0.03
0.10
0.19
0.12
0.07
0.19
0.11
0.08
0.23
0.26
0.15
0.15
0.25
0.16
0.34
0.19
0.23
0.20
0.35
0.08
0.16
0.27
0.11
0.12
0.12
0.16
0.20
0.37
0.08
0.25
0.08
0.27
0.11
0.15
0.07
0.04
0.34
0.57
1.31
0.34
0.22
0.75
0.74
0.82
0.46
0.08
0.12
0.08
0.08
0.04
0.04
0.11
0.15
0.12
0.04
0.03
0.10
0.19
0.10
0.18
0.23
0.61
1.12
1.05
1.02
0.22
0.41
0.57
0.65
1.27
0.87
1.51
2.97
1.23
3.17
1.95
0.50
0.59
0.76
0.83
1.84
1.44
2.04
9.28
11.35
7.72
4.64
2.38
1.61
3.83
0.46
1.77
1.58
0.64
1.04
2.79
3.23
5.84
3.83
3.90
4.60
2.76
4.41
1.65
0.23
7.16
12.08
16.34
4.63
