GUESS    :MOVING_SM
STARTTIME:1289071652385
ENDTIME  :1289071666612
LOCALSPD :-1.0
LONGSPD  :-1.0
LOCATION :Location[mProvider=network,mTime=1289071623964,mLatitude=55.749565700000005,mLongitude=12.376724133333333,mHasAltitude=false,mAltitude=0.0,mHasSpeed=false,mSpeed=0.0,mHasBearing=false,mBearing=0.0,mHasAccuracy=true,mAccuracy=50.0,mExtras=Bundle[mParcelledData.dataSize=148]]
ADDRESS :

0.50
0.19
0.26
0.15
0.29
0.16
0.19
0.07
0.16
0.16
0.15
0.15
0.12
0.12
0.04
0.12
0.23
0.15
0.16
0.16
0.19
0.27
0.19
0.11
0.03
0.11
0.08
0.08
0.12
0.12
0.12
0.19
0.30
0.84
0.56
0.33
0.23
0.35
0.19
0.48
0.18
0.34
0.42
0.35
0.38
0.07
0.15
0.14
0.11
0.11
0.11
0.14
0.69
0.69
0.80
0.49
0.75
0.35
0.30
0.54
0.38
0.15
0.04
0.20
0.27
0.31
0.20
0.23
0.15
0.15
0.23
0.46
1.18
0.72
0.19
0.12
0.20
0.12
0.12
0.41
0.34
0.89
0.18
0.53
0.23
0.33
0.08
0.18
0.63
0.46
0.15
0.53
0.45
0.31
0.37
0.11
0.59
0.29
0.37
0.12
0.08
0.16
0.15
0.19
0.08
0.08
0.12
0.08
0.12
0.03
0.07
0.14
0.11
0.15
0.12
0.03
0.07
0.20
0.19
0.07
0.11
0.08
0.03
0.07
0.08
0.15
0.23
0.12
0.23
0.15
0.29
0.03
0.23
0.22
0.07
0.15
0.15
0.30
0.07
0.11
0.11
0.15
0.07
0.11
0.08
0.04
0.03
0.15
0.04
0.18
0.05
0.12
0.08
0.04
0.08
0.04
0.08
0.08
0.15
0.15
0.08
0.15
0.10
0.10
0.11
0.18
0.14
0.11
0.14
0.14
0.10
0.03
0.03
0.07
0.07
0.07
0.07
0.08
0.07
0.04
0.03
0.07
0.04
0.15
0.08
0.03
0.14
0.14
0.05
0.14
0.18
0.10
0.10
0.10
0.03
0.03
0.03
0.07
0.07
0.11
0.19
0.15
0.07
0.14
0.29
0.15
0.04
0.15
0.79
0.07
0.11
0.38
0.35
0.19
0.45
0.41
0.53
0.72
0.23
0.26
0.19
0.23
0.08
0.08
0.16
0.11
0.11
0.10
0.07
0.12
0.14
0.05
0.07
0.04
0.26
0.22
0.38
0.65
0.84
0.27
0.12
0.16
0.15
0.23
0.16
0.07
0.03
0.19
0.22
0.11
0.07
0.08
0.07
0.19
0.08
0.16
