GUESS    :MOVING_HI
STARTTIME:1290700676928
ENDTIME  :1290700689798
LOCALSPD :0.0
LONGSPD  :-1.0
LOCATION :Location[mProvider=network,mTime=1290700670022,mLatitude=55.78249719,mLongitude=12.513933250000001,mHasAltitude=false,mAltitude=0.0,mHasSpeed=false,mSpeed=0.0,mHasBearing=false,mBearing=0.0,mHasAccuracy=true,mAccuracy=53.0,mExtras=Bundle[mParcelledData.dataSize=148]]
ADDRESS :

3.40
2.88
1.13
0.69
1.22
1.09
0.83
0.95
1.17
0.75
0.37
0.22
0.44
0.60
0.63
0.88
0.51
0.62
0.80
0.62
0.54
0.47
0.56
0.83
0.93
0.27
0.09
0.44
0.64
0.55
0.34
0.14
0.10
0.03
0.05
0.36
0.14
0.03
0.06
0.09
0.50
0.84
0.84
0.56
0.10
0.41
0.55
0.32
0.22
0.07
0.20
0.03
0.33
0.35
0.42
0.57
0.45
0.47
0.37
0.47
0.21
0.01
0.19
0.36
0.49
0.52
0.51
0.73
0.36
0.19
0.25
0.05
0.12
0.14
0.24
0.29
0.35
0.28
0.31
0.29
0.25
0.08
0.17
0.12
0.27
0.13
0.08
0.06
0.19
0.23
0.31
0.32
0.22
0.23
0.16
0.15
0.28
0.40
0.33
0.35
0.27
0.30
0.24
0.15
0.14
0.30
0.32
0.28
0.07
0.20
0.03
0.21
0.04
0.18
0.14
0.14
0.25
0.09
0.02
0.20
0.20
0.30
0.31
0.47
0.12
0.28
0.20
0.21
