GUESS    :MOVING_ME
STARTTIME:1290702048489
ENDTIME  :1290702061638
LOCALSPD :1.2596728
LONGSPD  :2.9283047
LOCATION :Location[mProvider=network,mTime=1290702060916,mLatitude=55.765248442857136,mLongitude=12.484862157142857,mHasAltitude=false,mAltitude=0.0,mHasSpeed=false,mSpeed=0.0,mHasBearing=false,mBearing=0.0,mHasAccuracy=true,mAccuracy=54.0,mExtras=Bundle[mParcelledData.dataSize=148]]
ADDRESS :

1.29
1.23
2.18
1.99
2.12
0.87
0.95
2.68
2.30
0.60
1.23
0.95
1.14
0.87
1.32
2.12
2.33
1.80
1.80
3.28
1.96
0.57
2.37
1.24
1.18
1.01
2.03
0.61
0.57
1.10
1.88
1.35
1.91
2.11
1.18
2.26
1.84
2.38
0.95
1.14
0.74
2.74
1.23
2.00
1.99
1.27
3.27
2.64
1.69
3.43
0.67
2.41
2.11
1.63
1.48
1.51
3.64
3.98
1.10
2.19
1.27
1.76
1.14
1.18
2.26
1.21
2.51
2.76
3.27
0.97
2.56
2.72
4.10
3.76
6.21
3.96
2.57
1.83
1.23
1.92
0.97
2.66
2.81
2.15
2.76
3.01
0.91
1.33
0.50
2.18
2.49
2.29
2.21
1.53
1.68
1.31
0.75
1.12
0.89
1.42
2.03
4.10
0.34
1.76
0.95
2.22
1.08
1.02
4.69
2.36
1.69
2.62
3.15
3.49
1.38
2.07
0.79
2.06
0.91
4.81
2.40
2.19
0.48
0.97
1.81
1.65
1.61
1.97
1.40
1.14
2.18
2.23
1.84
1.81
2.34
1.42
1.38
2.11
2.64
1.57
2.72
2.94
2.94
0.74
1.25
3.73
1.13
3.39
1.04
2.41
1.14
1.83
2.03
3.30
2.62
1.17
1.68
2.56
1.69
1.99
3.42
2.27
1.53
2.41
2.30
1.08
0.82
0.93
0.38
1.92
1.09
0.76
0.64
0.31
2.00
1.53
2.45
0.89
1.48
1.91
0.97
2.03
1.54
1.25
1.42
2.34
1.61
0.52
2.62
1.02
2.03
1.33
0.68
1.58
0.89
2.07
0.69
2.49
0.89
0.86
1.40
2.11
2.30
2.03
2.36
1.39
0.86
1.16
1.18
1.29
0.30
2.03
1.16
3.60
3.17
3.72
2.30
3.27
4.94
2.37
0.91
1.12
1.38
1.50
1.69
1.35
2.94
1.72
2.49
3.95
3.45
1.65
1.65
2.37
1.38
1.47
1.32
1.50
1.38
0.78
3.99
1.35
1.42
2.71
3.09
0.99
2.76
0.53
2.02
2.53
2.47
3.79
2.15
1.48
2.74
2.07
