GUESS    :MOVING_ME
STARTTIME:1290702164479
ENDTIME  :1290702177438
LOCALSPD :4.590282
LONGSPD  :3.3657389
LOCATION :Location[mProvider=network,mTime=1290702117665,mLatitude=55.7646449,mLongitude=12.47791775,mHasAltitude=false,mAltitude=0.0,mHasSpeed=false,mSpeed=0.0,mHasBearing=false,mBearing=0.0,mHasAccuracy=true,mAccuracy=130.0,mExtras=Bundle[mParcelledData.dataSize=148]]
ADDRESS :

1.97
0.18
0.12
0.15
0.36
0.10
0.14
0.13
0.21
0.26
0.05
0.13
0.26
0.33
0.21
0.03
0.09
0.20
0.01
0.18
0.12
0.12
0.08
0.11
0.11
0.08
0.12
0.15
0.08
0.14
0.24
0.22
0.11
0.06
0.09
0.14
0.17
0.13
0.13
0.12
0.03
0.11
0.07
0.09
0.07
0.11
0.12
0.07
0.19
0.19
0.08
0.10
0.14
0.00
0.12
0.07
0.04
0.10
0.09
0.03
0.05
0.11
0.06
0.09
0.07
0.18
0.05
0.12
0.14
0.11
0.18
0.12
0.10
0.08
0.01
0.02
0.11
0.06
0.08
0.10
0.14
0.12
0.15
0.06
0.05
0.05
0.13
0.01
0.05
0.04
0.02
0.01
0.21
0.14
0.06
0.04
0.05
0.07
0.07
0.02
0.08
0.12
0.03
0.22
0.22
0.08
0.07
0.15
0.04
0.17
0.15
0.06
0.21
0.05
0.13
0.19
0.18
0.18
0.17
0.25
0.14
0.20
0.18
0.20
0.18
0.09
0.09
0.15
