GUESS    :MOVING_ME
STARTTIME:1290702668989
ENDTIME  :1290702681829
LOCALSPD :4.482151
LONGSPD  :4.7911453
LOCATION :Location[mProvider=network,mTime=1290702629355,mLatitude=55.76184056666667,mLongitude=12.437450733333334,mHasAltitude=false,mAltitude=0.0,mHasSpeed=false,mSpeed=0.0,mHasBearing=false,mBearing=0.0,mHasAccuracy=true,mAccuracy=50.0,mExtras=Bundle[mParcelledData.dataSize=148]]
ADDRESS :

2.45
0.34
0.23
0.28
0.22
0.35
0.13
0.16
0.19
0.41
0.31
0.17
0.08
0.25
0.04
0.08
0.18
0.11
0.08
0.11
0.12
0.15
0.08
0.28
0.20
0.22
0.17
0.15
0.13
0.23
0.20
0.07
0.05
0.29
0.07
0.02
0.16
0.08
0.23
0.37
0.17
0.22
0.04
0.23
0.19
0.16
0.32
0.13
0.27
0.18
0.18
0.12
0.25
0.21
0.16
0.10
0.20
0.10
0.29
0.13
0.09
0.20
0.16
0.21
0.18
0.19
0.07
0.11
0.20
0.03
0.07
0.11
0.08
0.18
0.04
0.15
0.24
0.10
0.15
0.07
0.18
0.10
0.14
0.21
0.08
0.15
0.15
0.26
0.05
0.06
0.15
0.31
0.05
0.11
0.23
0.16
0.05
0.20
0.11
0.04
0.12
0.06
0.11
0.11
0.20
0.06
0.16
0.08
0.15
0.10
0.12
0.24
0.14
0.10
0.06
0.14
0.03
0.08
0.05
0.05
0.11
0.05
0.01
0.04
0.10
0.11
0.13
0.08
