GUESS    :MOVING_ME
STARTTIME:1290703147748
ENDTIME  :1290703160648
LOCALSPD :2.884773
LONGSPD  :5.4432454
LOCATION :Location[mProvider=network,mTime=1290703147432,mLatitude=55.748871900000005,mLongitude=12.396668766666666,mHasAltitude=false,mAltitude=0.0,mHasSpeed=false,mSpeed=0.0,mHasBearing=false,mBearing=0.0,mHasAccuracy=true,mAccuracy=70.0,mExtras=Bundle[mParcelledData.dataSize=148]]
ADDRESS :

1.54
0.42
0.33
0.28
0.16
0.16
0.14
0.18
0.13
0.21
0.08
0.21
0.10
0.07
0.14
0.05
0.07
0.14
0.07
0.06
0.05
0.13
0.09
0.11
0.10
0.02
0.04
0.14
0.14
0.10
0.08
0.07
0.10
0.04
0.04
0.09
0.07
0.06
0.07
0.06
0.15
0.03
0.13
0.08
0.04
0.11
0.07
0.09
0.09
0.02
0.06
0.09
0.15
0.16
0.14
0.06
0.08
0.12
0.05
0.12
0.07
0.09
0.06
0.13
0.12
0.06
0.03
0.13
0.04
0.11
0.08
0.02
0.02
0.16
0.04
0.06
0.04
0.12
0.04
0.09
0.07
0.07
0.11
0.04
0.06
0.08
0.12
0.05
0.03
0.07
0.13
0.08
0.12
0.09
0.10
0.06
0.08
0.11
0.07
0.03
0.03
0.02
0.07
0.05
0.06
0.01
0.08
0.08
0.07
0.08
0.03
0.02
0.06
0.02
0.06
0.02
0.07
0.10
0.17
0.13
0.15
0.09
0.09
0.15
0.15
0.08
0.21
0.07
