GUESS    :MOVING_SM
STARTTIME:1290703471029
ENDTIME  :1290703483878
LOCALSPD :0.90806466
LONGSPD  :3.9151156
LOCATION :Location[mProvider=network,mTime=1290703456975,mLatitude=55.749759,mLongitude=12.377093666666667,mHasAltitude=false,mAltitude=0.0,mHasSpeed=false,mSpeed=0.0,mHasBearing=false,mBearing=0.0,mHasAccuracy=true,mAccuracy=38.0,mExtras=Bundle[mParcelledData.dataSize=148]]
ADDRESS :

1.85
3.47
2.67
6.09
1.14
5.43
1.27
3.72
1.99
1.04
0.65
0.61
3.76
4.22
1.28
1.14
0.23
1.16
0.83
5.68
7.82
3.41
1.66
1.38
0.49
0.54
0.42
0.69
0.71
0.35
0.59
0.37
0.27
0.08
0.34
0.07
0.18
0.19
0.19
0.26
0.22
0.23
0.27
0.41
0.39
0.20
0.39
0.27
0.04
0.99
0.42
0.27
0.31
0.84
0.65
0.22
0.68
0.84
0.64
0.44
0.71
0.53
0.95
0.69
1.24
0.76
0.93
0.23
0.53
0.34
0.30
0.45
0.04
0.35
0.08
0.11
0.30
0.42
0.12
0.38
0.20
0.39
0.31
0.04
0.22
0.35
0.37
0.23
0.30
0.22
0.26
0.23
0.80
0.27
0.34
0.48
0.27
0.11
0.20
0.54
0.15
0.89
0.53
0.93
0.56
0.69
0.83
0.79
0.48
0.46
0.44
1.27
0.53
1.17
1.27
1.02
4.63
3.13
5.35
3.75
3.80
1.33
1.48
0.89
1.58
0.83
1.51
0.87
0.41
1.10
0.54
0.37
0.45
0.48
2.53
1.73
0.89
1.23
1.20
1.12
1.29
0.80
1.18
0.76
1.77
2.79
2.15
0.61
2.83
1.20
0.76
1.12
0.97
2.26
0.72
1.51
1.24
2.36
1.95
2.72
3.11
1.35
2.30
2.67
1.20
2.14
2.22
2.22
2.49
1.13
1.10
0.83
2.64
4.05
4.07
4.02
8.69
5.28
3.42
3.91
1.06
6.09
2.08
3.01
1.80
4.56
3.68
3.26
0.46
0.60
0.53
1.12
4.33
2.68
5.56
1.80
2.41
1.61
1.38
0.89
1.54
0.80
1.93
0.52
1.04
1.46
0.10
0.59
3.24
3.75
2.83
3.26
3.16
0.84
0.95
0.65
1.21
1.31
0.46
1.62
3.87
5.48
2.38
1.99
1.68
1.61
0.86
0.87
0.80
0.34
0.65
0.41
0.61
0.48
0.80
0.27
0.38
0.63
0.12
0.63
0.41
0.29
0.80
0.53
0.78
0.23
0.53
0.75
0.95
0.46
1.36
0.57
1.29
0.76
0.89
0.84
