GUESS    :MOVING_HI
STARTTIME:1290703574693
ENDTIME  :1290703587728
LOCALSPD :0.0
LONGSPD  :2.5539482
LOCATION :Location[mProvider=network,mTime=1290703573372,mLatitude=55.749491,mLongitude=12.3763129,mHasAltitude=false,mAltitude=0.0,mHasSpeed=false,mSpeed=0.0,mHasBearing=false,mBearing=0.0,mHasAccuracy=true,mAccuracy=70.0,mExtras=Bundle[mParcelledData.dataSize=148]]
ADDRESS :

3.91
2.01
1.33
0.56
1.07
1.22
0.50
0.67
0.52
0.88
1.02
0.90
0.65
0.39
0.70
0.63
0.68
0.73
0.30
0.47
0.69
0.56
0.39
0.55
0.46
0.58
0.79
0.21
0.34
0.12
0.25
0.23
0.20
0.39
0.09
0.15
0.13
0.32
0.39
0.82
0.22
0.25
0.24
0.10
0.30
0.14
0.48
0.30
0.06
0.16
0.32
0.14
0.08
0.13
0.37
0.21
0.07
0.03
0.14
0.20
0.17
0.12
0.10
0.12
0.34
0.35
0.33
0.11
0.15
0.27
0.15
0.04
0.26
0.13
0.22
0.16
0.35
0.17
0.14
0.20
0.11
0.19
0.10
0.17
0.25
0.21
0.32
0.25
0.20
0.18
0.11
0.23
0.30
0.16
0.21
0.27
0.09
0.22
0.24
0.07
0.18
0.16
0.10
0.16
0.06
0.28
0.11
0.34
0.14
0.26
0.49
0.20
0.23
0.13
0.32
0.32
0.17
0.04
0.22
0.28
0.48
0.40
0.15
0.11
0.16
0.34
0.27
0.36
