GUESS    :MOVING_ME
STARTTIME:1290700592180
ENDTIME  :1290700606178
LOCALSPD :0.0
LONGSPD  :-1.0
LOCATION :Location[mProvider=network,mTime=1290700541506,mLatitude=55.782497189999994,mLongitude=12.513933250000001,mHasAltitude=false,mAltitude=0.0,mHasSpeed=false,mSpeed=0.0,mHasBearing=false,mBearing=0.0,mHasAccuracy=true,mAccuracy=53.0,mExtras=Bundle[mParcelledData.dataSize=148]]
ADDRESS :

17.41
8.66
3.20
11.50
8.96
12.68
15.87
7.01
11.97
3.24
5.94
6.25
9.96
7.40
6.78
10.69
8.68
5.20
3.16
3.46
3.41
9.21
2.34
10.56
13.59
13.63
10.50
11.41
9.26
5.20
9.62
3.83
2.19
8.92
3.72
3.91
3.27
2.52
10.65
5.50
2.42
1.59
5.41
2.37
3.06
4.41
2.72
2.71
4.81
2.15
3.20
0.65
1.80
1.04
4.64
2.30
10.73
2.57
5.92
4.21
4.21
6.67
1.92
6.70
6.70
7.23
4.51
9.78
15.79
12.05
8.50
3.19
4.03
6.01
8.29
15.42
10.61
7.23
1.61
2.81
8.00
2.55
3.30
4.48
3.72
5.09
9.00
7.52
4.21
1.47
2.75
2.49
1.72
1.84
2.15
5.94
5.63
2.60
6.43
2.53
5.35
3.79
4.60
8.96
14.48
1.10
4.52
5.98
4.10
14.67
10.23
8.49
3.19
0.41
0.16
0.12
0.11
0.07
0.04
0.11
0.07
0.08
0.04
0.04
0.08
0.12
0.08
0.08
0.07
0.22
0.22
0.03
0.04
0.04
0.07
0.08
0.08
0.08
0.08
0.04
0.08
0.07
0.11
0.15
0.04
0.08
0.07
0.07
0.11
0.08
0.08
0.08
0.11
0.08
0.04
0.11
0.11
0.07
0.08
0.04
0.08
0.11
0.03
0.08
0.04
0.03
0.07
0.07
0.07
0.08
0.12
0.04
0.03
0.11
0.08
0.04
0.12
0.11
0.11
0.11
0.07
0.08
0.03
0.07
0.04
0.04
0.08
0.07
0.07
0.07
0.15
0.07
0.07
0.04
0.04
0.11
0.04
0.11
0.11
0.04
0.03
0.03
0.07
0.04
0.03
0.07
0.08
0.04
0.04
0.08
0.07
0.11
0.07
0.11
0.04
0.12
0.04
0.11
0.11
0.08
0.07
0.03
0.04
0.11
0.15
0.19
0.22
0.11
0.04
0.04
0.03
0.03
0.08
0.11
0.07
0.08
0.07
0.03
0.07
0.03
0.03
0.11
0.04
0.04
0.04
0.07
0.04
0.11
0.08
0.04
0.04
0.04
0.04
0.04
0.04
0.04
