GUESS    :WALKING
STARTTIME:1290701370438
ENDTIME  :1290701384338
LOCALSPD :1.1571461
LONGSPD  :3.2785158
LOCATION :Location[mProvider=network,mTime=1290701371169,mLatitude=55.7700589,mLongitude=12.4996546,mHasAltitude=false,mAltitude=0.0,mHasSpeed=false,mSpeed=0.0,mHasBearing=false,mBearing=0.0,mHasAccuracy=true,mAccuracy=75.0,mExtras=Bundle[mParcelledData.dataSize=148]]
ADDRESS :

2.93
0.86
0.44
0.72
0.23
0.03
0.07
0.05
0.28
0.19
0.09
0.19
0.30
0.20
0.22
0.36
0.25
0.46
0.17
0.16
0.32
0.42
0.52
1.28
0.67
0.35
0.13
0.26
0.59
0.13
0.12
0.33
0.13
0.16
0.05
0.08
0.44
0.19
0.46
0.33
0.28
0.13
0.09
0.13
0.16
0.33
0.18
0.13
0.25
0.17
0.02
0.22
0.37
0.17
0.21
0.15
0.19
0.09
0.06
0.19
0.16
0.12
0.04
0.14
0.10
0.13
0.14
0.11
0.14
0.03
0.11
0.17
0.15
0.35
0.30
0.13
0.09
0.08
0.14
0.05
0.23
0.04
0.02
0.19
0.01
0.10
0.05
0.21
0.15
0.14
0.12
0.11
0.09
0.13
0.11
0.23
0.19
0.16
0.38
0.10
0.18
0.11
0.09
0.08
0.22
0.04
0.12
0.28
0.06
0.05
0.26
0.09
0.19
0.12
0.15
0.18
0.25
0.12
0.18
0.11
0.19
0.22
0.14
0.09
0.21
0.15
0.04
0.28
