GUESS    :MOVING_ME
STARTTIME:1288207142205
ENDTIME  :1288207155293
LOCALSPD :3.4390707
LONGSPD  :-1.0
LOCATION :Location[mProvider=network,mTime=1288207101933,mLatitude=55.7319352,mLongitude=12.3598171,mHasAltitude=false,mAltitude=0.0,mHasSpeed=false,mSpeed=0.0,mHasBearing=false,mBearing=0.0,mHasAccuracy=true,mAccuracy=74.0,mExtras=Bundle[mParcelledData.dataSize=148]]
ADDRESS :

0.37
0.18
1.32
0.64
0.56
0.78
0.61
2.51
1.28
2.26
1.42
1.46
0.53
1.05
0.68
0.76
1.14
1.08
1.50
2.62
1.42
0.53
1.29
2.00
1.16
0.86
0.68
1.96
1.42
0.76
1.39
1.23
2.53
2.11
1.80
0.80
0.61
1.38
0.26
0.79
0.54
0.54
0.49
0.67
0.99
0.50
0.95
0.46
1.12
0.52
1.33
0.45
2.06
1.57
1.80
1.54
1.42
2.62
1.16
2.90
1.33
2.21
0.98
1.08
1.06
3.32
1.69
1.20
1.29
1.10
2.22
1.39
0.57
1.09
0.99
0.87
0.76
0.98
0.86
0.61
0.67
1.18
1.46
0.61
1.29
1.46
1.24
1.36
0.74
2.00
0.89
1.81
1.57
1.39
1.48
1.43
1.20
1.43
0.35
2.10
1.80
1.27
1.40
1.06
1.09
0.95
0.50
1.04
0.64
0.78
0.68
0.69
0.83
1.42
1.06
0.30
0.69
0.72
0.30
0.19
0.49
0.42
0.39
0.61
0.80
0.49
0.48
0.53
0.46
1.06
0.95
0.65
0.65
0.23
0.60
0.76
0.30
1.18
0.30
0.35
0.34
0.49
0.10
0.57
0.49
0.82
1.40
1.44
0.52
1.61
0.65
0.54
0.61
0.23
1.05
1.27
0.99
0.91
0.54
0.74
1.23
0.95
0.78
0.87
1.17
2.93
1.51
1.50
0.76
0.89
0.34
0.46
0.80
1.18
1.80
0.82
1.17
0.54
0.61
0.26
0.57
0.64
0.48
0.67
0.76
1.24
0.65
0.74
0.90
0.80
0.89
0.61
1.61
0.61
0.38
0.87
0.89
1.17
0.53
0.72
0.78
0.56
0.50
0.50
0.79
0.68
0.84
0.69
0.69
0.71
0.60
0.45
0.61
1.31
1.58
1.08
0.74
1.46
1.27
1.33
1.08
0.23
1.32
1.32
0.93
0.69
0.53
0.89
1.68
0.89
1.91
1.12
1.32
1.14
0.84
0.38
2.22
1.29
1.08
0.98
1.05
1.10
1.80
0.50
0.89
1.72
2.90
4.56
2.14
1.57
2.22
3.96
2.91
1.27
3.17
5.09
