GUESS    :MOVING_SM
STARTTIME:1288207049924
ENDTIME  :1288207063422
LOCALSPD :-1.0
LONGSPD  :-1.0
LOCATION :Location[mProvider=network,mTime=1288207033873,mLatitude=55.7356143,mLongitude=12.3635615,mHasAltitude=false,mAltitude=0.0,mHasSpeed=false,mSpeed=0.0,mHasBearing=false,mBearing=0.0,mHasAccuracy=true,mAccuracy=437.0,mExtras=Bundle[mParcelledData.dataSize=148]]
ADDRESS :

0.39
0.08
0.59
0.16
0.12
0.19
0.19
0.12
0.31
0.07
0.23
0.25
0.16
0.30
0.23
1.12
0.23
0.89
0.34
0.08
0.12
0.20
0.23
0.30
0.11
0.25
0.20
0.08
0.38
0.18
0.25
0.14
0.08
0.04
0.16
0.12
0.18
0.07
0.25
0.19
0.08
0.07
0.12
0.16
0.08
0.15
0.07
0.08
0.07
0.08
0.04
0.04
0.16
0.04
0.04
0.08
0.12
0.08
0.08
0.08
0.12
0.04
0.08
0.03
0.11
0.07
0.15
0.08
0.12
0.03
0.11
0.08
0.11
0.10
0.07
0.05
0.03
0.10
0.07
0.11
0.15
0.03
0.14
0.14
0.14
0.04
0.04
0.12
0.07
0.07
0.08
0.04
0.11
0.12
0.15
0.15
0.16
0.08
0.04
0.29
0.14
0.26
0.23
0.33
0.52
0.27
0.20
0.45
0.45
0.23
0.34
0.49
0.39
0.22
0.46
0.38
0.23
0.31
0.26
0.19
0.12
0.68
0.29
0.19
0.22
0.15
0.20
0.29
0.25
0.23
0.31
0.23
0.27
0.15
0.08
0.08
0.11
0.15
0.27
0.16
0.11
0.27
0.12
0.35
0.14
0.46
0.39
0.53
0.91
0.82
0.27
0.35
0.46
0.61
0.80
0.78
0.23
0.45
0.46
0.30
0.74
0.38
1.14
1.08
1.01
0.20
1.10
0.74
1.10
0.48
0.42
0.42
0.27
0.93
0.57
0.27
0.93
0.31
0.64
0.11
0.26
0.54
0.30
0.63
0.57
0.22
0.84
0.31
1.47
1.05
0.57
0.60
0.80
0.89
0.97
0.68
0.39
1.35
1.85
0.74
1.92
1.02
0.78
1.28
0.80
0.65
1.96
2.40
1.18
3.41
1.08
2.19
1.87
1.76
1.54
1.83
0.99
1.46
1.23
1.01
0.45
0.69
0.30
0.25
0.46
2.22
0.65
0.27
0.57
0.76
0.23
0.19
0.75
0.39
0.23
0.35
0.22
0.46
0.56
0.30
0.34
0.61
0.39
0.80
0.60
0.57
0.37
0.30
0.25
0.49
0.38
0.49
0.23
0.16
0.34
0.52
