GUESS    :MOVING_ME
STARTTIME:1288207578244
ENDTIME  :1288207591582
LOCALSPD :0.0
LONGSPD  :2.09938
LOCATION :Location[mProvider=network,mTime=1288207580660,mLatitude=55.751745,mLongitude=12.37691,mHasAltitude=false,mAltitude=0.0,mHasSpeed=false,mSpeed=0.0,mHasBearing=false,mBearing=0.0,mHasAccuracy=true,mAccuracy=722.0,mExtras=Bundle[mParcelledData.dataSize=148]]
ADDRESS :

1.19
0.18
0.04
0.21
0.29
0.16
0.15
0.12
0.03
0.10
0.05
0.09
0.07
0.07
0.05
0.09
0.03
0.13
0.09
0.09
0.24
0.21
0.06
0.03
0.23
0.10
0.04
0.12
0.08
0.07
0.08
0.07
0.06
0.13
0.05
0.11
0.00
0.01
0.07
0.05
0.04
0.11
0.10
0.03
0.04
0.04
0.06
0.01
0.09
0.08
0.03
0.10
0.08
0.04
0.05
0.05
0.09
0.04
0.04
0.05
0.05
0.05
0.02
0.04
0.03
0.09
0.03
0.05
0.01
0.07
0.04
0.04
0.03
0.05
0.02
0.01
0.06
0.06
0.13
0.08
0.07
0.01
0.11
0.06
0.02
0.07
0.05
0.04
0.07
0.05
0.03
0.05
0.03
0.02
0.04
0.10
0.02
0.04
0.00
0.04
0.07
0.05
0.08
0.06
0.02
0.05
0.04
0.09
0.05
0.04
0.03
0.03
0.05
0.03
0.03
0.10
0.10
0.04
0.04
0.03
0.08
0.05
0.10
0.04
0.03
0.03
0.05
0.02
