GUESS    :MOVING_HI
STARTTIME:1288207670186
ENDTIME  :1288207683153
LOCALSPD :3.7933671
LONGSPD  :5.9144096
LOCATION :Location[mProvider=network,mTime=1288207649215,mLatitude=55.749450849999995,mLongitude=12.376170950000002,mHasAltitude=false,mAltitude=0.0,mHasSpeed=false,mSpeed=0.0,mHasBearing=false,mBearing=0.0,mHasAccuracy=true,mAccuracy=26.0,mExtras=Bundle[mParcelledData.dataSize=148]]
ADDRESS :

4.14
0.76
0.05
0.30
0.36
0.36
0.34
0.42
0.14
0.15
0.02
0.14
0.28
0.23
0.19
0.39
0.33
0.11
0.15
0.25
0.35
0.15
0.28
0.78
0.42
0.75
0.57
0.37
0.40
0.12
0.17
0.28
0.05
0.18
0.11
0.03
0.18
0.18
0.21
0.13
0.11
0.14
0.09
0.22
0.36
0.23
0.09
0.09
0.23
0.28
0.32
0.30
0.10
0.19
0.22
0.05
0.39
0.24
0.17
0.06
0.10
0.30
0.09
0.37
0.14
0.19
0.09
0.27
0.18
0.09
0.14
0.42
0.39
0.47
0.33
0.76
0.68
0.44
0.22
0.24
0.18
0.04
0.19
0.09
0.13
0.11
0.09
0.30
0.04
0.07
0.03
0.13
0.02
0.01
0.24
0.25
0.29
0.42
0.46
0.63
0.21
0.63
0.51
0.41
0.21
0.31
0.26
0.19
0.18
0.05
0.16
0.30
0.22
0.08
0.03
0.16
0.29
0.10
0.18
0.13
0.22
0.20
0.12
0.15
0.50
0.12
0.13
0.22
