GUESS    :MOVING_SM
STARTTIME:1290515446477
ENDTIME  :1290515460099
LOCALSPD :-1.0
LONGSPD  :-1.0
LOCATION :Location[mProvider=network,mTime=1290515435229,mLatitude=55.74952493999999,mLongitude=12.376715560000001,mHasAltitude=false,mAltitude=0.0,mHasSpeed=false,mSpeed=0.0,mHasBearing=false,mBearing=0.0,mHasAccuracy=true,mAccuracy=50.0,mExtras=Bundle[mParcelledData.dataSize=148]]
ADDRESS :

0.17
0.14
0.04
0.06
0.11
0.11
0.08
0.05
0.07
0.10
0.10
0.08
0.07
0.08
0.09
0.08
0.07
0.07
0.08
0.09
0.08
0.07
0.08
0.08
0.07
0.08
0.08
0.08
0.07
0.08
0.09
0.09
0.07
0.08
0.08
0.08
0.07
0.07
0.08
0.08
0.08
0.08
0.08
0.07
0.07
0.07
0.08
0.07
0.07
0.08
0.09
0.08
0.06
0.07
0.09
0.08
0.08
0.06
0.07
0.09
0.09
0.08
0.07
0.08
0.08
0.08
0.07
0.07
0.08
0.08
0.07
0.07
0.07
0.08
0.07
0.07
0.07
0.08
0.08
0.07
0.08
0.07
0.07
0.07
0.08
0.08
0.08
0.08
0.08
0.08
0.07
0.07
0.08
0.08
0.08
0.07
0.07
0.08
0.08
0.08
0.08
0.08
0.08
0.07
0.08
0.08
0.08
0.08
0.08
0.08
0.08
0.08
0.08
0.08
0.08
0.08
0.08
0.08
0.08
0.08
0.08
0.08
0.08
0.08
0.08
0.08
0.08
0.08
