GUESS    :MOVING_SM
STARTTIME:1290159862169
ENDTIME  :1290159862683
LOCALSPD :-1.0
LONGSPD  :-1.0
LOCATION :Location[mProvider=network,mTime=1290159831985,mLatitude=51.2459814,mLongitude=4.4174633,mHasAltitude=false,mAltitude=0.0,mHasSpeed=false,mSpeed=0.0,mHasBearing=false,mBearing=0.0,mHasAccuracy=true,mAccuracy=70.0,mExtras=Bundle[mParcelledData.dataSize=148]]
ADDRESS :

0.27
0.19
0.13
0.03
0.07
0.07
0.11
0.12
0.15
0.14
0.10
0.05
0.05
0.03
0.09
0.04
0.05
0.07
0.02
0.06
0.01
0.02
0.03
0.04
0.01
0.01
0.03
0.01
0.01
0.01
0.00
0.02
0.03
0.04
0.06
0.06
0.04
0.01
0.04
0.04
0.04
0.05
0.03
0.03
0.02
0.02
0.01
0.03
0.03
0.04
0.02
0.02
0.01
0.00
0.01
0.01
0.02
0.02
0.01
0.02
0.01
0.01
0.01
0.00
0.02
0.03
0.03
0.04
0.01
0.01
0.01
0.01
0.02
0.02
0.02
0.04
0.02
0.01
0.03
0.03
0.02
0.02
0.01
0.02
0.01
0.01
0.01
0.00
0.01
0.03
0.01
0.02
0.03
0.01
0.01
0.02
0.03
0.02
0.03
0.01
0.02
0.02
0.02
0.02
0.02
0.02
0.01
0.01
0.00
0.01
0.01
0.02
0.01
0.01
0.01
0.01
0.00
0.01
0.02
0.03
0.02
0.01
0.01
0.02
0.02
0.02
0.02
0.01
