GUESS    :MOVING_SM
STARTTIME:1290718986382
ENDTIME  :1290718999430
LOCALSPD :-1.0
LONGSPD  :-1.0
LOCATION :Location[mProvider=network,mTime=1290718944480,mLatitude=55.74956313333333,mLongitude=12.376719766666668,mHasAltitude=false,mAltitude=0.0,mHasSpeed=false,mSpeed=0.0,mHasBearing=false,mBearing=0.0,mHasAccuracy=true,mAccuracy=50.0,mExtras=Bundle[mParcelledData.dataSize=148]]
ADDRESS :

0.03
0.16
0.26
0.07
0.19
0.23
0.22
0.08
0.15
0.15
0.15
0.11
0.07
0.08
0.15
0.07
0.07
0.04
0.19
0.23
0.12
0.19
0.16
0.08
0.15
0.11
0.04
0.08
0.07
0.12
0.23
0.04
0.15
0.11
0.08
0.04
0.12
0.15
0.07
0.22
0.11
0.20
0.10
0.12
0.27
0.08
0.23
0.23
0.11
0.26
0.23
0.04
0.31
0.20
0.14
0.30
0.12
0.18
0.15
0.11
0.18
0.15
0.23
0.19
0.04
0.11
0.15
0.14
0.04
0.11
0.07
0.20
0.27
0.12
0.35
0.26
0.19
0.27
0.08
0.08
0.15
0.14
0.19
0.11
0.15
0.04
0.26
0.30
0.25
0.34
0.19
0.19
0.26
0.19
0.07
0.23
0.18
0.19
0.16
0.07
0.15
0.19
0.11
0.07
0.11
0.16
0.15
0.23
0.19
0.08
0.15
0.12
0.18
0.30
0.27
0.26
0.19
0.12
0.20
0.08
0.15
0.19
0.19
0.15
0.16
0.11
0.08
0.15
0.12
0.15
0.07
0.08
0.07
0.04
0.11
0.18
0.11
0.11
0.15
0.11
0.12
0.08
0.15
0.15
0.20
0.12
0.04
0.07
0.18
0.04
0.08
0.04
0.12
0.11
0.07
0.04
0.03
0.04
0.19
0.08
0.15
0.23
0.12
0.15
0.25
0.23
0.15
0.23
0.19
0.27
0.23
0.16
0.19
0.04
0.15
0.12
0.23
0.16
0.23
0.14
0.11
0.15
0.19
0.12
0.20
0.14
0.27
0.15
0.15
0.25
0.23
0.12
0.27
0.27
0.20
0.23
0.19
0.20
0.31
0.26
0.19
0.23
0.14
0.19
0.15
0.11
0.22
0.04
0.34
0.15
0.35
0.31
0.15
0.30
0.25
0.39
0.16
0.27
0.26
0.27
0.23
0.04
0.15
0.23
0.08
0.19
0.12
0.19
0.19
0.20
0.15
0.11
0.19
0.22
0.25
0.34
0.07
0.15
0.12
0.19
0.11
0.11
0.22
0.16
0.27
0.27
0.16
0.18
0.26
0.16
0.30
0.30
0.16
0.30
0.23
0.11
