GUESS    :MOVING_SM
STARTTIME:1288345657188
ENDTIME  :1288345670941
LOCALSPD :-1.0
LONGSPD  :-1.0
LOCATION :Location[mProvider=network,mTime=1288345614926,mLatitude=55.78249398571428,mLongitude=12.514066999999999,mHasAltitude=false,mAltitude=0.0,mHasSpeed=false,mSpeed=0.0,mHasBearing=false,mBearing=0.0,mHasAccuracy=true,mAccuracy=53.0,mExtras=Bundle[mParcelledData.dataSize=148]]
ADDRESS :

13.40
0.46
0.39
0.49
0.26
0.57
0.52
0.80
0.39
0.12
0.44
0.99
0.64
1.21
0.60
0.49
0.23
0.80
0.75
0.35
1.05
0.50
0.57
0.15
0.31
0.19
0.19
0.46
0.54
0.29
0.20
0.04
0.26
0.30
0.18
0.16
0.19
0.15
0.11
0.19
0.15
0.08
0.04
0.16
0.25
0.11
0.12
0.27
0.16
0.26
0.42
0.20
0.25
0.31
0.39
0.25
0.08
0.16
0.04
0.25
0.16
0.04
0.16
0.20
0.08
0.08
0.16
0.16
0.16
0.04
0.12
0.12
0.11
0.11
0.26
0.04
0.16
0.20
0.31
0.48
0.33
0.16
0.42
0.69
0.48
0.48
0.54
0.39
0.26
1.08
0.61
0.15
0.53
0.59
0.31
0.15
0.19
0.34
0.22
0.11
0.42
0.42
0.60
0.72
0.59
0.84
0.44
0.16
0.53
0.65
0.20
0.08
0.29
0.34
0.26
0.08
0.04
0.12
0.20
0.72
0.46
0.80
1.80
0.80
0.50
0.57
0.48
1.81
1.38
0.52
0.41
0.34
0.65
0.23
0.35
1.18
0.87
1.24
0.65
0.98
0.30
0.41
0.34
0.52
0.72
0.33
0.23
0.19
0.31
0.19
0.11
0.25
0.16
0.04
0.19
0.38
0.16
0.20
0.31
0.67
0.59
0.71
0.84
0.18
0.31
0.27
0.35
0.27
0.27
0.44
0.54
0.89
1.12
0.31
0.39
0.35
0.29
0.11
0.26
0.12
0.14
0.42
0.31
0.38
0.16
0.19
0.31
0.23
0.29
0.16
0.08
0.20
0.25
0.20
0.04
0.12
0.08
0.12
0.08
0.19
0.15
0.37
0.25
0.22
0.16
0.38
0.08
0.11
0.31
0.12
0.23
0.34
0.12
0.12
0.16
0.22
0.20
0.25
0.26
0.19
0.27
0.12
0.31
0.08
0.30
0.33
0.19
0.41
0.16
0.23
0.29
0.20
0.16
0.03
0.20
0.38
0.16
0.25
0.30
0.39
0.15
0.31
0.27
0.19
0.15
0.11
0.41
0.31
0.04
0.08
0.15
0.08
0.19
0.11
0.08
0.15
