GUESS    :MOVING_SM
STARTTIME:1288188596677
ENDTIME  :1288188611091
LOCALSPD :-1.0
LONGSPD  :-1.0
LOCATION :Location[mProvider=network,mTime=1288188568762,mLatitude=55.78251023,mLongitude=12.51395238,mHasAltitude=false,mAltitude=0.0,mHasSpeed=false,mSpeed=0.0,mHasBearing=false,mBearing=0.0,mHasAccuracy=true,mAccuracy=53.0,mExtras=Bundle[mParcelledData.dataSize=148]]
ADDRESS :

0.89
0.37
1.04
0.52
0.27
0.23
0.27
0.27
0.27
0.31
0.44
0.37
0.07
0.26
0.15
0.18
0.26
0.25
0.25
0.38
0.27
0.25
0.12
0.19
0.12
0.12
0.27
0.25
0.49
0.41
0.18
0.18
0.27
0.08
0.15
0.15
0.19
0.20
0.07
0.27
0.46
0.57
0.12
0.25
0.11
0.56
0.64
0.53
0.84
0.67
0.39
0.42
0.27
0.33
0.49
0.64
0.30
0.08
0.19
0.08
0.34
0.26
0.08
0.16
0.08
0.19
0.15
0.04
0.12
0.15
0.26
0.57
0.99
0.68
0.69
0.12
0.53
0.38
0.65
0.34
0.19
0.49
0.27
0.27
0.53
0.26
0.11
0.37
0.23
0.15
0.15
0.15
0.03
0.27
0.80
1.14
0.72
0.39
0.64
0.16
0.26
0.12
0.25
0.54
1.24
3.58
1.96
0.41
1.31
0.63
0.22
0.49
0.39
0.23
0.34
0.16
0.12
0.04
0.27
0.31
0.42
0.45
0.38
0.50
0.20
0.30
0.30
0.08
0.19
0.14
0.07
0.63
0.69
0.59
0.54
0.53
0.46
0.27
0.50
0.42
0.26
0.27
0.23
0.15
0.23
0.14
0.10
0.07
0.11
0.15
0.07
0.08
0.16
0.15
0.15
0.25
0.11
0.11
0.12
0.08
0.04
0.12
0.12
0.08
0.07
0.15
0.18
0.11
0.12
0.12
0.11
0.23
0.38
0.15
0.39
0.57
0.74
1.35
1.48
0.57
0.72
1.04
1.14
1.27
0.12
0.30
0.34
0.41
0.19
0.04
0.69
0.57
0.46
0.22
0.05
0.15
0.14
0.39
0.49
0.69
0.11
0.27
0.10
0.30
1.05
0.59
0.30
0.16
0.20
0.15
0.27
0.23
0.15
0.08
0.04
0.15
0.08
0.26
0.18
0.03
0.04
0.07
0.05
0.07
0.19
0.19
0.23
0.12
0.07
0.12
0.11
0.15
0.37
0.12
0.08
0.19
0.03
0.16
0.08
0.08
0.08
0.19
0.14
0.12
0.08
0.12
0.10
0.18
0.19
0.08
0.08
0.07
0.11
0.07
0.07
0.04
