GUESS    :MOVING_SM
STARTTIME:1288796926916
ENDTIME  :1288796941252
LOCALSPD :-1.0
LONGSPD  :-1.0
LOCATION :Location[mProvider=network,mTime=1288796891391,mLatitude=55.749565700000005,mLongitude=12.376724133333333,mHasAltitude=false,mAltitude=0.0,mHasSpeed=false,mSpeed=0.0,mHasBearing=false,mBearing=0.0,mHasAccuracy=true,mAccuracy=50.0,mExtras=Bundle[mParcelledData.dataSize=148]]
ADDRESS :

0.94
0.71
0.44
0.30
0.20
0.27
0.52
0.29
0.42
0.29
0.39
0.23
0.30
0.26
0.24
0.21
0.12
0.10
0.18
0.10
0.07
0.17
0.28
0.19
0.07
0.23
0.15
0.15
0.13
0.13
0.26
0.20
0.11
0.07
0.08
0.07
0.06
0.10
0.16
0.17
0.19
0.24
0.24
0.20
0.12
0.15
0.09
0.10
0.10
0.16
0.22
0.25
0.15
0.15
0.19
0.17
0.12
0.18
0.23
0.20
0.19
0.12
0.11
0.10
0.06
0.08
0.04
0.11
0.18
0.19
0.16
0.13
0.17
0.16
0.09
0.09
0.09
0.07
0.10
0.11
0.23
0.20
0.23
0.19
0.16
0.09
0.01
0.07
0.09
0.17
0.14
0.14
0.11
0.16
0.15
0.18
0.14
0.17
0.15
0.17
0.10
0.09
0.03
0.09
0.17
0.23
0.18
0.16
0.16
0.19
0.12
0.10
0.09
0.12
0.16
0.15
0.17
0.15
0.20
0.18
0.16
0.14
0.07
0.01
0.01
0.11
0.20
0.25
