GUESS    :IDLE
STARTTIME:1289932081898
ENDTIME  :1289932098067
LOCALSPD :0.0
LONGSPD  :-1.0
LOCATION :Location[mProvider=network,mTime=1289932063830,mLatitude=51.21026504,mLongitude=4.41578832,mHasAltitude=false,mAltitude=0.0,mHasSpeed=false,mSpeed=0.0,mHasBearing=false,mBearing=0.0,mHasAccuracy=true,mAccuracy=57.0,mExtras=Bundle[mParcelledData.dataSize=148]]
ADDRESS :

0.04
0.08
0.08
0.16
0.20
0.15
0.15
0.04
0.08
0.04
0.04
0.08
0.16
0.08
0.12
0.16
0.08
0.12
0.08
0.04
0.08
0.08
0.04
0.08
0.08
0.04
0.04
0.04
0.08
0.08
0.04
0.04
0.04
0.08
0.12
0.12
0.12
0.12
0.08
0.16
0.12
0.04
0.04
0.04
0.04
0.04
0.08
0.08
0.04
0.08
0.16
0.16
0.12
0.04
0.12
0.04
0.04
0.04
0.12
0.12
0.12
0.12
0.08
0.12
0.12
0.12
0.08
0.16
0.08
0.04
0.12
0.08
0.08
0.04
0.08
0.04
0.08
0.04
0.08
0.04
0.12
0.08
0.16
0.08
0.12
0.20
0.12
0.08
0.12
0.16
0.12
0.08
0.08
0.08
0.08
0.08
0.04
0.08
0.04
0.16
0.16
0.08
0.04
0.04
0.04
0.04
0.08
0.04
0.16
0.12
0.08
0.08
0.12
0.20
0.16
0.04
0.04
0.04
0.08
0.08
0.04
0.08
0.08
0.04
0.12
0.08
0.12
0.12
0.08
0.12
0.16
0.08
0.08
0.04
0.04
0.04
0.04
0.12
0.04
0.08
0.04
0.08
0.04
0.16
0.12
0.08
0.04
0.04
0.08
0.08
0.08
0.04
0.08
0.08
0.12
0.08
0.08
0.08
0.04
0.04
0.08
0.08
0.08
0.12
0.12
0.12
0.08
0.04
0.08
0.16
0.04
0.08
0.04
0.08
0.12
0.16
0.08
0.12
0.08
0.04
0.12
0.12
0.12
0.12
0.04
0.08
0.12
0.08
0.08
0.20
0.16
0.16
0.16
0.12
0.12
0.08
0.12
0.04
0.08
0.08
0.08
0.04
0.08
0.16
0.12
0.08
0.08
0.08
0.08
0.08
0.08
0.04
0.08
0.08
0.08
0.04
0.08
0.08
0.04
0.16
0.12
0.08
0.12
0.04
0.04
0.04
0.08
0.04
0.12
0.08
0.04
0.04
0.11
0.11
0.04
0.04
0.08
0.12
0.08
0.08
0.04
0.08
0.04
0.04
0.04
0.08
0.08
0.11
0.15
0.12
0.08
0.04
0.04
0.11
0.11
0.12
