GUESS    :MOVING_SM
STARTTIME:1290366224597
ENDTIME  :1290366238951
LOCALSPD :0.0
LONGSPD  :-1.0
LOCATION :Location[mProvider=network,mTime=1290366234357,mLatitude=55.74957875,mLongitude=12.376729950000001,mHasAltitude=false,mAltitude=0.0,mHasSpeed=false,mSpeed=0.0,mHasBearing=false,mBearing=0.0,mHasAccuracy=true,mAccuracy=50.0,mExtras=Bundle[mParcelledData.dataSize=148]]
ADDRESS :

0.15
0.05
0.04
0.02
0.04
0.03
0.03
0.02
0.01
0.01
0.05
0.02
0.02
0.02
0.03
0.01
0.03
0.02
0.01
0.01
0.01
0.02
0.01
0.01
0.03
0.03
0.03
0.03
0.01
0.01
0.03
0.02
0.01
0.01
0.04
0.03
0.04
0.03
0.02
0.01
0.04
0.04
0.02
0.02
0.01
0.01
0.01
0.01
0.02
0.00
0.02
0.02
0.01
0.01
0.01
0.02
0.01
0.01
0.00
0.01
0.01
0.02
0.00
0.02
0.02
0.01
0.01
0.01
0.01
0.01
0.01
0.01
0.00
0.01
0.01
0.01
0.01
0.01
0.01
0.00
0.01
0.00
0.01
0.01
0.02
0.01
0.01
0.01
0.01
0.00
0.00
0.01
0.01
0.01
0.01
0.00
0.01
0.01
0.02
0.00
0.00
0.02
0.01
0.01
0.01
0.01
0.01
0.00
0.01
0.00
0.01
0.01
0.00
0.01
0.00
0.01
0.01
0.01
0.01
0.01
0.01
0.01
0.01
0.01
0.02
0.00
0.01
0.01
