GUESS    :MOVING_SM
STARTTIME:1290494856985
ENDTIME  :1290494871603
LOCALSPD :0.0
LONGSPD  :-1.0
LOCATION :Location[mProvider=network,mTime=1290494850664,mLatitude=55.74957875,mLongitude=12.376729950000001,mHasAltitude=false,mAltitude=0.0,mHasSpeed=false,mSpeed=0.0,mHasBearing=false,mBearing=0.0,mHasAccuracy=true,mAccuracy=50.0,mExtras=Bundle[mParcelledData.dataSize=148]]
ADDRESS :

0.04
0.12
0.08
0.07
0.11
0.07
0.12
0.20
0.16
0.16
0.04
0.08
0.12
0.08
0.14
0.03
0.10
0.26
0.23
0.04
0.22
0.10
0.04
0.14
0.14
0.04
0.07
0.07
0.08
0.11
0.03
0.07
0.07
0.04
0.07
0.15
0.14
0.10
0.10
0.07
0.08
0.08
0.04
0.04
0.03
0.10
0.23
0.19
0.11
0.11
0.15
0.08
0.04
0.08
0.03
0.29
0.26
0.04
0.07
0.14
0.08
0.05
0.03
0.03
0.18
0.18
0.18
0.15
0.11
0.03
0.03
0.14
0.14
0.23
0.15
0.53
0.89
0.87
0.54
0.78
0.99
1.23
1.23
0.26
0.19
0.30
0.39
0.18
0.27
0.27
0.12
0.11
0.16
0.20
0.16
0.39
0.15
0.11
0.03
0.12
0.12
0.12
0.16
0.12
0.12
0.16
0.12
0.04
0.20
0.11
0.15
0.12
0.22
0.10
0.25
0.12
0.08
0.08
0.04
0.08
0.23
0.23
0.31
0.46
0.23
0.27
0.23
0.23
0.11
0.11
0.12
0.08
0.16
0.19
0.08
0.15
0.19
0.15
0.19
0.19
0.12
0.15
0.19
0.04
0.08
0.08
0.19
0.12
0.12
0.15
0.19
0.23
0.15
0.19
0.04
0.15
0.11
0.12
0.19
0.08
0.20
0.15
0.03
0.15
0.15
0.07
0.11
0.12
0.26
0.41
0.30
0.29
0.35
0.15
0.31
0.42
0.98
1.40
4.14
2.83
2.17
0.50
0.46
0.95
0.61
0.87
1.28
1.62
0.22
1.12
0.93
3.17
1.42
0.89
0.76
0.95
1.39
1.83
1.51
3.47
2.14
4.44
3.72
1.33
1.29
2.94
2.06
2.26
0.53
0.11
0.04
0.08
0.12
0.08
0.04
0.04
0.12
0.04
0.08
0.11
0.03
0.08
0.08
0.04
0.08
0.08
0.04
0.08
0.12
0.12
0.04
0.12
0.08
0.12
0.08
0.04
0.08
0.08
0.04
0.08
0.12
0.04
0.12
0.16
0.08
0.16
0.08
0.04
0.12
0.12
0.04
0.08
0.08
0.08
0.04
0.16
