GUESS    :MOVING_SM
STARTTIME:1287820962150
ENDTIME  :1287820976609
LOCATION :Location[mProvider=network,mTime=1287820969627,mLatitude=55.749566400000006,mLongitude=12.37671915,mHasAltitude=false,mAltitude=0.0,mHasSpeed=false,mSpeed=0.0,mHasBearing=false,mBearing=0.0,mHasAccuracy=true,mAccuracy=50.0,mExtras=Bundle[mParcelledData.dataSize=148]]
ADDRESS :

0.08
0.08
0.08
0.12
0.16
0.08
0.12
0.04
0.08
0.16
0.04
0.16
0.16
0.12
0.12
0.04
0.04
0.08
0.04
0.08
0.12
0.08
0.04
0.08
0.04
0.08
0.08
0.12
0.04
0.34
0.65
0.72
1.63
2.07
1.08
0.74
0.57
1.61
3.21
1.25
2.48
1.53
2.79
1.33
1.76
0.44
3.38
3.09
0.42
1.50
0.44
0.34
0.95
0.68
0.38
1.12
0.35
0.41
0.37
0.31
0.19
0.04
0.38
0.53
0.29
0.57
0.50
0.30
0.08
0.19
0.25
0.16
0.16
0.19
0.12
0.19
0.90
0.83
1.08
0.74
1.06
1.50
1.06
0.30
0.93
0.48
1.27
0.78
0.12
0.26
0.22
0.19
0.15
0.03
0.03
0.12
0.16
0.34
0.30
0.19
0.04
0.03
0.18
0.18
0.11
0.04
0.08
0.08
0.25
0.12
0.08
0.08
0.20
0.12
0.08
0.12
0.08
0.12
0.12
0.12
0.16
0.16
0.12
0.41
0.63
0.91
3.11
2.68
1.46
1.96
1.54
0.22
0.41
0.65
0.35
0.04
0.27
0.31
0.12
0.19
0.34
0.15
0.15
0.04
0.38
0.37
0.16
0.16
0.15
0.15
0.38
0.23
0.14
0.10
0.18
0.08
0.12
0.15
0.11
0.15
0.15
0.04
0.11
0.04
0.04
0.07
0.15
0.08
0.08
0.15
0.11
0.08
0.19
0.12
0.11
0.11
0.19
0.11
0.15
0.08
0.07
0.15
0.15
0.04
0.04
0.11
0.15
0.08
0.04
0.08
0.04
0.04
0.08
0.20
0.15
0.07
0.04
0.04
0.08
0.15
0.11
0.83
3.91
5.08
2.12
0.69
0.95
0.99
0.84
0.78
1.27
0.69
0.69
0.19
0.89
0.65
0.31
0.39
0.34
0.26
0.26
0.27
0.11
0.15
0.15
0.27
0.30
0.22
0.26
0.31
0.30
0.15
0.15
0.15
0.23
0.31
0.38
0.27
0.31
0.57
0.63
0.99
0.76
0.57
1.48
1.77
3.68
2.89
2.85
1.70
1.84
0.68
0.95
2.22
0.63
1.57
