GUESS    :WALKING
STARTTIME:1287821020183
ENDTIME  :1287821033698
LOCATION :Location[mProvider=network,mTime=1287821029690,mLatitude=55.74958615,mLongitude=12.3767289,mHasAltitude=false,mAltitude=0.0,mHasSpeed=false,mSpeed=0.0,mHasBearing=false,mBearing=0.0,mHasAccuracy=true,mAccuracy=50.0,mExtras=Bundle[mParcelledData.dataSize=148]]
ADDRESS :

3.59
1.70
0.27
0.65
0.40
0.47
0.26
0.26
0.25
0.08
0.21
0.21
0.21
0.45
0.16
0.19
0.07
0.12
0.09
0.17
0.13
0.34
0.06
0.33
0.13
0.92
0.35
0.82
1.39
1.09
0.75
0.48
0.32
0.11
0.26
0.11
0.12
0.19
0.52
0.42
0.18
0.16
0.19
0.19
0.33
0.13
0.09
0.14
0.15
0.27
0.15
0.11
0.33
0.27
0.14
0.18
0.12
0.13
0.27
0.03
0.08
0.25
0.65
0.18
0.17
0.21
0.17
0.27
0.11
0.03
0.13
0.23
0.36
0.20
0.61
0.45
0.45
0.37
0.38
0.17
0.22
0.52
0.39
0.20
0.30
0.34
0.27
0.26
0.12
0.30
0.11
0.18
0.22
0.31
0.22
0.15
0.30
0.37
0.20
0.43
0.25
0.34
0.24
0.22
0.27
0.30
0.45
0.13
0.20
0.24
0.28
0.40
0.16
0.23
0.33
0.37
0.29
0.38
0.29
0.11
0.10
0.06
0.08
0.17
0.38
0.10
0.09
0.14
