GUESS    :MOVING_SM
STARTTIME:1289128282903
ENDTIME  :1289128296862
LOCALSPD :-1.0
LONGSPD  :-1.0
LOCATION :Location[mProvider=network,mTime=1289128283696,mLatitude=55.749566400000006,mLongitude=12.37671915,mHasAltitude=false,mAltitude=0.0,mHasSpeed=false,mSpeed=0.0,mHasBearing=false,mBearing=0.0,mHasAccuracy=true,mAccuracy=50.0,mExtras=Bundle[mParcelledData.dataSize=148]]
ADDRESS :

0.82
0.78
0.11
0.11
0.29
0.39
0.64
0.76
1.25
0.41
0.75
1.04
0.42
0.12
0.63
0.53
0.44
0.20
0.46
0.38
0.20
0.52
0.35
0.61
0.08
0.33
0.27
0.27
0.11
0.16
0.12
0.12
0.18
0.57
1.08
1.04
1.23
1.68
2.03
2.33
1.27
1.80
1.06
0.97
0.74
0.64
1.57
1.13
0.78
0.34
0.97
0.53
0.25
0.60
0.53
0.59
0.89
0.79
0.45
0.26
0.38
0.15
0.52
0.18
0.29
0.69
0.27
0.50
0.57
0.27
0.61
0.38
0.31
0.19
0.20
0.12
0.19
0.49
0.30
0.29
0.23
0.46
0.34
0.35
0.12
0.08
0.31
0.42
0.30
0.31
0.54
0.20
0.38
0.08
0.07
0.15
0.30
0.16
0.63
0.25
0.46
0.12
0.29
0.37
0.31
0.14
0.50
0.61
0.93
1.05
1.50
0.91
1.61
0.65
0.76
0.35
0.38
0.19
0.18
0.11
0.35
0.54
0.39
0.27
0.46
0.12
0.12
0.15
0.29
0.35
0.42
0.12
0.38
0.14
0.31
0.16
0.08
0.16
0.26
0.23
0.30
0.19
0.38
0.20
0.30
0.35
0.30
0.16
0.30
0.08
0.11
0.26
0.39
0.19
0.04
0.44
0.27
0.19
0.38
0.46
0.63
0.14
0.74
0.16
0.16
0.46
0.42
1.14
0.30
1.95
1.32
0.89
0.54
0.61
0.23
0.61
0.19
0.20
0.19
0.26
0.19
0.16
0.27
0.11
0.19
0.14
0.15
0.07
0.31
0.83
0.78
0.65
0.61
0.50
0.56
0.72
0.39
0.78
1.01
0.78
0.80
0.45
0.45
0.80
0.52
1.46
0.80
1.09
0.27
0.76
0.50
0.27
0.50
0.42
0.35
0.16
0.16
0.42
0.53
0.16
0.16
0.50
0.42
0.56
0.29
0.20
0.15
0.31
0.19
1.53
0.80
1.18
0.83
0.38
0.50
0.65
0.31
0.61
0.12
0.15
0.15
0.07
0.20
0.23
0.23
0.29
0.26
0.61
0.37
0.56
1.42
1.87
1.04
1.06
0.78
0.27
