GUESS    :MOVING_SM
STARTTIME:1289129681063
ENDTIME  :1289129694222
LOCALSPD :0.0
LONGSPD  :0.0
LOCATION :Location[mProvider=network,mTime=1289129629287,mLatitude=55.75424,mLongitude=12.371964,mHasAltitude=false,mAltitude=0.0,mHasSpeed=false,mSpeed=0.0,mHasBearing=false,mBearing=0.0,mHasAccuracy=true,mAccuracy=726.0,mExtras=Bundle[mParcelledData.dataSize=148]]
ADDRESS :

1.34
1.18
0.46
0.39
0.24
0.42
0.35
0.27
0.22
0.30
0.13
0.25
0.46
0.30
0.19
0.13
0.13
0.23
0.36
0.65
0.63
0.55
0.35
0.13
0.16
0.26
0.37
0.35
0.32
0.24
0.14
0.17
0.30
0.29
0.26
0.21
0.13
0.13
0.21
0.27
0.28
0.32
0.17
0.12
0.04
0.19
0.27
0.27
0.21
0.13
0.09
0.13
0.21
0.32
0.27
0.24
0.21
0.06
0.14
0.10
0.16
0.12
0.17
0.11
0.02
0.07
0.12
0.21
0.13
0.04
0.04
0.02
0.06
0.06
0.10
0.18
0.15
0.08
0.03
0.17
0.17
0.13
0.15
0.06
0.10
0.14
0.12
0.13
0.16
0.08
0.06
0.07
0.09
0.02
0.03
0.06
0.02
0.03
0.09
0.05
0.02
0.03
0.07
0.10
0.08
0.04
0.13
0.12
0.08
0.13
0.06
0.07
0.04
0.02
0.11
0.08
0.04
0.05
0.06
0.05
0.03
0.08
0.12
0.04
0.08
0.16
0.08
0.07
