GUESS    :MOVING_ME
STARTTIME:1289129902073
ENDTIME  :1289129914962
LOCALSPD :0.0
LONGSPD  :0.0
LOCATION :Location[mProvider=network,mTime=1289129889826,mLatitude=55.75424,mLongitude=12.371964,mHasAltitude=false,mAltitude=0.0,mHasSpeed=false,mSpeed=0.0,mHasBearing=false,mBearing=0.0,mHasAccuracy=true,mAccuracy=726.0,mExtras=Bundle[mParcelledData.dataSize=148]]
ADDRESS :

1.23
1.43
1.61
1.80
0.87
1.10
1.16
1.83
1.32
3.02
1.57
1.46
1.31
0.49
2.75
1.88
3.36
1.92
1.81
1.48
0.26
1.13
0.26
0.31
0.42
0.84
0.82
0.82
1.12
1.99
1.81
1.72
0.41
2.75
1.27
0.50
2.26
1.81
0.25
0.95
0.52
0.56
0.60
0.35
0.42
1.31
1.13
0.90
2.55
1.78
3.45
5.56
5.71
4.90
8.46
4.22
13.59
12.19
8.16
8.12
5.68
3.61
8.77
8.23
1.63
1.24
4.84
2.14
0.80
1.66
1.70
0.64
1.97
1.88
2.22
2.06
3.17
2.53
2.07
1.39
0.72
0.74
2.75
0.69
3.72
1.38
0.93
2.56
1.33
1.31
1.46
0.91
2.19
0.94
1.53
1.33
0.87
1.28
1.76
0.93
2.37
1.73
2.37
2.19
1.81
2.41
1.35
1.91
1.73
0.65
0.91
1.02
0.82
1.31
1.42
0.42
0.98
0.50
0.60
1.09
1.57
1.43
0.68
0.41
0.59
1.40
1.04
0.90
3.99
2.76
3.28
0.65
2.38
1.08
2.34
1.27
0.74
0.45
1.99
2.96
1.27
2.71
2.68
6.51
2.34
3.68
1.96
0.74
0.37
0.93
0.57
1.31
2.14
1.99
1.66
2.14
4.44
3.28
5.60
3.70
0.84
2.11
1.58
0.93
0.91
1.10
1.85
2.08
1.97
1.88
1.33
2.60
5.09
3.46
2.63
5.64
4.06
4.03
7.45
4.25
10.71
10.27
4.97
9.81
3.05
4.17
4.90
4.55
0.45
2.91
1.23
1.61
1.27
2.37
0.68
1.93
2.18
2.41
1.62
3.27
2.59
2.34
2.71
3.76
1.13
1.84
3.17
2.52
2.08
1.85
1.58
1.91
0.10
1.39
2.45
3.55
1.54
2.96
1.80
4.40
3.84
1.43
5.41
2.89
2.42
17.04
14.03
23.84
7.90
20.66
4.30
11.65
11.96
6.74
5.64
4.18
3.15
3.60
1.53
1.25
1.54
2.89
3.60
5.13
1.57
5.86
1.44
5.43
2.90
5.05
5.01
10.51
6.88
6.01
3.65
5.31
