GUESS    :MOVING_ME
STARTTIME:1289129914963
ENDTIME  :1289129927882
LOCALSPD :0.0
LONGSPD  :0.0
LOCATION :Location[mProvider=network,mTime=1289129889826,mLatitude=55.75424,mLongitude=12.371964,mHasAltitude=false,mAltitude=0.0,mHasSpeed=false,mSpeed=0.0,mHasBearing=false,mBearing=0.0,mHasAccuracy=true,mAccuracy=726.0,mExtras=Bundle[mParcelledData.dataSize=148]]
ADDRESS :

1.95
0.55
0.48
0.21
0.41
0.05
0.51
0.17
0.16
0.23
0.13
0.09
0.39
0.43
0.14
0.07
0.36
0.30
0.32
0.09
0.25
0.06
0.11
0.20
0.15
0.08
0.14
0.22
0.09
0.30
0.28
0.33
0.20
0.16
0.08
0.23
0.14
0.13
0.19
0.21
0.13
0.09
0.17
0.08
0.16
0.08
0.13
0.07
0.03
0.09
0.08
0.13
0.08
0.11
0.17
0.03
0.19
0.04
0.11
0.05
0.19
0.10
0.27
0.04
0.20
0.00
0.19
0.05
0.10
0.15
0.07
0.13
0.03
0.15
0.09
0.17
0.07
0.10
0.05
0.20
0.12
0.11
0.09
0.02
0.03
0.10
0.09
0.13
0.04
0.06
0.03
0.11
0.18
0.07
0.08
0.14
0.09
0.14
0.08
0.10
0.07
0.11
0.03
0.11
0.16
0.11
0.07
0.08
0.11
0.07
0.06
0.02
0.06
0.14
0.12
0.08
0.07
0.09
0.08
0.07
0.04
0.09
0.10
0.05
0.09
0.15
0.05
0.04
