GUESS    :WALKING
STARTTIME:1289128622463
ENDTIME  :1289128636672
LOCALSPD :0.1560951
LONGSPD  :0.05993707
LOCATION :Location[mProvider=network,mTime=1289128603151,mLatitude=55.75032681111111,mLongitude=12.377475933333335,mHasAltitude=false,mAltitude=0.0,mHasSpeed=false,mSpeed=0.0,mHasBearing=false,mBearing=0.0,mHasAccuracy=true,mAccuracy=24.0,mExtras=Bundle[mParcelledData.dataSize=148]]
ADDRESS :

3.00
0.08
0.07
0.15
0.19
0.11
0.10
0.25
0.08
0.13
0.17
0.39
0.36
0.13
0.08
0.20
0.30
0.26
0.04
0.06
0.16
0.33
0.56
1.01
0.45
0.36
0.34
0.15
0.18
0.13
0.19
0.04
0.04
0.14
0.12
0.06
0.04
0.14
0.25
0.08
0.11
0.23
0.18
0.04
0.33
0.34
0.07
0.15
0.18
0.09
0.12
0.08
0.14
0.19
0.08
0.06
0.20
0.09
0.16
0.11
0.06
0.06
0.10
0.25
0.16
0.24
0.06
0.10
0.11
0.10
0.16
0.06
0.03
0.07
0.14
0.05
0.23
0.28
0.25
0.05
0.09
0.05
0.05
0.05
0.14
0.22
0.21
0.15
0.13
0.22
0.06
0.05
0.17
0.18
0.07
0.09
0.30
0.06
0.08
0.13
0.27
0.05
0.39
0.14
0.19
0.12
0.15
0.16
0.09
0.17
0.13
0.08
0.18
0.27
0.17
0.12
0.03
0.14
0.12
0.15
0.17
0.11
0.20
0.19
0.12
0.03
0.09
0.22
