GUESS    :WALKING
STARTTIME:1289132616073
ENDTIME  :1289132628932
LOCALSPD :0.0
LONGSPD  :0.0
LOCATION :Location[mProvider=network,mTime=1289132573967,mLatitude=55.7525446,mLongitude=12.3758498,mHasAltitude=false,mAltitude=0.0,mHasSpeed=false,mSpeed=0.0,mHasBearing=false,mBearing=0.0,mHasAccuracy=true,mAccuracy=56.0,mExtras=Bundle[mParcelledData.dataSize=148]]
ADDRESS :

2.33
0.28
0.24
0.23
0.22
0.18
0.04
0.15
0.10
0.05
0.06
0.20
0.14
0.15
0.10
0.08
0.19
0.37
0.50
0.96
0.50
0.18
0.13
0.09
0.17
0.20
0.27
0.12
0.08
0.21
0.30
0.13
0.05
0.08
0.02
0.05
0.22
0.15
0.04
0.01
0.06
0.13
0.05
0.11
0.26
0.04
0.10
0.07
0.16
0.11
0.19
0.06
0.03
0.06
0.06
0.12
0.09
0.15
0.13
0.08
0.15
0.10
0.01
0.14
0.08
0.10
0.03
0.10
0.08
0.15
0.12
0.09
0.08
0.09
0.04
0.10
0.06
0.13
0.12
0.04
0.05
0.04
0.07
0.09
0.20
0.11
0.13
0.09
0.22
0.22
0.10
0.15
0.12
0.14
0.15
0.16
0.18
0.08
0.18
0.16
0.10
0.15
0.13
0.22
0.09
0.06
0.06
0.15
0.04
0.04
0.03
0.17
0.09
0.07
0.05
0.14
0.05
0.04
0.11
0.23
0.12
0.21
0.14
0.15
0.21
0.07
0.13
0.07
