GUESS    :MOVING_SM
STARTTIME:1289128735874
ENDTIME  :1289128750162
LOCALSPD :0.0
LONGSPD  :0.0
LOCATION :Location[mProvider=network,mTime=1289128736005,mLatitude=55.7501921,mLongitude=12.377939175,mHasAltitude=false,mAltitude=0.0,mHasSpeed=false,mSpeed=0.0,mHasBearing=false,mBearing=0.0,mHasAccuracy=true,mAccuracy=83.0,mExtras=Bundle[mParcelledData.dataSize=148]]
ADDRESS :

0.78
1.06
0.79
0.51
0.29
0.14
0.20
0.28
0.27
0.22
0.12
0.02
0.07
0.12
0.17
0.19
0.18
0.17
0.14
0.16
0.12
0.10
0.06
0.07
0.08
0.11
0.14
0.17
0.19
0.18
0.21
0.19
0.18
0.14
0.12
0.09
0.05
0.05
0.04
0.05
0.06
0.06
0.06
0.03
0.01
0.02
0.01
0.03
0.01
0.01
0.01
0.04
0.04
0.03
0.02
0.02
0.05
0.08
0.06
0.05
0.05
0.05
0.01
0.02
0.03
0.04
0.04
0.03
0.04
0.04
0.07
0.07
0.09
0.08
0.05
0.05
0.07
0.09
0.10
0.12
0.10
0.07
0.07
0.06
0.04
0.02
0.03
0.07
0.07
0.08
0.08
0.07
0.07
0.09
0.04
0.04
0.04
0.02
0.02
0.04
0.02
0.02
0.06
0.06
0.04
0.05
0.05
0.06
0.06
0.04
0.04
0.03
0.04
0.05
0.07
0.06
0.06
0.05
0.02
0.06
0.06
0.08
0.06
0.05
0.09
0.08
0.05
0.05
