GUESS    :MOVING_HI
STARTTIME:1289132944633
ENDTIME  :1289132957462
LOCALSPD :0.0
LONGSPD  :0.0
LOCATION :Location[mProvider=network,mTime=1289132934179,mLatitude=55.75424,mLongitude=12.371964,mHasAltitude=false,mAltitude=0.0,mHasSpeed=false,mSpeed=0.0,mHasBearing=false,mBearing=0.0,mHasAccuracy=true,mAccuracy=726.0,mExtras=Bundle[mParcelledData.dataSize=148]]
ADDRESS :

2.93
8.61
6.02
3.68
2.41
1.33
1.70
3.43
4.30
4.51
1.25
5.11
4.90
5.30
4.63
3.31
0.64
3.38
3.06
3.57
2.25
2.25
6.89
2.59
9.15
6.47
3.04
1.73
1.38
1.46
2.19
4.14
1.53
2.90
3.94
1.57
3.94
4.81
3.87
2.07
2.42
4.79
1.81
1.88
3.94
12.97
3.38
5.58
1.66
2.14
1.57
1.66
1.99
2.00
1.84
1.85
3.49
7.78
3.90
2.57
1.21
1.66
1.88
2.71
0.65
2.30
1.66
1.18
1.77
0.94
0.95
1.38
0.91
1.09
3.62
2.98
2.22
7.98
4.00
3.43
1.88
1.65
1.58
1.40
1.31
2.41
1.10
1.17
3.83
5.05
1.23
5.92
4.71
4.11
2.10
1.16
1.76
3.98
1.87
2.30
4.56
2.83
2.98
7.07
4.59
3.38
1.54
2.03
2.45
2.72
4.36
1.42
2.21
3.61
2.68
5.94
5.18
2.00
0.84
2.79
3.98
3.21
2.89
5.01
2.66
7.14
5.56
3.11
1.88
1.44
1.95
3.06
2.79
2.86
2.23
4.39
1.46
3.06
4.60
4.13
2.34
1.14
2.57
4.44
3.09
2.03
3.81
3.30
3.80
7.59
5.91
3.45
1.96
1.83
3.02
3.30
3.83
1.61
4.03
3.21
2.52
2.87
3.83
1.99
0.80
2.66
4.30
2.51
1.95
3.98
2.91
6.80
3.72
3.65
2.41
1.65
1.84
4.18
5.16
2.52
3.35
6.33
1.76
6.40
6.85
2.83
1.40
2.19
3.15
3.26
2.08
1.80
4.36
1.88
7.42
4.39
3.70
2.70
1.57
1.53
2.38
3.83
3.36
2.27
6.51
1.85
4.05
5.52
4.29
3.13
2.45
3.02
4.06
2.94
1.73
5.15
4.02
8.58
8.47
3.55
1.99
1.87
1.96
5.24
2.91
1.96
2.45
5.48
6.73
5.45
3.60
1.50
2.70
2.47
1.95
0.97
1.44
2.76
7.06
1.50
6.65
5.18
4.37
2.12
1.61
1.96
0.76
2.03
1.18
1.23
0.53
4.36
5.19
3.45
1.31
1.58
