GUESS    :MOVING_HI
STARTTIME:1289133248608
ENDTIME  :1289133261612
LOCALSPD :0.0
LONGSPD  :0.14362468
LOCATION :Location[mProvider=network,mTime=1289133249479,mLatitude=55.7499818,mLongitude=12.37552835,mHasAltitude=false,mAltitude=0.0,mHasSpeed=false,mSpeed=0.0,mHasBearing=false,mBearing=0.0,mHasAccuracy=true,mAccuracy=60.0,mExtras=Bundle[mParcelledData.dataSize=148]]
ADDRESS :

0.27
0.26
0.35
0.45
0.76
0.72
1.54
0.74
0.91
1.46
2.14
2.14
1.92
1.77
0.61
0.99
0.84
0.93
0.34
0.80
0.64
1.88
0.59
3.83
1.65
1.77
2.14
2.04
1.51
1.80
1.73
1.02
2.10
0.89
1.99
2.23
1.99
2.51
3.13
2.55
5.03
3.30
3.65
2.57
1.80
2.83
1.31
1.84
1.61
1.69
3.75
2.87
3.45
3.98
3.57
2.27
2.29
3.04
1.21
2.53
1.23
2.41
1.46
3.76
3.88
3.57
1.12
3.99
2.53
3.76
3.23
1.10
2.94
1.01
1.88
2.03
1.23
3.85
4.02
6.65
3.30
4.24
2.47
3.53
2.76
2.52
4.00
1.68
2.32
3.75
2.55
6.12
3.53
2.37
4.49
4.44
4.56
3.83
1.65
3.27
2.53
1.31
3.15
1.42
3.15
4.60
4.21
2.06
3.90
3.00
2.83
1.63
3.27
1.48
4.75
1.50
4.69
6.01
3.17
3.26
3.34
4.93
6.67
2.75
6.47
1.31
5.68
1.05
3.57
2.10
8.73
3.11
2.72
2.45
3.05
2.34
1.88
3.17
6.01
2.62
1.77
5.72
2.12
5.73
5.63
5.28
4.54
3.30
4.94
2.38
4.43
2.04
3.26
4.82
3.26
3.00
3.49
2.42
1.18
1.29
2.45
4.47
2.63
5.19
8.14
5.01
3.83
4.56
10.26
3.42
8.27
3.66
7.48
4.11
3.53
4.52
10.35
4.37
3.57
2.79
3.36
2.37
1.46
4.93
0.95
6.10
4.33
1.69
6.13
3.64
3.38
4.64
3.66
2.30
3.12
2.60
3.70
1.54
7.55
9.77
7.29
0.95
4.60
3.49
3.26
2.33
2.52
2.27
3.94
3.02
2.33
4.49
2.75
3.70
5.05
4.49
1.48
3.11
2.68
3.09
2.51
2.48
4.03
3.55
5.15
3.17
3.19
2.94
1.78
2.15
2.70
3.41
3.00
2.29
4.06
5.83
3.94
3.60
4.77
2.48
1.96
3.41
1.59
2.33
1.08
1.27
2.47
1.76
2.81
2.87
2.37
1.06
1.74
1.81
0.59
0.97
