GUESS    :WALKING
STARTTIME:1289128881743
ENDTIME  :1289128894932
LOCALSPD :0.0
LONGSPD  :0.08917977
LOCATION :Location[mProvider=network,mTime=1289128885856,mLatitude=55.7509194,mLongitude=12.3777246,mHasAltitude=false,mAltitude=0.0,mHasSpeed=false,mSpeed=0.0,mHasBearing=false,mBearing=0.0,mHasAccuracy=true,mAccuracy=65.0,mExtras=Bundle[mParcelledData.dataSize=148]]
ADDRESS :

2.29
0.61
0.38
0.12
0.10
0.17
0.15
0.22
0.12
0.22
0.24
0.14
0.18
0.15
0.06
0.18
0.19
0.22
0.34
0.80
0.97
0.14
0.27
0.05
0.18
0.23
0.20
0.15
0.05
0.12
0.09
0.02
0.06
0.17
0.13
0.13
0.05
0.18
0.24
0.44
0.36
0.08
0.10
0.20
0.02
0.06
0.10
0.05
0.01
0.08
0.08
0.08
0.09
0.06
0.07
0.04
0.13
0.06
0.17
0.20
0.10
0.15
0.20
0.06
0.16
0.15
0.14
0.11
0.09
0.11
0.09
0.10
0.10
0.17
0.10
0.12
0.12
0.11
0.12
0.22
0.09
0.22
0.20
0.14
0.15
0.11
0.19
0.06
0.01
0.13
0.15
0.14
0.15
0.12
0.09
0.08
0.11
0.21
0.16
0.14
0.13
0.29
0.08
0.11
0.11
0.16
0.10
0.15
0.11
0.15
0.15
0.07
0.12
0.17
0.16
0.08
0.02
0.17
0.04
0.13
0.10
0.20
0.10
0.03
0.19
0.16
0.15
0.12
