GUESS    :WALKING
STARTTIME:1290502176466
ENDTIME  :1290502191825
LOCALSPD :0.0
LONGSPD  :-1.0
LOCATION :Location[mProvider=network,mTime=1290502174080,mLatitude=55.74955345,mLongitude=12.376616275,mHasAltitude=false,mAltitude=0.0,mHasSpeed=false,mSpeed=0.0,mHasBearing=false,mBearing=0.0,mHasAccuracy=true,mAccuracy=50.0,mExtras=Bundle[mParcelledData.dataSize=148]]
ADDRESS :

3.30
1.33
1.16
4.40
3.55
4.94
4.20
2.52
3.46
2.56
2.87
3.70
2.18
0.99
2.18
1.81
3.88
5.53
5.67
1.46
1.47
0.99
0.93
1.33
1.12
1.50
3.90
2.53
3.77
2.79
2.49
2.03
0.68
0.57
1.72
0.65
1.06
1.77
2.45
1.24
1.53
3.02
2.07
2.17
1.92
1.09
1.73
0.74
1.23
0.87
1.36
3.30
3.47
3.17
1.05
1.72
1.18
0.78
2.41
1.35
0.86
1.01
1.18
2.41
2.68
2.63
2.14
1.20
0.97
1.53
0.57
0.69
0.65
1.18
1.24
3.79
1.99
2.08
1.44
0.78
1.53
1.23
0.26
1.17
0.89
0.50
0.84
1.06
2.08
1.43
2.57
1.50
1.08
1.31
0.59
0.41
1.65
1.59
0.68
0.38
0.45
0.68
0.26
2.51
1.96
1.35
1.23
1.42
1.13
0.31
1.31
1.39
0.49
0.63
0.89
0.76
0.61
0.87
1.46
3.34
1.80
0.76
2.03
1.23
1.61
2.51
0.72
1.02
0.50
0.52
1.23
0.95
0.57
0.87
1.04
1.27
1.18
0.61
1.05
1.06
2.49
2.90
2.34
0.99
1.01
1.57
1.46
1.33
1.33
1.35
0.67
1.18
0.79
1.73
0.49
2.91
3.08
4.41
1.80
3.26
0.76
0.33
1.23
1.24
1.21
0.69
2.64
0.74
2.68
1.46
1.21
2.49
1.58
0.97
0.84
0.41
0.86
1.01
1.20
2.15
1.24
1.81
1.63
2.56
3.46
1.50
1.38
0.97
1.42
0.97
0.97
1.43
1.02
1.16
3.46
0.84
2.98
2.87
2.49
1.29
1.06
0.30
0.95
0.65
0.50
0.53
1.08
1.63
2.60
3.98
1.27
0.57
1.32
0.48
2.10
0.84
0.41
0.35
0.64
1.08
0.50
0.68
0.99
2.25
1.85
1.14
0.80
0.82
0.50
0.39
0.75
0.48
0.78
1.08
1.61
1.57
3.49
2.37
0.91
1.20
1.27
1.08
0.57
0.74
0.61
1.14
1.50
1.65
1.58
2.96
1.96
0.27
1.35
1.92
0.82
1.70
