GUESS    :WALKING
STARTTIME:1290502423257
ENDTIME  :1290502438745
LOCALSPD :0.0
LONGSPD  :0.0
LOCATION :Location[mProvider=network,mTime=1290502414185,mLatitude=55.749555175,mLongitude=12.376701625,mHasAltitude=false,mAltitude=0.0,mHasSpeed=false,mSpeed=0.0,mHasBearing=false,mBearing=0.0,mHasAccuracy=true,mAccuracy=50.0,mExtras=Bundle[mParcelledData.dataSize=148]]
ADDRESS :

0.68
0.45
0.39
0.42
1.01
0.41
1.18
1.33
1.74
0.76
3.60
1.73
1.87
1.23
0.82
2.68
2.78
0.91
0.46
1.44
0.68
1.16
2.56
2.15
2.52
1.27
0.60
0.89
1.42
0.93
0.50
0.52
0.91
0.60
2.30
0.76
0.99
2.74
2.87
0.95
1.31
0.59
0.80
0.27
0.76
0.91
0.39
1.57
1.92
2.06
2.10
3.12
0.98
1.76
1.53
1.38
0.26
0.49
0.80
0.54
0.76
1.65
2.53
1.68
2.45
0.86
1.36
1.16
0.12
1.50
1.08
0.89
0.65
1.29
0.49
1.20
0.38
0.34
0.84
1.21
3.30
1.16
0.89
1.43
1.46
1.18
1.73
0.52
0.16
0.76
0.78
0.90
0.76
0.97
0.46
0.57
0.69
2.56
2.60
1.83
1.99
0.68
1.40
1.04
0.61
0.63
0.42
1.27
0.34
0.91
1.14
1.81
1.73
2.60
1.48
1.18
1.23
1.57
1.01
0.83
1.38
0.49
0.98
1.01
1.36
1.16
1.04
2.26
3.30
1.16
1.35
1.08
1.08
1.39
0.46
0.74
0.80
0.80
1.63
1.58
3.02
2.07
0.90
1.43
0.60
1.87
1.53
0.42
0.49
0.49
1.39
0.83
2.38
3.98
3.64
1.35
0.94
1.32
0.68
2.96
0.64
1.39
2.19
0.84
2.75
1.57
4.44
1.87
0.20
0.93
0.61
1.16
0.72
0.49
1.02
1.72
0.93
1.48
1.92
2.37
2.67
0.95
1.44
1.31
2.60
1.04
0.57
1.38
0.50
1.57
0.90
2.66
2.94
1.04
1.80
1.06
1.18
1.13
1.21
0.83
0.50
0.22
0.38
0.80
0.57
2.53
1.80
2.11
5.72
1.16
0.46
0.98
2.18
3.05
2.87
4.33
3.11
0.45
2.68
4.14
1.35
2.03
1.33
0.86
0.15
2.51
2.82
8.46
5.45
1.83
4.33
2.96
2.83
5.08
3.79
2.83
3.70
3.73
4.24
3.94
1.12
4.00
2.34
2.93
2.18
1.42
1.13
2.21
3.87
3.19
5.94
4.48
5.79
4.40
3.00
1.57
