GUESS    :MOVING_SM
STARTTIME:1290503271596
ENDTIME  :1290503287024
LOCALSPD :0.0
LONGSPD  :0.0
LOCATION :Location[mProvider=network,mTime=1290503258881,mLatitude=55.7496579,mLongitude=12.37645476,mHasAltitude=false,mAltitude=0.0,mHasSpeed=false,mSpeed=0.0,mHasBearing=false,mBearing=0.0,mHasAccuracy=true,mAccuracy=27.0,mExtras=Bundle[mParcelledData.dataSize=148]]
ADDRESS :

1.28
0.99
0.69
1.92
2.10
2.56
3.11
1.76
1.84
0.67
1.20
2.66
1.46
0.83
0.95
2.81
3.46
0.50
2.03
1.54
1.53
1.85
2.04
0.61
0.22
0.76
1.25
0.86
0.99
1.58
2.67
2.81
4.26
1.68
1.44
2.37
2.47
0.87
1.31
0.65
0.99
1.44
0.50
1.31
0.34
2.56
2.86
2.41
3.70
2.72
1.42
1.10
1.91
1.16
0.67
0.53
0.61
1.10
1.39
2.00
2.12
4.89
1.48
0.69
0.87
0.87
0.94
0.64
1.20
3.26
2.79
2.44
4.40
1.99
1.76
0.99
1.17
0.91
1.53
0.64
0.89
0.41
0.89
0.68
0.38
0.65
1.17
1.51
1.89
1.66
2.98
0.79
1.54
0.57
1.25
0.90
1.31
0.22
1.23
0.18
1.63
2.63
2.26
1.83
0.61
1.65
1.38
0.49
0.63
0.74
2.64
2.21
1.09
1.61
1.55
0.99
0.89
1.95
2.27
2.22
0.95
1.61
0.33
1.24
0.83
0.61
0.71
0.38
0.76
1.05
2.87
2.89
1.32
1.29
1.18
1.06
1.78
1.91
1.10
1.99
1.02
1.68
1.51
1.80
2.59
3.05
1.24
0.68
0.72
0.87
0.93
0.53
0.60
0.63
1.20
3.73
1.53
2.30
1.70
1.02
1.48
0.80
0.30
0.61
0.57
0.94
0.57
1.04
1.73
1.43
1.36
2.81
1.08
0.99
1.73
0.99
1.88
1.12
1.42
1.32
0.49
0.53
2.79
2.14
1.32
0.74
1.18
0.60
1.35
0.48
0.87
0.63
1.32
1.61
3.21
2.41
2.64
2.91
0.89
1.96
0.79
0.75
1.29
1.10
0.69
1.18
1.01
0.95
1.92
1.54
0.72
1.53
1.69
2.38
1.69
1.61
0.61
6.29
7.01
1.66
2.66
1.87
1.46
1.92
2.04
1.35
0.89
0.91
1.50
0.87
0.54
1.18
1.20
0.86
0.84
1.57
0.84
0.82
0.39
1.69
1.84
2.18
0.95
0.41
0.48
0.80
1.38
0.76
0.39
0.91
0.84
0.50
0.46
0.19
0.50
0.41
