GUESS    :MOVING_SM
STARTTIME:1289594873853
ENDTIME  :1289594889252
LOCALSPD :0.0
LONGSPD  :0.0
LOCATION :Location[mProvider=network,mTime=1289594860154,mLatitude=55.749555175,mLongitude=12.376701625,mHasAltitude=false,mAltitude=0.0,mHasSpeed=false,mSpeed=0.0,mHasBearing=false,mBearing=0.0,mHasAccuracy=true,mAccuracy=50.0,mExtras=Bundle[mParcelledData.dataSize=148]]
ADDRESS :

0.76
0.97
0.31
0.46
0.34
0.42
0.68
0.76
0.75
0.45
0.48
1.57
2.56
2.27
1.42
1.08
1.39
0.72
0.71
0.59
0.42
0.34
0.23
0.11
0.29
0.53
0.33
0.69
1.25
2.00
3.00
1.43
1.66
1.21
0.93
1.68
0.57
0.49
0.38
0.61
0.42
2.75
1.57
1.68
1.50
0.87
0.42
1.06
0.59
0.68
0.38
0.78
0.99
0.67
1.02
0.99
1.87
3.30
1.89
1.04
1.20
0.93
1.69
0.84
0.63
0.46
0.99
0.63
2.15
0.68
2.15
2.15
1.42
1.31
1.10
0.45
0.71
0.76
0.54
0.80
0.30
0.79
0.56
2.64
6.01
2.81
3.11
1.46
1.40
2.14
1.88
0.57
0.48
1.21
0.67
0.61
2.71
0.76
2.45
2.21
1.46
1.20
0.04
0.50
0.46
0.61
1.32
1.23
0.59
1.61
1.27
2.26
0.78
1.77
1.54
1.54
1.02
1.01
0.72
0.27
1.16
2.07
1.76
1.29
1.31
1.83
0.84
1.46
1.27
0.71
0.60
1.06
0.80
0.44
1.18
1.66
1.54
1.55
1.27
1.12
0.97
0.87
1.04
0.42
1.33
0.65
1.14
0.65
0.46
0.38
0.76
3.00
2.34
2.21
1.20
0.54
1.63
1.18
0.79
0.72
0.26
0.39
0.53
0.95
1.16
1.39
1.10
0.61
0.68
0.76
0.86
1.02
0.61
0.84
0.93
0.93
0.64
1.04
0.74
0.69
0.38
0.60
0.84
0.27
2.34
1.36
2.22
1.33
0.49
1.12
0.49
0.75
0.74
0.94
0.37
0.30
0.46
0.16
0.82
1.76
1.46
2.10
2.23
0.95
0.49
1.50
2.06
1.74
2.08
0.89
1.06
0.49
1.23
0.76
0.49
3.42
2.37
2.64
1.46
0.99
1.65
2.49
1.43
0.61
0.27
0.42
0.74
0.27
2.02
1.80
1.33
1.80
0.80
1.02
1.53
1.27
3.35
0.74
1.73
0.37
1.10
0.67
3.64
2.19
1.42
2.41
1.02
1.54
1.44
0.45
1.28
0.82
0.98
1.17
0.80
0.54
