GUESS    :IDLE
STARTTIME:1289065824736
ENDTIME  :1289065839527
LOCALSPD :0.0
LONGSPD  :-1.0
LOCATION :Location[mProvider=network,mTime=1289065816512,mLatitude=55.74958615,mLongitude=12.3767289,mHasAltitude=false,mAltitude=0.0,mHasSpeed=false,mSpeed=0.0,mHasBearing=false,mBearing=0.0,mHasAccuracy=true,mAccuracy=50.0,mExtras=Bundle[mParcelledData.dataSize=148]]
ADDRESS :

0.27
0.25
0.26
0.26
0.34
0.50
0.19
0.30
0.27
0.27
0.27
0.35
0.31
0.15
0.19
0.12
0.23
0.15
0.20
0.07
0.12
0.04
0.04
0.16
0.04
0.08
0.04
0.04
0.11
0.08
0.16
0.11
0.16
0.11
0.07
0.12
0.07
0.07
0.04
0.19
0.15
0.11
0.03
0.07
0.12
0.15
0.03
0.16
0.08
0.11
0.12
0.08
0.19
0.38
0.22
0.04
0.11
0.27
0.31
0.23
0.23
0.15
0.19
0.19
0.14
0.03
0.11
0.16
0.07
0.04
0.08
0.12
0.08
0.29
0.16
0.08
0.23
0.08
0.16
0.12
0.03
0.04
0.03
0.07
0.05
0.10
0.08
0.08
0.04
0.04
0.10
0.07
0.08
0.08
0.16
0.04
0.08
0.25
0.23
0.12
0.11
0.03
0.07
0.08
0.04
0.04
0.15
0.08
0.08
0.04
0.07
0.07
0.08
0.03
0.07
0.15
0.16
0.19
0.69
0.38
0.33
0.30
0.14
0.30
0.18
0.14
0.07
0.23
0.08
0.15
0.04
0.20
0.11
0.07
0.11
0.15
0.19
0.15
0.07
0.15
0.08
0.11
0.15
0.04
0.16
0.23
0.19
0.11
0.03
0.08
0.11
0.27
0.50
0.12
0.04
0.11
0.15
0.08
0.08
0.12
0.08
0.08
0.15
0.08
0.12
0.15
0.12
0.19
0.15
0.08
0.16
0.04
0.08
0.12
0.08
0.04
0.04
0.25
0.25
0.25
0.23
0.15
0.34
0.15
0.07
0.20
0.12
0.12
0.16
0.12
0.04
0.04
0.04
0.16
0.16
0.08
0.04
0.15
0.34
0.15
0.08
0.14
0.30
0.42
0.15
0.27
0.54
0.48
0.19
0.19
0.19
0.11
0.07
0.11
0.15
0.08
0.04
0.14
0.05
0.26
0.35
0.76
0.75
0.52
0.11
0.11
0.08
0.12
0.11
0.11
0.12
0.08
0.04
0.08
0.04
0.08
0.12
0.08
0.11
0.03
0.04
0.08
0.20
0.12
0.08
0.08
0.08
0.04
0.08
0.04
0.08
0.08
0.19
0.11
0.15
0.16
