GUESS    :MOVING_HI
STARTTIME:1289296205965
ENDTIME  :1289296221164
LOCALSPD :0.0
LONGSPD  :-1.0
LOCATION :Location[mProvider=network,mTime=1289296165154,mLatitude=55.749566400000006,mLongitude=12.37671915,mHasAltitude=false,mAltitude=0.0,mHasSpeed=false,mSpeed=0.0,mHasBearing=false,mBearing=0.0,mHasAccuracy=true,mAccuracy=50.0,mExtras=Bundle[mParcelledData.dataSize=148]]
ADDRESS :

2.89
1.59
0.53
1.84
2.60
2.18
3.64
5.53
3.21
3.41
1.68
2.26
1.88
2.18
1.04
5.24
7.53
7.15
3.79
2.32
1.83
1.08
0.82
2.26
2.75
1.53
1.61
1.14
0.99
0.69
1.33
2.18
2.53
1.48
2.45
4.67
2.55
1.76
2.42
3.13
1.88
0.91
0.84
1.76
0.74
0.75
0.72
1.02
1.01
1.61
2.38
1.68
1.44
2.72
1.39
2.10
1.66
1.04
3.57
2.14
0.42
1.62
0.95
2.70
1.91
3.27
2.26
1.92
5.01
7.08
3.04
1.39
10.49
10.15
2.83
3.76
2.17
10.07
4.90
14.26
4.13
5.56
9.36
15.47
6.47
1.42
2.87
3.87
2.49
1.38
0.91
1.73
0.97
1.80
8.49
3.38
8.92
3.36
2.14
1.05
7.70
11.03
5.48
12.26
2.41
2.67
1.81
1.16
1.76
2.37
7.65
5.76
6.33
2.66
2.34
2.38
4.92
6.21
4.00
5.91
5.30
5.68
4.79
10.28
10.61
15.16
6.52
0.72
6.55
12.57
5.97
10.16
7.35
4.13
3.05
6.51
10.65
7.90
6.48
2.82
1.18
4.56
9.00
5.86
13.40
4.94
0.89
3.38
3.41
10.42
7.55
7.08
4.63
2.10
2.42
1.88
4.75
8.99
6.74
7.44
1.92
1.18
1.04
7.31
8.31
2.49
7.65
6.51
2.14
1.81
6.58
9.23
10.47
7.80
4.49
3.32
3.31
2.70
7.21
11.75
10.42
6.89
7.74
8.89
9.33
8.99
9.87
13.44
7.21
4.06
1.29
0.59
0.04
0.08
0.04
0.07
0.11
0.08
0.52
0.35
0.20
0.04
0.12
0.11
0.07
0.07
0.12
0.19
0.07
0.03
0.07
0.04
0.07
0.07
0.11
0.04
0.08
0.08
0.16
0.23
0.07
0.07
0.07
0.07
0.11
0.03
0.04
0.04
0.08
0.08
0.08
0.15
0.15
0.08
0.04
0.04
0.12
0.04
0.12
0.08
0.08
0.08
0.04
0.07
0.07
0.04
0.04
0.04
0.04
0.08
0.08
0.07
0.19
0.15
0.03
0.04
