GUESS    :MOVING_ME
STARTTIME:1288601359703
ENDTIME  :1288601373536
LOCALSPD :-1.0
LONGSPD  :-1.0
LOCATION :Location[mProvider=network,mTime=1288601329559,mLatitude=55.78248688333333,mLongitude=12.514042766666664,mHasAltitude=false,mAltitude=0.0,mHasSpeed=false,mSpeed=0.0,mHasBearing=false,mBearing=0.0,mHasAccuracy=true,mAccuracy=53.0,mExtras=Bundle[mParcelledData.dataSize=148]]
ADDRESS :

2.44
2.03
1.08
0.56
0.56
0.48
0.41
0.54
0.38
0.36
0.37
0.15
0.25
0.35
0.26
0.55
0.20
0.17
0.56
0.45
0.27
0.23
0.40
0.43
0.20
0.26
0.34
0.37
0.53
0.29
0.36
0.38
0.45
0.35
0.42
0.25
0.19
0.25
0.37
0.14
0.24
0.37
0.16
0.12
0.25
0.20
0.10
0.16
0.26
0.51
0.38
0.21
0.08
0.18
0.31
0.36
0.35
0.40
0.32
0.29
0.19
0.32
0.35
0.27
0.20
0.22
0.23
0.23
0.38
0.20
0.14
0.10
0.30
0.32
0.17
0.16
0.35
0.55
0.40
0.26
0.12
0.16
0.24
0.40
0.28
0.12
0.17
0.04
0.07
0.07
0.08
0.16
0.12
0.26
0.20
0.04
0.16
0.12
0.23
0.20
0.20
0.34
0.41
0.23
0.34
0.27
0.21
0.11
0.12
0.06
0.31
0.43
0.32
0.09
0.10
0.05
0.18
0.15
0.10
0.14
0.17
0.19
0.11
0.06
0.15
0.04
0.25
0.33
