GUESS    :WALKING
STARTTIME:1287654686989
ENDTIME  :1287654701863
LOCATION :Location[mProvider=network,mTime=1287654655686,mLatitude=55.748147,mLongitude=12.3772915,mHasAltitude=false,mAltitude=0.0,mHasSpeed=false,mSpeed=0.0,mHasBearing=false,mBearing=0.0,mHasAccuracy=true,mAccuracy=54.0,mExtras=Bundle[mParcelledData.dataSize=148]]
ADDRESS :

2.04
2.47
0.96
1.26
1.09
0.84
0.69
0.80
0.67
0.60
0.32
0.30
0.16
0.20
0.39
0.39
0.22
0.29
0.64
0.71
0.56
0.24
0.25
0.45
0.24
0.20
0.33
0.21
0.25
0.31
0.25
0.25
0.17
0.15
0.13
0.10
0.02
0.04
0.11
0.11
0.00
0.17
0.27
0.35
0.24
0.18
0.33
0.25
0.17
0.27
0.34
0.31
0.24
0.09
0.11
0.22
0.07
0.16
0.23
0.14
0.05
0.05
0.08
0.13
0.19
0.13
0.17
0.29
0.16
0.23
0.28
0.37
0.30
0.11
0.24
0.24
0.12
0.16
0.27
0.20
0.05
0.07
0.06
0.14
0.20
0.09
0.24
0.24
0.14
0.26
0.31
0.23
0.25
0.31
0.12
0.21
0.15
0.18
0.15
0.09
0.17
0.08
0.12
0.13
0.16
0.22
0.10
0.07
0.08
0.21
0.22
0.22
0.35
0.27
0.16
0.12
0.13
0.10
0.16
0.11
0.11
0.10
0.04
0.16
0.09
0.07
0.08
0.19
