GUESS    :MOVING_SM
STARTTIME:1287654731731
ENDTIME  :1287654746638
LOCATION :Location[mProvider=network,mTime=1287654718615,mLatitude=55.746235,mLongitude=12.384796,mHasAltitude=false,mAltitude=0.0,mHasSpeed=false,mSpeed=0.0,mHasBearing=false,mBearing=0.0,mHasAccuracy=true,mAccuracy=814.0,mExtras=Bundle[mParcelledData.dataSize=148]]
ADDRESS :

0.39
0.05
0.26
0.15
0.11
0.16
0.12
0.15
0.23
0.08
0.04
0.03
0.04
0.07
0.04
0.12
0.11
0.15
0.07
0.07
0.04
0.04
0.12
0.12
0.08
0.04
0.08
0.04
0.12
0.19
0.20
0.23
0.19
0.15
0.14
0.22
0.07
0.07
0.04
0.04
0.16
0.07
0.19
0.19
0.04
0.19
0.08
0.12
0.12
0.10
0.14
0.12
0.04
0.15
0.15
0.07
0.04
0.15
0.08
0.16
0.19
0.11
0.03
0.07
0.03
0.08
0.12
0.19
0.04
0.11
0.08
0.15
0.07
0.08
0.12
0.15
0.11
0.12
0.04
0.14
0.11
0.11
0.04
0.10
0.05
0.03
0.07
0.10
0.11
0.14
0.16
0.11
0.12
0.18
0.08
0.11
0.18
0.11
0.07
0.10
0.07
0.08
0.11
0.04
0.03
0.04
0.11
0.11
0.03
0.03
0.04
0.07
0.03
0.19
0.16
0.08
0.08
0.16
0.12
0.04
0.04
0.12
0.15
0.15
0.14
0.11
0.08
0.04
0.12
0.12
0.12
0.16
0.31
0.23
0.16
0.35
0.23
0.25
0.46
0.34
0.37
0.46
0.35
0.54
0.35
0.46
0.41
0.30
0.31
0.22
0.59
1.12
0.08
1.04
0.69
2.11
2.83
1.18
0.80
0.42
0.12
0.23
0.10
0.07
0.18
0.53
0.42
0.19
0.95
2.91
0.65
1.23
0.23
0.11
0.20
0.12
0.19
0.15
0.16
0.16
0.19
0.15
0.61
0.37
0.64
0.22
0.05
0.29
0.30
0.44
0.30
0.46
0.30
0.22
1.13
0.67
0.76
0.49
0.41
0.69
0.65
0.54
1.23
1.42
1.33
1.58
1.77
2.91
2.30
3.35
1.92
1.93
1.69
0.39
1.09
0.86
1.73
1.06
2.44
1.18
0.99
0.99
1.23
1.72
0.75
0.89
0.69
0.50
0.29
0.31
1.33
1.23
0.95
1.54
0.39
0.87
0.31
0.53
0.37
0.71
0.74
0.41
0.50
0.27
0.39
0.44
0.22
0.16
0.27
0.57
0.19
0.69
0.08
0.46
0.11
0.29
