GUESS    :WALKING
STARTTIME:1287654992331
ENDTIME  :1287655005481
LOCATION :Location[mProvider=network,mTime=1287655004565,mLatitude=55.746235,mLongitude=12.384796,mHasAltitude=false,mAltitude=0.0,mHasSpeed=false,mSpeed=0.0,mHasBearing=false,mBearing=0.0,mHasAccuracy=true,mAccuracy=814.0,mExtras=Bundle[mParcelledData.dataSize=148]]
ADDRESS :

1.67
0.73
0.34
0.25
0.30
0.19
0.37
0.28
0.18
0.43
0.40
0.50
0.24
0.21
0.16
0.21
0.18
0.11
0.21
0.26
0.39
0.32
0.10
0.21
0.30
0.24
0.13
0.19
0.11
0.10
0.10
0.11
0.08
0.11
0.25
0.17
0.24
0.29
0.27
0.02
0.09
0.04
0.06
0.15
0.22
0.15
0.08
0.11
0.07
0.11
0.16
0.07
0.08
0.10
0.14
0.06
0.08
0.10
0.07
0.09
0.17
0.07
0.12
0.05
0.08
0.05
0.11
0.10
0.08
0.13
0.08
0.10
0.11
0.07
0.09
0.17
0.07
0.10
0.18
0.14
0.09
0.02
0.08
0.12
0.14
0.16
0.14
0.05
0.04
0.13
0.07
0.11
0.06
0.08
0.11
0.10
0.09
0.09
0.13
0.08
0.05
0.08
0.10
0.07
0.09
0.13
0.22
0.25
0.20
0.09
0.05
0.19
0.18
0.05
0.04
0.10
0.10
0.17
0.14
0.10
0.15
0.15
0.10
0.13
0.14
0.08
0.10
0.13
