GUESS    :WALKING
STARTTIME:1287655509631
ENDTIME  :1287655522540
LOCATION :Location[mProvider=network,mTime=1287655499999,mLatitude=55.74970542,mLongitude=12.3767449,mHasAltitude=false,mAltitude=0.0,mHasSpeed=false,mSpeed=0.0,mHasBearing=false,mBearing=0.0,mHasAccuracy=true,mAccuracy=32.0,mExtras=Bundle[mParcelledData.dataSize=148]]
ADDRESS :

1.21
0.99
0.59
0.72
1.85
1.06
0.93
0.38
0.23
0.82
0.27
0.33
0.72
0.61
0.84
0.98
0.97
0.46
1.29
0.94
1.14
1.44
0.95
1.12
0.30
1.10
1.88
1.33
1.44
0.78
2.03
1.61
1.76
1.63
1.16
0.91
0.44
0.49
0.91
0.69
0.63
0.57
0.72
0.87
0.74
0.44
0.31
1.02
3.79
5.45
2.18
1.44
2.52
1.88
1.24
0.84
0.84
0.61
0.41
0.98
0.27
0.56
1.73
3.72
3.76
4.47
4.69
1.29
1.72
3.06
2.08
1.25
1.16
1.57
1.93
0.83
0.41
0.15
0.89
0.76
0.76
0.60
0.54
0.61
0.76
1.17
1.18
1.54
1.96
1.31
1.33
2.03
3.11
2.42
4.66
4.24
2.91
5.38
2.32
1.81
3.23
1.99
2.85
4.18
2.57
9.78
4.28
3.87
7.14
3.19
1.29
1.48
2.32
3.57
3.87
6.10
10.11
3.06
2.76
5.00
5.49
1.84
3.99
2.89
6.97
2.71
8.28
5.79
2.68
7.35
4.17
3.09
2.49
3.61
4.40
5.52
11.29
1.99
5.11
7.50
4.84
1.78
4.79
4.18
3.32
3.04
9.53
7.57
6.06
8.29
2.70
0.61
3.34
4.85
4.64
4.81
12.53
3.06
5.22
6.89
4.84
2.45
3.54
4.20
4.49
4.06
8.24
5.13
3.11
8.04
3.02
0.82
3.45
3.99
3.64
5.97
13.24
1.80
6.29
6.28
4.02
3.90
1.05
4.33
4.29
4.63
9.07
4.47
2.07
7.59
4.37
1.87
2.41
4.26
3.90
6.61
11.41
2.64
2.94
5.71
5.87
2.41
5.37
3.53
5.84
3.34
4.56
8.10
6.95
8.32
6.31
1.76
0.79
3.47
4.47
5.73
4.28
5.65
5.35
6.20
6.62
2.45
3.75
4.06
5.73
5.45
7.86
5.48
2.14
9.08
3.94
2.26
1.92
3.47
4.55
6.62
14.82
3.72
7.06
7.19
4.74
3.42
2.32
3.53
4.94
3.64
8.27
6.48
1.50
8.87
3.51
0.97
1.65
2.83
3.99
5.58
