GUESS    :MOVING_SM
STARTTIME:1287655795881
ENDTIME  :1287655810850
LOCATION :Location[mProvider=network,mTime=1287655803965,mLatitude=55.74960813333333,mLongitude=12.376808266666666,mHasAltitude=false,mAltitude=0.0,mHasSpeed=false,mSpeed=0.0,mHasBearing=false,mBearing=0.0,mHasAccuracy=true,mAccuracy=50.0,mExtras=Bundle[mParcelledData.dataSize=148]]
ADDRESS :

0.29
0.38
0.27
0.15
0.08
0.09
0.11
0.10
0.09
0.05
0.01
0.04
0.08
0.08
0.05
0.05
0.06
0.06
0.04
0.02
0.04
0.04
0.04
0.02
0.02
0.03
0.02
0.01
0.01
0.00
0.02
0.03
0.04
0.05
0.05
0.05
0.03
0.03
0.01
0.01
0.02
0.02
0.03
0.03
0.04
0.03
0.05
0.05
0.06
0.06
0.06
0.06
0.06
0.05
0.03
0.01
0.02
0.03
0.03
0.02
0.02
0.04
0.06
0.08
0.08
0.06
0.05
0.05
0.05
0.05
0.05
0.04
0.03
0.02
0.02
0.03
0.03
0.03
0.01
0.00
0.01
0.00
0.01
0.02
0.02
0.03
0.02
0.02
0.01
0.01
0.01
0.02
0.02
0.02
0.02
0.03
0.03
0.04
0.03
0.03
0.03
0.02
0.01
0.00
0.02
0.02
0.02
0.02
0.02
0.03
0.04
0.04
0.03
0.01
0.01
0.03
0.03
0.03
0.02
0.02
0.02
0.02
0.01
0.00
0.01
0.01
0.01
0.01
