GUESS    :IDLE
STARTTIME:1287655825411
ENDTIME  :1287655839441
LOCATION :Location[mProvider=network,mTime=1287655803965,mLatitude=55.74960813333333,mLongitude=12.376808266666666,mHasAltitude=false,mAltitude=0.0,mHasSpeed=false,mSpeed=0.0,mHasBearing=false,mBearing=0.0,mHasAccuracy=true,mAccuracy=50.0,mExtras=Bundle[mParcelledData.dataSize=148]]
ADDRESS :

0.07
0.12
0.08
0.12
0.12
0.12
0.08
0.04
0.04
0.04
0.08
0.04
0.04
0.08
0.08
0.04
0.15
0.11
0.03
0.11
0.11
0.19
0.23
0.12
0.14
0.15
0.07
0.11
0.08
0.04
0.16
0.11
0.19
0.04
0.08
0.04
0.08
0.15
0.07
0.16
0.15
0.11
0.03
0.11
0.12
0.08
0.15
0.15
0.08
0.08
0.11
0.11
0.04
0.04
0.04
0.04
0.08
0.11
0.07
0.08
0.12
0.04
0.04
0.08
0.04
0.04
0.04
0.12
0.16
0.16
0.12
0.08
0.08
0.08
0.04
0.04
0.04
0.08
0.04
0.04
0.04
0.04
0.04
0.08
0.04
0.04
0.04
0.04
0.04
0.04
0.08
0.08
0.08
0.08
0.04
0.08
0.08
0.04
0.08
0.04
0.04
0.08
0.11
0.11
0.08
0.04
0.07
0.11
0.04
0.04
0.04
0.08
0.04
0.04
0.08
0.04
0.04
0.04
0.08
0.04
0.15
0.11
0.12
0.04
0.04
0.08
0.08
0.08
0.04
0.12
0.08
0.08
0.03
0.07
0.04
0.08
0.04
0.19
0.07
0.08
0.07
0.07
0.08
0.04
0.12
0.08
0.08
0.11
0.11
0.08
0.12
0.04
0.04
0.04
0.04
0.12
0.04
0.08
0.04
0.11
0.04
0.03
0.11
0.11
0.04
0.04
0.04
0.08
0.07
0.08
0.15
0.07
0.04
0.15
0.08
0.04
0.12
0.04
0.15
0.11
0.08
0.12
0.07
0.04
0.07
0.04
0.12
0.12
0.12
0.12
0.08
0.07
0.11
0.08
0.11
0.11
0.08
0.08
0.08
0.12
0.04
0.04
0.12
0.12
0.08
0.07
0.07
0.16
0.27
0.12
0.11
0.03
0.07
0.08
0.08
0.12
0.07
0.07
0.31
0.50
0.31
0.16
0.30
0.45
0.34
0.07
0.23
0.37
0.20
0.23
0.25
0.11
0.19
0.25
0.20
0.04
0.08
0.12
0.07
0.11
0.12
0.15
0.07
0.08
0.04
0.04
0.11
0.07
0.12
0.08
0.04
0.12
0.04
0.08
0.08
0.04
