GUESS    :MOVING_ME
STARTTIME:1287653569121
ENDTIME  :1287653583742
LOCATION :Location[mProvider=network,mTime=1287653577977,mLatitude=55.748278140000004,mLongitude=12.377277099999999,mHasAltitude=false,mAltitude=0.0,mHasSpeed=false,mSpeed=0.0,mHasBearing=false,mBearing=0.0,mHasAccuracy=true,mAccuracy=54.0,mExtras=Bundle[mParcelledData.dataSize=148]]
ADDRESS :

1.31
2.25
2.11
3.30
2.83
1.57
0.93
1.96
2.98
6.97
6.07
7.42
7.00
3.88
2.41
1.92
2.78
1.40
0.68
1.21
1.54
2.15
1.27
2.86
1.80
3.41
1.42
1.24
1.24
1.42
0.38
1.04
0.65
1.08
1.77
0.42
0.76
1.01
0.53
1.17
0.63
0.59
0.34
0.35
0.78
0.20
0.23
0.49
0.42
0.15
0.38
0.38
0.07
0.26
0.22
0.60
0.75
0.11
0.61
0.41
1.08
0.64
0.79
0.74
0.79
1.25
1.04
0.80
0.86
0.80
0.31
0.31
1.54
1.87
3.58
0.99
0.87
1.40
0.76
0.74
0.61
1.32
0.78
0.84
0.45
0.42
0.38
1.04
1.23
2.25
1.87
2.30
0.83
0.26
0.61
0.97
0.67
0.27
0.74
1.25
0.54
0.57
0.23
0.69
0.63
1.31
1.46
1.57
3.26
1.35
1.69
3.17
1.42
1.80
0.60
0.75
0.19
0.54
0.61
0.69
0.35
0.22
0.15
0.42
0.42
0.15
0.53
0.46
0.22
0.34
0.59
0.76
1.32
0.67
1.33
1.32
2.06
1.76
2.44
5.18
4.34
6.50
4.59
5.84
3.75
3.45
5.88
2.82
1.21
0.46
0.91
1.04
1.21
2.11
2.94
2.45
0.56
0.83
1.97
2.33
1.76
1.06
0.87
0.57
0.65
3.01
0.99
1.31
4.55
4.09
3.42
1.88
0.61
0.68
1.35
1.58
1.72
1.63
2.93
2.62
2.97
0.89
0.65
0.82
1.23
0.59
0.84
0.60
0.95
0.91
1.14
0.39
0.53
1.18
1.04
0.54
0.63
0.80
0.38
0.23
1.10
0.65
0.63
1.06
1.58
1.81
0.93
2.62
3.41
2.79
1.04
3.68
2.00
1.08
0.84
0.75
0.97
1.69
1.21
5.12
3.61
3.08
5.28
4.60
2.37
3.88
3.53
6.22
1.17
2.07
1.69
1.35
4.54
3.65
4.03
4.41
4.34
1.53
1.96
1.48
1.61
2.79
3.23
4.40
0.38
2.91
2.03
3.46
2.51
2.78
3.57
0.95
3.02
1.35
1.81
2.27
