GUESS    :WALKING
STARTTIME:1287653949633
ENDTIME  :1287653964301
LOCATION :Location[mProvider=network,mTime=1287653928737,mLatitude=55.74819685,mLongitude=12.37724525,mHasAltitude=false,mAltitude=0.0,mHasSpeed=false,mSpeed=0.0,mHasBearing=false,mBearing=0.0,mHasAccuracy=true,mAccuracy=75.0,mExtras=Bundle[mParcelledData.dataSize=148]]
ADDRESS :

1.33
1.12
1.18
2.71
2.19
1.46
1.88
1.43
3.06
2.30
1.31
1.25
0.72
2.55
1.17
0.79
1.42
0.84
1.85
0.57
0.39
0.78
1.36
2.86
1.02
1.48
0.80
1.89
1.18
0.53
1.54
2.41
1.99
0.99
1.40
0.45
1.14
0.91
0.86
1.72
0.80
0.80
0.74
1.24
2.41
1.63
1.29
0.49
0.95
1.35
1.35
1.68
3.31
1.48
2.94
3.75
0.61
1.42
2.11
3.99
1.76
5.07
6.09
2.87
3.84
4.70
1.20
2.62
3.17
5.05
3.79
1.99
1.25
0.61
1.04
0.82
0.29
1.02
0.42
0.69
0.31
0.27
0.65
1.63
1.33
0.75
2.29
0.65
1.16
0.61
0.68
0.31
0.27
0.50
0.54
0.35
0.46
0.38
1.08
1.72
0.99
0.59
1.31
0.89
0.39
0.52
0.49
0.54
0.34
1.58
1.47
0.87
0.30
0.50
1.04
0.35
0.53
0.64
1.38
0.50
0.31
0.34
0.68
0.49
0.74
0.87
0.71
0.46
1.02
0.30
0.10
0.35
0.53
0.27
0.60
0.42
0.53
0.38
0.41
0.67
0.14
0.42
0.89
0.69
1.14
0.34
0.93
0.69
0.80
0.39
0.33
0.89
0.93
1.85
1.16
0.65
0.41
1.09
0.22
0.78
0.63
0.57
0.42
0.11
0.19
0.76
0.72
0.31
0.72
0.38
0.34
0.64
1.08
1.47
0.65
0.50
0.65
0.53
0.34
0.27
0.68
0.67
0.69
0.54
0.30
0.39
0.72
1.38
2.10
0.65
1.18
0.89
0.99
0.45
1.55
1.65
4.33
4.41
3.36
1.81
1.81
0.91
1.14
0.69
1.04
0.78
0.54
1.13
0.83
1.95
2.33
0.97
1.76
1.99
2.32
1.84
1.38
1.88
5.90
3.53
4.88
4.18
1.24
1.32
2.12
1.27
0.87
0.49
1.50
0.38
0.99
1.57
0.76
0.99
0.83
1.58
1.35
0.91
4.60
5.09
1.65
3.02
0.80
1.88
1.96
1.31
1.91
2.40
2.42
1.88
1.02
1.62
1.58
1.12
0.99
1.27
