GUESS    :WALKING
STARTTIME:1287654022532
ENDTIME  :1287654037080
LOCATION :Location[mProvider=network,mTime=1287654020240,mLatitude=55.74810993333333,mLongitude=12.3773173,mHasAltitude=false,mAltitude=0.0,mHasSpeed=false,mSpeed=0.0,mHasBearing=false,mBearing=0.0,mHasAccuracy=true,mAccuracy=54.0,mExtras=Bundle[mParcelledData.dataSize=148]]
ADDRESS :

3.05
0.64
0.57
0.30
0.47
0.19
0.20
0.16
0.23
0.30
0.09
0.23
0.31
0.14
0.14
0.16
0.21
0.28
0.50
0.35
0.32
0.20
0.06
0.18
0.42
0.77
1.12
0.11
0.25
0.18
0.07
0.10
0.14
0.22
0.25
0.17
0.08
0.16
0.18
0.14
0.11
0.04
0.14
0.22
0.09
0.08
0.09
0.07
0.10
0.11
0.34
0.14
0.02
0.11
0.18
0.21
0.11
0.21
0.16
0.08
0.22
0.06
0.19
0.14
0.08
0.25
0.09
0.12
0.11
0.03
0.12
0.08
0.32
0.09
0.25
0.01
0.59
0.67
0.25
0.11
0.16
0.10
0.07
0.06
0.09
0.01
0.28
0.07
0.22
0.26
0.26
0.07
0.15
0.26
0.05
0.09
0.06
0.01
0.14
0.05
0.10
0.10
0.29
0.30
0.30
0.22
0.25
0.14
0.22
0.12
0.11
0.18
0.02
0.12
0.15
0.44
0.17
0.09
0.09
0.27
0.05
0.09
0.12
0.10
0.13
0.12
0.24
0.24
