GUESS    :WALKING
STARTTIME:1287654604071
ENDTIME  :1287654616990
LOCATION :Location[mProvider=network,mTime=1287654588676,mLatitude=55.74819796666667,mLongitude=12.377312400000001,mHasAltitude=false,mAltitude=0.0,mHasSpeed=false,mSpeed=0.0,mHasBearing=false,mBearing=0.0,mHasAccuracy=true,mAccuracy=54.0,mExtras=Bundle[mParcelledData.dataSize=148]]
ADDRESS :

2.91
1.27
2.19
0.89
2.07
2.49
1.99
5.41
10.92
2.72
3.99
1.84
2.68
0.89
1.16
1.32
1.25
3.16
1.69
4.26
6.77
4.62
4.39
4.99
4.63
1.05
3.01
1.46
2.87
2.86
3.27
3.50
5.39
2.96
3.54
2.68
3.11
1.88
3.50
0.99
3.90
1.70
1.08
3.53
5.41
5.97
5.18
2.63
3.09
2.41
1.39
1.50
3.87
3.26
0.82
1.84
2.98
3.62
2.81
2.49
4.43
1.35
0.56
1.31
0.99
1.99
1.33
0.86
4.33
8.54
4.10
5.11
4.58
4.20
0.50
2.45
0.74
2.75
2.08
2.49
2.11
4.22
3.69
3.55
5.56
3.65
4.06
2.07
1.59
2.38
1.29
3.34
2.19
7.21
2.66
5.45
3.98
2.11
1.23
1.46
1.91
2.60
1.35
4.03
4.15
5.12
2.22
2.14
4.51
1.20
0.99
1.47
1.18
1.72
2.47
2.32
2.91
7.79
3.53
4.34
3.57
2.18
1.18
1.23
2.62
3.28
2.98
3.11
10.00
5.22
1.80
2.53
1.58
0.53
0.87
1.38
3.50
1.46
4.79
4.10
2.29
3.15
3.45
3.02
0.26
1.42
0.84
3.57
2.25
4.48
6.88
5.68
4.97
4.14
3.45
4.00
2.86
1.12
2.26
2.33
1.61
3.96
2.90
6.54
5.00
4.37
3.36
0.97
1.24
0.89
2.03
2.81
2.34
3.36
6.82
5.33
4.71
1.50
2.72
1.04
0.61
0.63
1.87
1.84
0.86
3.79
1.65
6.81
2.33
4.29
3.06
2.44
2.11
1.84
1.96
3.01
2.06
3.34
5.13
5.41
4.37
1.68
2.68
1.97
0.49
0.72
1.10
2.11
2.29
2.42
2.10
6.81
4.14
3.65
4.07
1.72
1.38
1.24
1.38
3.36
2.56
2.76
6.07
5.09
3.17
1.33
4.10
1.50
0.95
1.13
1.97
2.30
0.74
4.34
5.87
4.67
4.02
3.60
3.24
1.69
0.80
0.97
4.48
2.68
3.06
2.76
5.56
4.26
1.69
2.82
1.14
0.69
1.14
2.60
2.48
2.08
