GUESS    :MOVING_SM
STARTTIME:1288695189291
ENDTIME  :1288695203530
LOCALSPD :-1.0
LONGSPD  :-1.0
LOCATION :Location[mProvider=network,mTime=1288695179574,mLatitude=55.78251023,mLongitude=12.51395238,mHasAltitude=false,mAltitude=0.0,mHasSpeed=false,mSpeed=0.0,mHasBearing=false,mBearing=0.0,mHasAccuracy=true,mAccuracy=53.0,mExtras=Bundle[mParcelledData.dataSize=148]]
ADDRESS :

0.15
0.10
0.09
0.10
0.10
0.08
0.08
0.08
0.07
0.08
0.08
0.08
0.09
0.09
0.09
0.08
0.08
0.08
0.08
0.09
0.08
0.09
0.09
0.10
0.08
0.08
0.09
0.08
0.09
0.08
0.09
0.09
0.08
0.09
0.09
0.09
0.09
0.09
0.08
0.09
0.08
0.09
0.08
0.08
0.09
0.08
0.09
0.08
0.08
0.09
0.09
0.08
0.08
0.09
0.09
0.08
0.08
0.09
0.09
0.08
0.09
0.08
0.09
0.09
0.09
0.09
0.09
0.09
0.09
0.08
0.08
0.08
0.10
0.09
0.09
0.08
0.09
0.09
0.08
0.09
0.08
0.08
0.08
0.08
0.08
0.09
0.09
0.09
0.08
0.09
0.08
0.08
0.08
0.09
0.08
0.08
0.08
0.09
0.09
0.09
0.09
0.09
0.08
0.09
0.09
0.08
0.08
0.08
0.08
0.08
0.09
0.09
0.08
0.09
0.09
0.09
0.09
0.09
0.09
0.10
0.09
0.09
0.09
0.09
0.08
0.09
0.09
0.09
