GUESS    :MOVING_ME
STARTTIME:1288715165402
ENDTIME  :1288715178271
LOCALSPD :1.1421363
LONGSPD  :5.2589593
LOCATION :Location[mProvider=network,mTime=1288715158341,mLatitude=55.76469989999999,mLongitude=12.454690883333335,mHasAltitude=false,mAltitude=0.0,mHasSpeed=false,mSpeed=0.0,mHasBearing=false,mBearing=0.0,mHasAccuracy=true,mAccuracy=36.0,mExtras=Bundle[mParcelledData.dataSize=148]]
ADDRESS :

2.49
0.56
0.31
0.52
0.40
0.23
0.09
0.17
0.08
0.15
0.06
0.10
0.22
0.10
0.18
0.04
0.14
0.14
0.29
0.12
0.06
0.23
0.20
0.18
0.11
0.25
0.13
0.19
0.15
0.18
0.21
0.13
0.19
0.21
0.08
0.21
0.02
0.12
0.09
0.10
0.08
0.16
0.15
0.12
0.14
0.18
0.12
0.21
0.12
0.09
0.13
0.18
0.14
0.03
0.10
0.08
0.14
0.07
0.16
0.22
0.08
0.14
0.21
0.10
0.16
0.16
0.05
0.18
0.08
0.11
0.15
0.10
0.07
0.17
0.07
0.14
0.06
0.09
0.08
0.17
0.05
0.13
0.16
0.05
0.28
0.12
0.09
0.09
0.13
0.19
0.12
0.07
0.12
0.03
0.12
0.10
0.04
0.22
0.07
0.10
0.21
0.14
0.06
0.12
0.10
0.04
0.05
0.08
0.09
0.11
0.17
0.09
0.09
0.09
0.17
0.19
0.23
0.08
0.20
0.07
0.15
0.10
0.13
0.16
0.06
0.06
0.11
0.18
