GUESS    :WALKING
STARTTIME:1288715191142
ENDTIME  :1288715203991
LOCALSPD :1.1421363
LONGSPD  :5.2589593
LOCATION :Location[mProvider=network,mTime=1288715158341,mLatitude=55.76469989999999,mLongitude=12.454690883333335,mHasAltitude=false,mAltitude=0.0,mHasSpeed=false,mSpeed=0.0,mHasBearing=false,mBearing=0.0,mHasAccuracy=true,mAccuracy=36.0,mExtras=Bundle[mParcelledData.dataSize=148]]
ADDRESS :

3.32
1.96
1.91
2.07
1.04
2.21
1.13
2.32
2.79
2.37
1.80
0.91
1.16
1.65
2.44
2.30
1.85
1.77
3.02
2.60
2.00
2.94
2.76
1.76
1.29
3.53
2.10
2.22
4.43
3.53
2.41
1.65
2.70
1.31
1.29
2.86
1.04
3.17
1.92
1.50
1.27
2.06
2.33
2.57
4.06
2.79
1.73
1.97
1.08
2.26
0.50
1.54
2.18
1.69
2.42
3.49
3.05
2.56
0.95
1.42
1.14
3.28
1.99
1.73
3.57
2.47
1.76
2.18
1.72
1.18
1.51
2.59
1.05
0.75
1.09
1.76
0.89
1.95
2.76
1.62
3.02
2.14
2.22
3.41
1.42
1.24
1.91
0.33
1.57
1.99
1.33
2.64
1.31
2.11
2.62
3.66
1.13
1.99
0.59
0.95
1.65
0.99
2.72
1.31
0.95
1.25
1.42
1.81
1.65
1.63
1.65
0.84
0.30
2.30
1.80
1.89
1.53
1.08
2.96
2.41
1.96
2.91
2.23
1.33
1.13
1.48
1.14
2.32
1.72
1.91
2.41
2.14
1.83
2.75
2.06
1.77
2.33
1.12
0.99
1.88
2.64
1.05
3.12
2.57
3.08
2.87
2.07
1.39
1.38
1.61
0.69
1.20
0.74
1.04
1.18
0.89
1.42
1.59
1.84
1.53
0.98
1.50
1.42
0.95
1.29
2.45
3.87
3.41
2.60
4.92
2.70
4.25
2.21
0.86
2.15
1.58
1.53
0.98
1.96
1.61
1.65
4.32
3.83
3.65
1.25
3.72
1.69
3.98
1.65
3.17
2.57
2.75
1.95
2.85
3.34
3.79
2.12
0.86
2.52
1.24
2.85
1.20
4.56
1.08
1.77
2.06
4.84
4.07
2.07
3.15
2.11
0.46
2.00
2.30
1.58
3.85
1.96
1.62
0.65
6.07
6.44
3.72
1.35
4.59
0.68
1.61
3.30
3.05
3.45
3.92
3.64
3.68
1.16
3.34
3.00
4.15
2.07
1.65
3.70
3.64
3.84
0.44
2.27
3.21
5.48
1.69
4.44
2.79
5.87
2.94
4.05
2.93
3.13
2.18
1.99
0.93
