GUESS    :MOVING_ME
STARTTIME:1288714059495
ENDTIME  :1288714072381
LOCALSPD :0.08626821
LONGSPD  :0.026611278
LOCATION :Location[mProvider=network,mTime=1288714064365,mLatitude=55.7813662,mLongitude=12.5140145,mHasAltitude=false,mAltitude=0.0,mHasSpeed=false,mSpeed=0.0,mHasBearing=false,mBearing=0.0,mHasAccuracy=true,mAccuracy=61.0,mExtras=Bundle[mParcelledData.dataSize=148]]
ADDRESS :

5.12
6.85
7.56
2.32
6.52
4.29
1.77
1.08
0.89
4.64
4.36
1.72
5.82
4.86
3.26
3.91
1.12
3.99
5.38
7.37
1.50
1.80
2.68
1.93
1.14
0.27
0.87
1.23
1.95
1.66
2.19
1.17
3.61
3.32
2.78
3.38
1.57
0.57
2.96
1.35
2.34
0.95
1.35
1.50
0.89
1.14
0.31
1.08
0.37
1.54
0.64
2.83
0.57
1.57
1.10
1.48
2.66
1.65
1.29
1.16
3.11
3.26
5.30
5.90
2.49
0.38
1.91
8.08
9.49
4.07
8.98
4.51
9.33
4.41
2.79
16.06
9.32
7.93
2.91
6.93
4.10
3.61
6.14
3.94
3.24
1.93
4.09
9.93
7.48
3.32
1.38
3.21
2.03
2.00
5.54
2.30
4.56
2.68
6.14
2.75
12.37
4.44
8.38
13.72
10.38
4.78
2.57
3.11
0.49
2.64
0.34
2.07
1.04
2.25
1.84
0.90
2.41
0.38
1.29
1.25
0.84
2.91
1.95
0.99
2.78
5.43
8.89
1.08
5.94
1.09
0.80
1.20
1.06
1.99
1.10
1.12
2.22
0.54
2.55
0.49
1.73
0.89
1.70
1.31
1.14
0.46
0.41
1.39
2.68
2.42
0.80
3.51
1.24
2.07
1.16
2.83
1.09
1.61
2.22
0.69
1.39
1.84
1.84
1.24
1.80
1.70
1.51
3.00
3.80
0.69
2.96
2.72
0.99
1.29
0.95
0.35
0.76
0.75
1.62
0.72
1.04
0.97
1.21
0.34
1.40
0.89
1.21
2.12
1.44
1.08
1.08
0.89
1.61
1.83
2.15
1.08
1.96
1.42
1.42
1.76
1.04
1.77
2.83
1.91
2.03
3.36
1.42
1.24
0.80
4.59
3.90
3.73
1.58
3.28
2.57
4.26
7.08
6.21
7.93
2.76
5.52
5.33
5.90
1.02
9.77
2.82
6.93
4.56
2.18
2.33
1.89
3.99
4.58
3.72
10.64
4.32
4.54
5.33
5.03
2.47
7.23
2.55
1.57
4.09
5.82
3.98
5.26
2.89
2.26
3.60
2.63
0.91
2.19
4.10
0.99
1.58
