GUESS    :MOVING_ME
STARTTIME:1288714260127
ENDTIME  :1288714273412
LOCALSPD :5.209005
LONGSPD  :1.8656876
LOCATION :Location[mProvider=network,mTime=1288714262565,mLatitude=55.7732724888889,mLongitude=12.505751933333334,mHasAltitude=false,mAltitude=0.0,mHasSpeed=false,mSpeed=0.0,mHasBearing=false,mBearing=0.0,mHasAccuracy=true,mAccuracy=56.0,mExtras=Bundle[mParcelledData.dataSize=148]]
ADDRESS :

2.91
0.49
0.63
0.46
0.36
0.41
0.38
0.46
0.41
0.63
0.21
0.40
0.11
0.15
0.34
0.34
0.35
0.47
0.34
0.41
0.44
0.51
0.16
0.18
0.44
0.30
0.26
0.13
0.29
0.13
0.11
0.10
0.05
0.17
0.16
0.28
0.18
0.18
0.15
0.16
0.12
0.16
0.25
0.11
0.36
0.05
0.08
0.13
0.24
0.17
0.21
0.25
0.07
0.24
0.35
0.12
0.13
0.04
0.15
0.32
0.11
0.11
0.29
0.24
0.10
0.20
0.27
0.09
0.32
0.22
0.23
0.09
0.33
0.13
0.06
0.03
0.20
0.04
0.11
0.18
0.14
0.17
0.03
0.30
0.15
0.17
0.18
0.15
0.18
0.08
0.12
0.24
0.31
0.12
0.22
0.26
0.15
0.09
0.22
0.09
0.10
0.24
0.31
0.29
0.35
0.04
0.14
0.09
0.09
0.10
0.31
0.30
0.35
0.07
0.04
0.05
0.23
0.32
0.20
0.08
0.28
0.01
0.05
0.12
0.13
0.10
0.05
0.11
