GUESS    :MOVING_ME
STARTTIME:1290414565445
ENDTIME  :1290414578898
LOCALSPD :8.302508
LONGSPD  :5.251723
LOCATION :Location[mProvider=network,mTime=1290414557237,mLatitude=55.7653086,mLongitude=12.46335395,mHasAltitude=false,mAltitude=0.0,mHasSpeed=false,mSpeed=0.0,mHasBearing=false,mBearing=0.0,mHasAccuracy=true,mAccuracy=60.0,mExtras=Bundle[mParcelledData.dataSize=148]]
ADDRESS :

3.20
1.38
1.09
1.48
1.62
4.37
1.84
1.46
3.66
2.68
2.30
3.66
3.75
0.72
3.87
0.89
1.53
0.69
1.91
1.28
1.89
1.36
3.32
0.11
1.63
2.22
5.48
2.38
2.15
2.56
1.80
1.53
2.15
3.13
2.03
1.80
4.45
2.26
2.27
2.49
2.11
4.17
3.28
1.95
2.98
0.97
2.70
2.63
2.21
2.75
2.08
2.76
0.94
1.23
4.30
2.45
3.80
1.29
2.41
1.53
1.35
1.35
3.57
4.22
3.51
1.83
3.60
0.68
1.65
1.91
1.81
2.76
2.87
2.86
0.89
2.62
3.24
4.03
3.45
3.51
2.10
3.87
3.23
3.66
1.53
2.32
1.63
2.45
4.26
3.62
1.51
4.85
4.03
3.45
4.45
4.06
4.75
2.53
2.81
1.65
3.06
4.52
2.14
6.10
3.34
1.84
2.03
2.10
1.95
2.21
2.14
1.77
3.32
3.91
2.97
1.69
2.07
1.53
1.53
1.72
5.27
2.98
3.26
1.21
1.85
1.27
1.88
2.07
4.45
0.95
2.15
4.47
1.31
5.71
3.08
0.99
3.79
3.69
3.02
3.47
3.02
4.71
4.24
3.57
5.56
7.50
6.54
6.59
2.06
1.42
3.08
3.13
6.39
2.96
0.74
1.97
2.60
3.24
0.33
3.92
3.99
1.50
3.45
1.63
2.33
0.30
2.10
2.19
2.91
2.94
3.45
3.61
6.52
9.89
9.06
10.53
17.38
3.99
5.05
2.48
3.79
2.25
4.45
3.13
2.23
3.26
1.21
1.57
1.68
1.95
0.75
2.55
2.06
0.89
1.09
3.80
1.92
1.08
1.27
4.14
2.40
0.89
1.69
2.83
1.46
2.03
2.11
1.02
3.34
1.83
2.36
1.25
2.87
1.83
2.03
1.46
4.96
2.63
4.17
2.68
4.55
6.44
4.47
6.22
3.15
4.84
2.59
3.73
5.18
2.87
3.81
3.04
2.89
1.18
2.14
2.98
5.78
1.78
2.17
2.03
1.85
3.38
2.60
2.30
2.12
1.50
2.87
2.83
4.03
0.95
1.73
2.78
2.19
2.08
1.33
1.20
