GUESS    :MOVING_HI
STARTTIME:1290415108253
ENDTIME  :1290415121676
LOCALSPD :0.0
LONGSPD  :0.41670036
LOCATION :Location[mProvider=network,mTime=1290415075227,mLatitude=55.77049,mLongitude=12.500116,mHasAltitude=false,mAltitude=0.0,mHasSpeed=false,mSpeed=0.0,mHasBearing=false,mBearing=0.0,mHasAccuracy=true,mAccuracy=752.0,mExtras=Bundle[mParcelledData.dataSize=148]]
ADDRESS :

2.83
0.84
3.57
1.25
2.47
2.30
5.18
2.97
1.24
3.16
3.30
5.54
3.79
1.61
2.23
3.70
4.33
5.67
4.92
3.42
2.59
1.18
1.31
2.72
3.51
1.68
2.72
2.15
2.15
1.77
1.88
2.26
0.99
1.76
2.91
3.27
5.39
3.15
2.96
1.01
0.74
4.56
3.30
2.23
3.01
2.71
3.13
2.79
3.45
3.76
4.88
6.42
9.38
9.86
10.28
5.18
5.82
2.98
1.14
2.60
8.23
1.38
2.53
1.46
2.14
6.85
1.63
2.07
9.36
11.48
6.61
1.42
5.11
2.98
2.21
1.38
2.72
1.80
7.27
2.30
1.76
2.40
3.54
4.59
2.74
4.47
4.03
2.08
5.75
1.42
1.48
2.87
2.14
1.10
1.18
3.19
2.60
3.05
3.68
1.48
1.04
3.02
5.94
4.36
5.13
4.93
4.89
6.25
3.49
3.42
1.24
3.90
3.45
4.70
4.07
3.70
3.26
6.06
5.79
2.00
6.93
2.76
1.91
4.67
8.09
1.99
4.85
4.71
5.78
4.03
5.48
3.43
3.60
1.23
3.75
2.96
5.33
5.43
1.57
1.81
2.64
2.90
4.94
1.05
1.91
2.00
10.84
9.23
4.05
5.00
3.32
2.82
4.55
2.23
3.77
2.91
9.15
5.72
6.29
6.78
1.89
3.85
4.17
5.78
2.96
5.60
3.55
3.34
5.37
6.18
3.27
1.80
3.42
2.30
6.61
5.20
7.16
3.38
3.61
3.61
5.35
11.90
6.33
5.01
1.96
2.98
3.02
4.79
5.60
1.93
3.95
3.30
4.60
5.43
4.59
8.35
3.81
11.30
5.11
5.71
2.40
2.91
3.91
5.41
4.84
2.79
5.09
7.40
6.35
4.64
4.22
3.75
2.04
3.06
3.36
3.21
4.21
6.59
3.95
7.42
3.45
3.11
2.91
2.29
4.56
3.15
2.15
2.60
4.44
3.80
2.81
1.97
3.91
1.89
1.68
5.97
2.87
6.91
2.19
3.45
2.26
1.80
5.19
4.21
5.18
1.10
2.18
3.35
7.34
5.92
1.24
4.02
3.15
1.87
4.40
3.54
