GUESS    :MOVING_SM
STARTTIME:1290415430082
ENDTIME  :1290415444726
LOCALSPD :0.0
LONGSPD  :3.8969393
LOCATION :Location[mProvider=network,mTime=1290415442020,mLatitude=55.78234791,mLongitude=12.5140394,mHasAltitude=false,mAltitude=0.0,mHasSpeed=false,mSpeed=0.0,mHasBearing=false,mBearing=0.0,mHasAccuracy=true,mAccuracy=23.0,mExtras=Bundle[mParcelledData.dataSize=148]]
ADDRESS :

0.55
0.16
0.32
0.35
0.25
0.18
0.24
0.15
0.16
0.10
0.13
0.09
0.12
0.09
0.05
0.05
0.13
0.05
0.08
0.08
0.08
0.08
0.12
0.06
0.06
0.07
0.07
0.07
0.05
0.07
0.03
0.03
0.05
0.02
0.05
0.05
0.03
0.04
0.06
0.03
0.02
0.05
0.01
0.05
0.03
0.04
0.03
0.02
0.03
0.01
0.04
0.02
0.04
0.04
0.02
0.02
0.03
0.01
0.02
0.05
0.05
0.02
0.03
0.01
0.01
0.01
0.08
0.02
0.04
0.06
0.01
0.05
0.02
0.03
0.03
0.01
0.05
0.05
0.01
0.07
0.06
0.06
0.02
0.03
0.02
0.01
0.02
0.04
0.06
0.02
0.07
0.02
0.03
0.04
0.05
0.04
0.02
0.02
0.05
0.01
0.02
0.03
0.01
0.01
0.04
0.03
0.02
0.08
0.03
0.06
0.05
0.03
0.08
0.01
0.02
0.05
0.03
0.05
0.08
0.03
0.04
0.03
0.04
0.01
0.01
0.05
0.03
0.03
