GUESS    :MOVING_ME
STARTTIME:1290413136771
ENDTIME  :1290413151712
LOCALSPD :0.0
LONGSPD  :0.0
LOCATION :Location[mProvider=network,mTime=1290413144365,mLatitude=55.74957426666666,mLongitude=12.376717400000002,mHasAltitude=false,mAltitude=0.0,mHasSpeed=false,mSpeed=0.0,mHasBearing=false,mBearing=0.0,mHasAccuracy=true,mAccuracy=50.0,mExtras=Bundle[mParcelledData.dataSize=148]]
ADDRESS :

1.16
2.82
7.00
3.06
1.96
0.80
2.14
1.99
1.02
1.10
2.18
5.64
2.98
2.03
3.45
0.72
3.49
2.02
2.56
3.26
4.51
11.60
6.09
6.58
6.09
1.53
2.11
3.60
3.58
5.00
5.49
4.73
3.39
3.11
2.07
2.52
2.07
4.52
2.94
6.16
8.70
7.63
2.64
2.03
3.21
3.57
7.33
16.32
14.60
13.17
14.74
5.60
6.51
2.53
4.78
4.09
3.61
5.86
2.07
1.84
1.53
1.04
0.78
0.75
0.49
0.57
1.20
1.04
1.48
2.18
3.80
2.03
4.86
2.91
0.86
0.57
3.76
2.11
1.54
2.29
0.38
0.93
2.22
2.42
1.87
2.18
0.69
1.27
2.14
1.31
0.46
3.50
3.90
2.06
2.33
0.68
2.91
1.69
2.07
1.06
5.57
0.69
2.48
8.06
15.50
16.34
6.48
8.85
11.37
5.48
4.02
0.98
1.14
1.10
1.47
1.54
1.87
0.89
1.20
1.27
0.54
1.58
1.53
0.59
2.63
0.68
4.55
1.80
5.63
3.32
5.78
0.89
4.74
1.47
4.67
1.53
1.74
2.40
2.94
1.12
0.54
1.05
1.04
0.75
2.49
0.65
0.50
2.07
0.72
2.26
3.46
2.15
3.46
2.85
1.80
2.79
2.07
3.11
1.50
0.35
0.84
1.76
1.77
0.95
0.68
2.26
3.19
1.23
3.06
1.53
0.80
1.68
1.18
1.33
2.67
1.24
1.12
2.82
1.72
1.35
1.25
1.17
0.50
0.99
0.60
0.53
0.59
0.11
0.46
0.22
0.78
0.54
0.50
0.59
0.19
0.15
0.07
0.52
0.38
0.69
0.15
0.23
0.37
0.27
0.19
0.82
0.18
0.04
0.72
0.45
0.35
1.04
0.53
0.84
0.12
0.72
1.61
1.62
1.61
1.54
1.05
1.47
1.14
2.45
0.97
1.12
0.63
0.54
1.57
0.64
2.22
0.12
2.14
2.89
2.51
4.14
0.39
1.38
0.42
1.65
1.33
0.30
2.07
5.24
4.93
1.96
4.25
13.17
7.89
4.05
2.10
6.70
5.07
4.36
5.15
6.05
