GUESS    :IDLE
STARTTIME:1289168502090
ENDTIME  :1289168517199
LOCALSPD :0.0
LONGSPD  :-1.0
LOCATION :Location[mProvider=network,mTime=1289168477314,mLatitude=55.74953936666666,mLongitude=12.3765445,mHasAltitude=false,mAltitude=0.0,mHasSpeed=false,mSpeed=0.0,mHasBearing=false,mBearing=0.0,mHasAccuracy=true,mAccuracy=50.0,mExtras=Bundle[mParcelledData.dataSize=148]]
ADDRESS :

0.12
0.02
0.02
0.01
0.01
0.00
0.01
0.01
0.01
0.02
0.01
0.01
0.01
0.01
0.01
0.01
0.01
0.01
0.01
0.00
0.01
0.00
0.00
0.00
0.01
0.01
0.01
0.01
0.01
0.00
0.01
0.00
0.01
0.01
0.01
0.01
0.02
0.00
0.01
0.00
0.01
0.01
0.01
0.00
0.01
0.01
0.01
0.01
0.01
0.01
0.02
0.01
0.00
0.01
0.01
0.01
0.01
0.00
0.00
0.00
0.01
0.00
0.01
0.02
0.00
0.01
0.00
0.01
0.01
0.00
0.01
0.00
0.01
0.01
0.00
0.01
0.01
0.01
0.00
0.01
0.01
0.00
0.00
0.01
0.00
0.00
0.01
0.00
0.01
0.01
0.01
0.00
0.01
0.00
0.00
0.00
0.00
0.01
0.01
0.00
0.00
0.00
0.01
0.01
0.00
0.01
0.00
0.00
0.00
0.01
0.00
0.00
0.00
0.00
0.00
0.01
0.00
0.00
0.00
0.00
0.00
0.00
0.00
0.00
0.00
0.00
0.01
0.00
