GUESS    :MOVING_SM
STARTTIME:1289569353078
ENDTIME  :1289569367838
LOCALSPD :-1.0
LONGSPD  :-1.0
LOCATION :Location[mProvider=network,mTime=1289569354677,mLatitude=55.78248378571429,mLongitude=12.514047157142858,mHasAltitude=false,mAltitude=0.0,mHasSpeed=false,mSpeed=0.0,mHasBearing=false,mBearing=0.0,mHasAccuracy=true,mAccuracy=53.0,mExtras=Bundle[mParcelledData.dataSize=148]]
ADDRESS :

1.05
1.81
1.62
1.40
1.15
0.98
0.83
0.64
0.42
0.19
0.12
0.29
0.37
0.40
0.37
0.34
0.35
0.38
0.37
0.38
0.39
0.38
0.34
0.24
0.14
0.07
0.09
0.08
0.05
0.14
0.29
0.44
0.54
0.60
0.58
0.51
0.46
0.45
0.47
0.45
0.39
0.27
0.15
0.01
0.10
0.17
0.22
0.22
0.17
0.17
0.23
0.30
0.38
0.41
0.40
0.34
0.26
0.18
0.15
0.17
0.18
0.18
0.22
0.23
0.23
0.19
0.15
0.10
0.06
0.09
0.13
0.17
0.21
0.22
0.21
0.19
0.11
0.05
0.09
0.14
0.15
0.09
0.02
0.11
0.19
0.24
0.24
0.18
0.15
0.18
0.25
0.31
0.31
0.24
0.14
0.07
0.11
0.15
0.15
0.10
0.05
0.10
0.14
0.16
0.12
0.04
0.09
0.19
0.21
0.20
0.14
0.03
0.07
0.16
0.17
0.16
0.09
0.02
0.10
0.17
0.18
0.13
0.05
0.05
0.13
0.16
0.16
0.08
