GUESS    :MOVING_SM
STARTTIME:1287996248609
ENDTIME  :1287996262878
LOCALSPD :-1.0
LONGSPD  :-1.0
LOCATION :org.peterstrand.service.LocationWrapper@4499e530
ADDRESS :

0.23
9.53
0.08
0.04
0.08
0.08
0.08
0.08
0.46
0.11
0.07
0.16
0.08
0.08
0.08
0.08
0.12
0.08
0.12
0.08
0.12
0.08
0.08
0.04
0.08
0.12
0.08
0.04
0.04
0.12
0.12
0.16
0.12
0.04
0.04
0.08
0.08
0.20
0.16
0.04
0.08
0.12
0.04
0.12
0.12
0.12
0.04
0.08
0.08
0.04
0.12
0.04
0.12
0.12
0.04
0.12
0.08
0.12
0.08
0.08
0.08
0.04
0.08
0.08
0.08
0.08
0.12
0.04
0.04
0.08
0.08
0.04
0.08
0.08
0.04
0.04
0.04
0.15
0.11
0.08
0.08
0.11
0.11
0.19
0.11
0.19
0.08
0.31
0.20
0.25
0.08
0.23
0.15
0.20
0.15
0.20
0.35
0.08
0.35
0.16
0.49
0.35
0.29
0.53
0.42
0.27
0.25
0.19
0.31
0.12
0.12
0.12
0.16
0.20
0.16
0.12
0.12
0.08
0.12
0.08
0.12
0.15
0.19
0.19
0.19
0.16
0.16
0.08
0.18
0.34
0.08
0.15
0.18
0.23
0.16
0.16
0.04
0.08
0.08
0.12
0.16
0.08
0.12
0.12
0.12
0.12
0.12
0.04
0.08
0.08
0.16
0.29
0.29
0.12
0.20
0.12
0.12
0.23
0.23
0.08
0.11
0.07
0.16
0.12
0.12
0.16
0.16
0.12
0.08
0.15
0.11
0.12
0.08
0.04
0.12
0.08
0.04
0.12
0.12
0.08
0.04
0.15
0.03
0.12
0.08
0.25
0.04
0.23
0.29
0.29
0.26
0.23
0.04
0.08
0.12
0.04
0.12
0.19
0.11
0.12
0.15
0.07
0.03
0.11
0.04
0.04
0.04
0.11
0.11
0.12
0.04
0.16
0.16
0.08
0.08
0.12
0.08
0.08
0.12
0.08
0.08
0.12
0.12
0.08
0.04
0.12
0.08
0.07
0.03
0.18
0.11
0.11
0.08
0.12
0.12
0.12
0.08
0.03
0.08
0.11
0.15
0.15
0.11
0.11
0.08
0.08
0.08
0.03
0.04
0.07
0.12
0.04
0.07
0.15
0.12
0.07
