GUESS    :WALKING
STARTTIME:1289548394079
ENDTIME  :1289548408518
LOCALSPD :0.0
LONGSPD  :-1.0
LOCATION :Location[mProvider=network,mTime=1289548393266,mLatitude=55.749555175,mLongitude=12.376701624999999,mHasAltitude=false,mAltitude=0.0,mHasSpeed=false,mSpeed=0.0,mHasBearing=false,mBearing=0.0,mHasAccuracy=true,mAccuracy=50.0,mExtras=Bundle[mParcelledData.dataSize=148]]
ADDRESS :

2.79
2.49
3.84
1.18
2.07
1.46
0.97
0.15
2.29
4.62
1.33
6.96
3.24
2.85
2.49
2.22
1.13
2.23
1.10
1.46
0.91
1.20
4.39
3.85
2.91
3.02
2.15
1.21
2.33
2.81
3.11
2.47
1.88
0.63
1.44
4.97
8.01
7.59
2.45
5.64
3.49
1.78
1.50
1.35
1.02
5.58
7.46
6.47
5.78
5.37
2.34
3.45
1.12
3.94
1.13
4.54
2.30
2.71
8.81
7.01
2.90
3.08
2.47
2.37
2.30
2.08
1.08
2.02
1.43
2.40
1.69
4.10
6.82
4.63
6.67
4.02
4.85
2.03
0.89
0.95
1.81
2.63
3.49
7.85
5.15
6.01
3.58
2.03
0.97
0.89
3.02
3.26
1.46
2.98
7.29
5.01
3.26
3.87
2.26
0.93
0.69
1.42
3.45
1.43
5.15
9.08
3.57
1.10
5.20
2.67
2.64
2.30
2.57
2.29
1.57
6.70
7.55
4.22
4.48
3.47
2.41
2.86
2.10
1.40
3.45
4.73
5.11
7.16
6.66
2.06
4.17
1.14
2.47
1.80
3.17
2.94
2.26
4.51
5.27
6.43
4.09
3.06
1.53
2.68
1.54
6.51
4.59
6.29
8.73
5.33
3.17
4.41
2.87
2.02
1.01
4.33
2.41
3.23
5.82
3.60
3.28
3.87
1.69
6.02
2.07
3.79
0.89
5.16
2.17
1.80
6.35
5.64
3.61
4.69
3.47
1.38
1.88
1.72
1.84
1.43
3.06
8.74
2.52
4.14
2.33
4.86
2.14
2.71
1.92
3.68
3.51
6.78
6.03
5.67
5.20
3.09
1.95
1.18
0.68
2.96
1.81
3.06
4.21
7.38
3.13
5.58
2.52
0.95
1.12
0.82
2.10
3.72
2.78
6.02
6.61
2.96
4.40
2.53
2.75
2.23
1.18
2.04
2.87
0.97
4.21
5.60
5.76
6.36
5.86
4.40
1.61
2.15
1.12
5.12
2.71
3.11
6.74
5.42
3.41
3.57
2.34
1.04
0.54
0.87
1.69
2.07
1.57
2.81
7.55
3.68
5.71
6.42
2.10
1.73
1.18
1.18
