GUESS    :IDLE
STARTTIME:1288010121768
ENDTIME  :1288010137967
LOCALSPD :0.0
LONGSPD  :-1.0
LOCATION :org.peterstrand.service.LocationWrapper@4498fd78
ADDRESS :

0.08
0.08
0.08
0.04
0.04
0.07
0.15
0.08
0.15
0.25
0.15
0.25
0.31
0.23
0.27
0.15
0.16
0.19
0.20
0.15
0.20
0.23
0.25
0.39
0.11
0.38
0.04
0.19
0.08
0.08
0.19
0.04
0.15
0.04
0.12
0.07
0.15
0.08
0.08
0.04
0.04
0.08
0.04
0.08
0.11
0.15
0.20
0.04
0.08
0.04
0.04
0.08
0.12
0.07
0.03
0.04
0.12
0.04
0.08
0.04
0.04
0.08
0.04
0.08
0.04
0.04
0.04
0.04
0.12
0.12
0.08
0.04
0.04
0.04
0.12
0.12
0.11
0.03
0.04
0.08
0.12
0.04
0.08
0.08
0.04
0.12
0.16
0.04
0.04
0.08
0.08
0.12
0.04
0.08
0.04
0.11
0.04
0.11
0.11
0.04
0.11
0.12
0.15
0.04
0.07
0.04
0.11
0.12
0.07
0.07
0.11
0.04
0.12
0.04
0.08
0.04
0.08
0.04
0.08
0.08
0.08
0.12
0.15
0.15
0.04
0.08
0.04
0.04
0.08
0.11
0.19
0.12
0.12
0.08
0.04
0.12
0.16
0.08
0.04
0.08
0.08
0.04
0.04
0.04
0.16
0.08
0.12
0.16
0.12
0.08
0.07
0.15
0.04
0.04
0.08
0.04
0.08
0.08
0.08
0.16
0.12
0.11
0.07
0.08
0.08
0.12
0.04
0.08
0.08
0.04
0.04
0.08
0.11
0.03
0.04
0.08
0.15
0.12
0.07
0.08
0.12
0.08
0.08
0.04
0.07
0.11
0.11
0.07
0.04
0.08
0.04
0.08
0.07
0.07
0.08
0.04
0.04
0.12
0.04
0.04
0.04
0.04
0.08
0.07
0.12
0.11
0.08
0.07
0.15
0.07
0.08
0.11
0.04
0.04
0.04
0.08
0.15
0.11
0.11
0.03
0.16
0.12
0.03
0.11
0.04
0.04
0.12
0.12
0.03
0.07
0.04
0.07
0.07
0.12
0.04
0.07
0.11
0.04
0.04
0.04
0.08
0.08
0.04
0.04
0.07
0.07
0.08
0.11
0.11
0.03
0.07
0.07
0.11
0.04
0.08
0.07
