GUESS    :MOVING_ME
STARTTIME:1289403493071
ENDTIME  :1289403507010
LOCALSPD :3.2078514
LONGSPD  :1.2660102
LOCATION :Location[mProvider=network,mTime=1289403502603,mLatitude=55.76826787,mLongitude=12.49889205,mHasAltitude=false,mAltitude=0.0,mHasSpeed=false,mSpeed=0.0,mHasBearing=false,mBearing=0.0,mHasAccuracy=true,mAccuracy=39.0,mExtras=Bundle[mParcelledData.dataSize=148]]
ADDRESS :

2.53
1.61
1.35
3.24
2.25
1.65
1.50
2.08
2.30
1.76
2.91
3.26
1.95
2.83
2.72
2.87
1.16
2.89
2.03
1.27
1.04
1.50
1.99
1.88
1.80
3.17
1.40
0.64
2.47
2.26
1.80
1.77
1.27
1.61
1.04
2.19
1.12
0.78
1.16
1.59
1.69
2.49
0.42
1.95
2.97
2.15
1.58
1.31
2.34
1.70
2.67
2.08
1.20
2.22
2.11
1.28
2.42
1.50
0.34
3.32
2.03
2.72
0.98
4.24
1.54
2.87
2.85
1.69
3.70
2.56
2.53
1.28
1.63
0.49
3.60
1.65
3.53
1.14
2.03
0.65
1.88
2.81
0.59
2.66
0.93
2.10
2.85
0.99
1.33
0.93
5.98
4.10
4.90
1.18
3.45
0.37
0.27
3.61
2.17
1.92
2.14
5.18
0.93
3.85
2.38
1.50
2.53
3.02
1.10
1.76
2.71
2.45
2.57
0.95
1.04
2.40
4.45
2.25
4.45
1.77
0.95
1.59
2.26
1.44
1.77
5.01
1.70
3.76
2.64
5.27
1.20
2.08
2.90
1.61
1.51
2.22
3.21
1.08
0.78
2.07
1.88
2.87
3.28
1.95
3.50
0.78
2.41
1.06
1.84
1.02
1.27
2.00
1.47
2.79
2.71
1.72
1.66
1.27
2.94
1.73
0.71
4.47
2.72
2.57
1.85
2.22
0.50
1.74
4.17
3.81
3.69
3.91
4.29
2.72
2.91
2.63
2.25
3.95
6.28
2.53
3.51
2.62
2.29
3.60
2.27
3.53
2.19
1.53
0.99
1.65
4.52
2.63
1.50
2.06
1.31
1.80
2.04
1.18
2.68
2.30
0.78
4.49
0.49
3.02
2.53
2.07
1.81
3.11
0.98
1.39
1.80
2.07
1.14
2.11
2.98
0.76
1.14
2.56
1.76
0.83
2.56
1.48
1.08
1.46
3.50
2.66
1.87
4.81
1.10
1.02
2.32
1.77
2.02
2.18
1.85
1.23
1.91
1.05
1.59
1.10
2.42
0.95
1.73
1.16
3.49
4.15
2.22
1.85
1.48
3.45
0.87
2.00
1.88
1.99
1.33
3.04
