GUESS    :MOVING_SM
STARTTIME:1289402280480
ENDTIME  :1289402295799
LOCALSPD :0.0
LONGSPD  :-1.0
LOCATION :Location[mProvider=network,mTime=1289402236737,mLatitude=55.782497189999994,mLongitude=12.513933250000001,mHasAltitude=false,mAltitude=0.0,mHasSpeed=false,mSpeed=0.0,mHasBearing=false,mBearing=0.0,mHasAccuracy=true,mAccuracy=53.0,mExtras=Bundle[mParcelledData.dataSize=148]]
ADDRESS :

0.33
0.50
0.46
0.40
0.32
0.23
0.16
0.12
0.12
0.15
0.19
0.22
0.24
0.25
0.25
0.22
0.20
0.17
0.12
0.08
0.04
0.02
0.03
0.05
0.05
0.07
0.08
0.08
0.09
0.09
0.08
0.07
0.05
0.03
0.01
0.03
0.05
0.06
0.07
0.08
0.08
0.08
0.06
0.05
0.03
0.02
0.01
0.03
0.04
0.07
0.08
0.08
0.07
0.06
0.06
0.04
0.02
0.01
0.00
0.02
0.02
0.03
0.03
0.03
0.03
0.02
0.02
0.02
0.01
0.01
0.02
0.03
0.03
0.03
0.03
0.03
0.03
0.03
0.02
0.03
0.04
0.04
0.04
0.06
0.06
0.07
0.07
0.07
0.07
0.06
0.06
0.06
0.05
0.06
0.06
0.07
0.07
0.08
0.08
0.08
0.07
0.07
0.06
0.06
0.06
0.06
0.05
0.05
0.05
0.04
0.03
0.02
0.01
0.01
0.01
0.02
0.01
0.02
0.02
0.03
0.03
0.03
0.04
0.05
0.05
0.06
0.06
0.07
