GUESS    :MOVING_ME
STARTTIME:1289403865005
ENDTIME  :1289403879089
LOCALSPD :17.252567
LONGSPD  :3.8528
LOCATION :Location[mProvider=network,mTime=1289403869027,mLatitude=55.784781,mLongitude=12.514802,mHasAltitude=false,mAltitude=0.0,mHasSpeed=false,mSpeed=0.0,mHasBearing=false,mBearing=0.0,mHasAccuracy=true,mAccuracy=643.0,mExtras=Bundle[mParcelledData.dataSize=148]]
ADDRESS :

1.57
3.21
0.93
3.62
3.21
1.68
1.38
2.57
1.16
2.22
1.12
3.26
1.25
1.62
1.24
1.77
1.20
1.76
1.01
2.51
3.76
2.34
1.81
1.42
1.14
3.04
3.28
4.33
2.70
1.47
2.19
2.81
1.85
3.06
2.37
3.83
1.99
3.20
3.05
3.72
1.46
2.02
1.81
2.11
1.99
0.57
0.53
2.94
1.78
3.09
0.97
2.03
2.94
0.79
1.57
0.76
0.53
1.39
2.06
2.38
2.83
0.57
1.65
1.84
2.40
2.10
1.78
2.70
2.75
0.87
2.71
2.34
0.65
1.84
2.67
1.44
0.93
2.34
1.12
3.51
3.24
3.09
4.94
5.83
7.31
5.31
4.86
0.57
1.69
3.96
3.38
4.51
2.71
4.86
1.91
2.52
3.49
3.88
4.14
4.70
2.47
2.49
0.95
4.56
6.47
1.09
3.47
1.01
1.95
0.72
0.34
1.06
1.27
0.72
1.29
1.61
1.09
1.16
2.72
1.61
1.88
1.80
2.94
2.98
1.38
1.17
1.91
1.78
4.54
2.34
1.18
1.06
2.15
2.98
1.06
2.44
1.35
2.27
2.90
2.87
2.04
2.30
1.51
3.68
4.10
1.63
0.97
2.82
4.18
1.61
1.95
1.13
2.25
2.10
2.71
4.22
3.06
1.38
0.90
0.97
2.34
1.12
6.28
5.39
2.15
5.03
1.96
3.24
1.46
0.22
1.47
2.47
1.89
3.28
2.97
4.11
0.98
7.65
7.76
4.75
1.38
3.98
2.70
1.88
3.80
0.80
2.30
4.41
2.98
5.27
1.58
2.21
2.64
3.49
5.30
4.26
1.35
5.87
9.00
7.56
2.56
2.33
4.70
4.03
3.61
1.54
2.79
3.72
4.69
0.64
3.26
1.83
3.87
2.30
2.64
1.02
4.18
3.13
4.52
2.67
3.54
9.83
5.18
5.88
3.45
2.98
6.28
5.80
0.87
1.25
1.29
0.75
0.72
0.82
0.78
1.74
2.17
1.91
2.75
1.63
1.12
1.85
0.68
1.28
3.61
2.45
2.48
3.34
1.88
3.16
1.76
3.36
3.34
3.60
1.76
0.80
