GUESS    :MOVING_HI
STARTTIME:1289404271820
ENDTIME  :1289404284679
LOCALSPD :0.0
LONGSPD  :4.401165
LOCATION :Location[mProvider=network,mTime=1289404234046,mLatitude=55.784781,mLongitude=12.514802,mHasAltitude=false,mAltitude=0.0,mHasSpeed=false,mSpeed=0.0,mHasBearing=false,mBearing=0.0,mHasAccuracy=true,mAccuracy=643.0,mExtras=Bundle[mParcelledData.dataSize=148]]
ADDRESS :

1.05
3.19
4.39
3.42
3.62
4.05
4.56
11.81
5.75
3.43
3.84
4.22
2.63
2.29
5.19
3.99
1.83
2.08
2.33
1.65
2.30
2.14
3.57
1.81
2.41
1.42
3.51
1.27
1.66
2.83
4.00
4.85
2.76
4.64
2.64
4.47
7.12
2.68
5.53
8.54
10.27
4.89
2.87
6.52
2.49
6.65
1.91
2.44
2.23
0.61
3.87
2.75
7.65
2.72
5.09
2.37
3.43
1.43
4.07
2.30
1.80
0.97
4.99
1.42
3.46
0.89
2.17
2.18
1.28
4.21
4.86
5.20
5.22
1.08
2.41
1.68
6.97
5.30
1.63
6.71
10.19
5.13
3.60
2.30
2.26
2.10
4.13
5.43
8.92
11.41
2.55
8.83
1.65
4.90
2.57
2.17
7.22
2.32
4.02
0.78
1.50
1.76
2.41
1.31
3.95
5.49
1.95
7.91
6.92
6.88
5.12
6.28
1.50
3.02
6.44
1.72
6.73
5.63
3.38
5.63
2.10
6.43
1.39
1.87
2.03
2.74
2.87
1.73
1.87
2.52
4.48
5.09
1.65
2.83
1.96
2.47
5.97
4.30
4.22
6.52
0.33
4.15
2.72
4.47
2.76
2.91
5.49
2.14
1.73
3.36
1.66
1.46
3.28
1.50
3.87
4.40
7.25
8.32
2.94
7.44
7.75
16.25
21.33
14.23
11.65
6.48
16.82
6.27
10.80
5.18
5.26
3.39
1.18
1.33
0.41
3.69
3.35
2.41
8.54
4.25
3.76
0.57
2.19
7.53
3.64
2.30
3.54
3.21
3.46
4.36
14.67
6.10
10.37
4.17
4.20
9.07
9.72
15.01
4.44
1.16
2.82
4.90
7.89
3.91
8.00
4.48
4.75
6.97
3.06
4.86
1.23
2.38
0.89
1.91
2.03
1.24
2.37
0.50
1.39
0.71
1.02
2.00
1.44
1.21
2.10
0.54
1.08
0.53
3.09
3.53
0.83
1.84
0.80
0.74
2.03
3.95
3.30
1.61
1.89
0.57
2.25
3.64
1.87
3.76
3.98
3.01
2.87
6.36
3.30
3.20
2.52
1.89
1.77
1.66
0.42
1.48
