GUESS    :MOVING_ME
STARTTIME:1289404587610
ENDTIME  :1289404600469
LOCALSPD :0.0
LONGSPD  :0.0
LOCATION :Location[mProvider=network,mTime=1289404545706,mLatitude=55.784781,mLongitude=12.514802,mHasAltitude=false,mAltitude=0.0,mHasSpeed=false,mSpeed=0.0,mHasBearing=false,mBearing=0.0,mHasAccuracy=true,mAccuracy=643.0,mExtras=Bundle[mParcelledData.dataSize=148]]
ADDRESS :

2.77
0.75
0.52
0.97
0.62
0.21
0.46
0.39
0.23
0.70
0.31
0.37
0.36
0.41
0.40
0.31
0.38
0.32
0.22
0.18
0.30
0.13
0.17
0.34
0.12
0.06
0.02
0.06
0.21
0.12
0.10
0.30
0.17
0.02
0.22
0.17
0.08
0.18
0.24
0.13
0.25
0.36
0.26
0.11
0.42
0.18
0.16
0.41
0.23
0.18
0.12
0.08
0.11
0.31
0.26
0.39
0.38
0.26
0.30
0.29
0.21
0.12
0.17
0.18
0.08
0.07
0.03
0.25
0.07
0.11
0.09
0.15
0.11
0.02
0.17
0.01
0.10
0.14
0.09
0.05
0.09
0.24
0.08
0.02
0.06
0.20
0.12
0.15
0.17
0.06
0.07
0.11
0.12
0.11
0.09
0.13
0.21
0.37
0.26
0.27
0.12
0.03
0.16
0.24
0.17
0.11
0.07
0.22
0.08
0.20
0.14
0.05
0.16
0.22
0.18
0.08
0.32
0.20
0.21
0.02
0.32
0.04
0.19
0.19
0.28
0.17
0.12
0.04
