GUESS    :MOVING_ME
STARTTIME:1289404627320
ENDTIME  :1289404640199
LOCALSPD :0.0
LONGSPD  :0.0
LOCATION :Location[mProvider=network,mTime=1289404611723,mLatitude=55.784781,mLongitude=12.514802,mHasAltitude=false,mAltitude=0.0,mHasSpeed=false,mSpeed=0.0,mHasBearing=false,mBearing=0.0,mHasAccuracy=true,mAccuracy=643.0,mExtras=Bundle[mParcelledData.dataSize=148]]
ADDRESS :

7.16
6.71
3.53
9.33
2.34
6.25
4.63
6.01
0.95
1.18
2.76
0.34
1.04
0.69
2.15
0.64
1.69
1.96
0.95
2.15
1.92
1.69
1.85
1.63
1.46
1.57
1.42
2.68
0.87
0.53
1.25
0.72
0.93
0.79
0.65
1.81
0.45
1.46
2.19
0.54
0.95
4.44
2.15
3.91
1.65
4.18
1.96
0.89
0.93
2.15
1.01
1.47
0.76
1.01
1.76
0.26
1.13
2.25
1.53
2.64
2.22
1.20
2.62
2.40
1.35
1.35
0.78
1.72
1.68
3.26
4.02
3.19
1.54
2.72
0.61
1.76
1.73
2.89
0.64
2.45
2.49
2.91
1.46
5.46
7.85
2.38
5.73
4.22
3.38
4.48
1.81
2.33
1.47
1.28
2.97
1.27
0.53
0.87
0.97
1.20
1.42
2.33
1.84
1.35
1.12
1.24
1.43
0.72
1.76
1.73
0.91
0.65
1.06
0.50
1.25
0.61
1.59
2.11
0.46
0.78
0.46
1.35
0.42
1.13
2.19
2.15
1.58
2.29
1.43
0.08
1.73
1.23
0.61
3.19
1.35
2.48
1.42
3.15
1.23
1.57
0.49
1.50
1.36
1.99
0.61
2.02
0.86
1.38
2.03
0.61
0.78
0.82
1.17
1.05
0.38
1.31
0.45
2.19
2.11
1.42
0.26
0.67
1.04
0.90
2.17
1.18
1.72
0.95
2.26
3.17
2.22
1.77
1.24
1.27
1.61
2.06
1.54
2.18
1.97
3.08
4.03
2.03
4.92
4.39
7.10
4.54
1.42
6.36
0.79
2.90
3.57
2.81
2.94
4.21
5.60
0.68
3.06
3.46
3.32
3.79
2.23
1.04
0.78
0.68
1.43
2.08
0.76
1.42
1.01
1.18
1.70
2.82
3.88
2.14
1.14
5.28
1.76
2.37
1.58
2.79
5.98
2.41
2.98
2.60
2.42
8.73
6.20
4.77
10.72
10.19
5.45
10.69
8.54
3.94
5.64
7.04
6.76
4.48
3.84
2.11
2.32
1.04
2.18
5.12
3.76
4.78
3.49
4.03
3.26
1.85
2.68
4.90
0.83
5.64
2.62
1.46
