GUESS    :MOVING_ME
STARTTIME:1289404770020
ENDTIME  :1289404782859
LOCALSPD :0.0
LONGSPD  :0.0
LOCATION :Location[mProvider=network,mTime=1289404736712,mLatitude=55.784781,mLongitude=12.514802,mHasAltitude=false,mAltitude=0.0,mHasSpeed=false,mSpeed=0.0,mHasBearing=false,mBearing=0.0,mHasAccuracy=true,mAccuracy=643.0,mExtras=Bundle[mParcelledData.dataSize=148]]
ADDRESS :

4.56
2.42
2.18
2.89
3.11
0.89
4.62
2.49
1.31
1.23
1.59
3.57
2.37
1.73
1.87
2.30
1.57
0.27
3.26
1.88
3.11
1.53
0.42
3.54
2.25
3.87
3.32
1.91
3.05
0.90
4.07
0.57
1.93
3.34
1.87
4.81
1.18
5.48
1.62
3.21
1.29
4.85
3.60
1.51
2.56
7.44
8.09
5.35
5.22
14.45
5.18
3.53
12.14
10.57
8.39
8.12
5.33
5.82
5.60
1.50
0.97
1.14
4.30
1.99
3.26
0.49
2.11
1.18
2.62
2.27
1.05
1.44
1.92
0.99
1.14
1.08
0.53
1.35
1.35
2.11
0.89
1.23
1.69
1.57
0.90
2.10
0.64
1.20
1.69
2.15
2.22
1.53
1.24
0.95
1.77
1.38
2.14
2.10
1.04
1.16
2.74
2.19
2.47
1.28
0.89
0.76
2.94
1.96
4.17
1.92
4.60
2.47
4.02
1.62
1.21
1.48
5.20
2.63
6.05
2.87
4.33
5.43
2.33
4.22
0.50
2.72
0.87
3.90
2.90
2.04
3.60
3.41
4.88
2.36
1.33
2.98
1.28
1.04
3.00
1.54
1.25
4.44
1.33
1.76
2.83
0.38
2.02
0.75
1.99
0.39
1.23
1.51
1.27
1.48
1.25
3.09
1.38
2.90
2.19
2.18
0.79
1.16
2.71
1.84
1.76
0.31
2.76
0.76
0.93
1.85
3.30
0.50
1.92
2.89
2.75
2.11
1.54
1.73
2.38
1.16
1.77
4.06
3.53
2.42
3.12
1.76
0.67
1.29
0.97
1.66
1.42
3.28
2.71
3.61
3.26
0.53
4.73
2.37
4.03
3.53
1.76
3.68
4.14
9.77
5.94
11.37
2.75
4.29
6.09
2.45
6.25
1.27
1.91
3.08
0.99
0.89
0.84
0.76
0.27
2.90
5.43
1.61
6.92
3.76
2.60
0.80
0.53
0.93
3.17
1.96
0.38
2.64
2.33
1.02
2.48
2.48
2.56
2.22
1.04
1.54
1.29
0.57
2.11
1.65
1.87
1.04
1.73
2.18
0.63
1.39
1.61
0.50
1.27
2.03
1.18
1.76
