GUESS    :MOVING_ME
STARTTIME:1289404809270
ENDTIME  :1289404822129
LOCALSPD :0.0
LONGSPD  :0.0
LOCATION :Location[mProvider=network,mTime=1289404797513,mLatitude=55.784781,mLongitude=12.514802,mHasAltitude=false,mAltitude=0.0,mHasSpeed=false,mSpeed=0.0,mHasBearing=false,mBearing=0.0,mHasAccuracy=true,mAccuracy=643.0,mExtras=Bundle[mParcelledData.dataSize=148]]
ADDRESS :

2.12
2.17
1.13
1.93
1.65
1.66
1.58
1.25
0.91
0.99
1.14
0.95
2.48
0.67
1.65
2.53
2.06
3.11
2.22
4.03
1.42
1.10
1.33
1.63
1.38
1.61
1.72
1.53
1.57
3.05
1.13
2.47
3.20
1.80
1.43
1.14
1.63
2.11
2.98
2.03
1.84
1.23
1.63
3.15
0.76
1.09
2.14
2.52
2.53
1.61
1.51
1.73
1.01
0.99
1.58
1.65
1.33
1.25
1.92
1.84
1.25
2.22
1.39
1.61
0.57
0.95
1.10
1.06
0.61
1.17
0.95
1.25
2.70
0.93
2.00
2.49
0.35
2.72
2.18
1.38
1.21
1.68
2.52
1.29
0.60
0.99
0.68
1.02
0.68
1.23
1.38
0.64
1.53
0.84
0.86
1.78
0.80
0.99
0.87
1.46
0.94
1.02
2.00
0.76
0.42
0.67
1.14
0.38
1.58
0.53
1.01
1.87
0.53
0.76
0.49
0.65
1.48
1.14
1.44
1.76
1.04
1.33
1.16
0.60
0.56
0.57
0.50
0.54
0.31
0.46
0.27
0.49
0.49
1.14
0.26
0.38
0.53
1.06
0.64
0.97
0.57
0.23
0.20
0.12
0.26
0.37
0.38
0.75
0.19
0.80
0.71
0.53
0.31
0.90
0.83
1.06
1.05
0.57
1.76
1.77
3.88
5.22
2.71
2.87
2.30
3.26
2.91
2.81
7.12
6.03
10.71
5.56
4.64
5.69
2.96
0.67
3.88
9.48
7.15
4.29
8.65
3.30
2.27
4.66
2.03
1.14
2.75
2.22
1.96
1.29
0.95
1.18
0.42
1.10
1.80
1.31
1.31
3.54
1.99
2.00
1.16
0.91
0.98
2.40
0.95
6.14
1.23
3.73
0.57
0.80
1.99
1.77
1.68
2.87
2.75
0.80
0.59
1.66
3.43
4.17
2.90
1.99
0.63
0.53
1.25
1.69
0.79
1.04
0.61
0.60
0.60
0.48
0.53
0.56
0.39
0.35
0.46
0.76
0.69
0.78
0.90
0.95
2.04
0.72
2.08
1.57
1.85
1.46
0.61
0.45
0.60
0.61
1.04
1.44
0.95
0.79
