GUESS    :MOVING_SM
STARTTIME:1289404967860
ENDTIME  :1289404980749
LOCALSPD :0.0
LONGSPD  :17.309765
LOCATION :Location[mProvider=network,mTime=1289404925176,mLatitude=55.74957028,mLongitude=12.376873,mHasAltitude=false,mAltitude=0.0,mHasSpeed=false,mSpeed=0.0,mHasBearing=false,mBearing=0.0,mHasAccuracy=true,mAccuracy=50.0,mExtras=Bundle[mParcelledData.dataSize=148]]
ADDRESS :

0.78
0.43
0.35
0.51
0.15
0.20
0.24
0.09
0.13
0.25
0.11
0.13
0.11
0.05
0.06
0.08
0.01
0.03
0.12
0.09
0.02
0.10
0.12
0.02
0.06
0.05
0.05
0.07
0.06
0.05
0.04
0.05
0.05
0.04
0.05
0.09
0.08
0.06
0.11
0.04
0.04
0.09
0.05
0.06
0.04
0.07
0.01
0.08
0.04
0.04
0.09
0.09
0.06
0.12
0.09
0.08
0.09
0.06
0.02
0.02
0.06
0.04
0.08
0.04
0.09
0.05
0.05
0.08
0.04
0.05
0.11
0.03
0.09
0.10
0.08
0.05
0.12
0.06
0.05
0.06
0.05
0.03
0.11
0.11
0.02
0.07
0.02
0.02
0.06
0.07
0.02
0.07
0.04
0.02
0.05
0.02
0.01
0.02
0.05
0.02
0.09
0.06
0.03
0.08
0.02
0.08
0.07
0.02
0.07
0.02
0.03
0.07
0.10
0.03
0.06
0.05
0.02
0.06
0.03
0.07
0.01
0.07
0.06
0.04
0.05
0.02
0.08
0.05
