GUESS    :WALKING
STARTTIME:1289402872960
ENDTIME  :1289402885840
LOCALSPD :6.5533586
LONGSPD  :2.7254655
LOCATION :Location[mProvider=network,mTime=1289402795854,mLatitude=55.77130390999999,mLongitude=12.502516949999999,mHasAltitude=false,mAltitude=0.0,mHasSpeed=false,mSpeed=0.0,mHasBearing=false,mBearing=0.0,mHasAccuracy=true,mAccuracy=24.0,mExtras=Bundle[mParcelledData.dataSize=148]]
ADDRESS :

2.82
0.79
0.06
0.18
0.16
0.08
0.06
0.22
0.13
0.13
0.08
0.18
0.18
0.02
0.21
0.15
0.12
0.17
0.49
0.69
0.44
0.51
0.35
1.04
0.86
0.10
0.32
0.25
0.19
0.21
0.26
0.07
0.18
0.11
0.20
0.18
0.19
0.26
0.14
0.19
0.14
0.07
0.15
0.19
0.13
0.20
0.17
0.28
0.20
0.28
0.21
0.08
0.12
0.18
0.13
0.15
0.22
0.26
0.11
0.10
0.23
0.14
0.07
0.19
0.08
0.11
0.18
0.15
0.16
0.38
0.48
0.10
0.29
0.09
0.20
0.26
0.22
0.06
0.09
0.12
0.24
0.24
0.19
0.17
0.12
0.10
0.10
0.07
0.17
0.03
0.24
0.02
0.04
0.18
0.15
0.22
0.15
0.26
0.16
0.09
0.14
0.15
0.13
0.33
0.10
0.13
0.11
0.15
0.09
0.16
0.16
0.25
0.12
0.07
0.17
0.22
0.28
0.23
0.20
0.04
0.22
0.13
0.16
0.15
0.07
0.23
0.27
0.21
