GUESS    :MOVING_SM
STARTTIME:1289402992751
ENDTIME  :1289403005849
LOCALSPD :15.838214
LONGSPD  :3.1980329
LOCATION :Location[mProvider=network,mTime=1289402959083,mLatitude=55.771883,mLongitude=12.501746,mHasAltitude=false,mAltitude=0.0,mHasSpeed=false,mSpeed=0.0,mHasBearing=false,mBearing=0.0,mHasAccuracy=true,mAccuracy=60.0,mExtras=Bundle[mParcelledData.dataSize=148]]
ADDRESS :

0.82
1.14
0.84
0.16
0.80
0.42
0.27
0.27
0.27
0.31
0.31
0.38
0.27
0.22
0.34
0.61
0.22
0.57
0.79
0.30
0.53
0.38
0.48
0.41
0.61
0.42
0.75
0.16
0.03
0.15
0.12
0.27
0.07
0.12
0.08
0.15
0.04
0.11
0.04
0.15
0.30
0.11
0.19
0.11
0.11
0.08
0.08
0.08
0.14
0.14
0.08
0.07
0.04
0.04
0.08
0.10
0.07
0.15
0.10
0.22
0.18
0.20
0.04
0.22
0.14
0.16
0.23
0.03
0.26
0.26
0.14
0.04
0.08
0.20
0.38
0.19
0.72
0.74
0.38
0.57
0.38
0.50
0.31
0.39
0.19
0.19
0.54
0.12
0.20
0.42
0.23
0.25
0.20
0.15
0.30
0.25
0.11
0.23
0.31
0.64
0.20
0.63
0.42
0.33
0.31
0.33
0.41
0.50
0.25
0.15
0.30
0.33
0.15
0.19
0.27
0.31
0.27
0.12
0.20
0.23
0.19
0.04
0.12
0.42
0.42
0.22
0.15
0.35
0.23
0.11
0.15
0.12
0.07
0.26
0.29
0.03
0.16
0.18
0.49
0.23
0.35
0.38
0.45
0.25
0.16
0.60
0.29
0.91
0.57
1.23
0.53
0.57
0.15
0.57
0.26
0.19
0.44
0.15
0.30
0.07
0.19
0.20
0.15
0.19
0.15
0.12
0.15
0.04
0.11
0.27
0.38
0.23
0.16
0.07
0.11
0.14
0.04
0.15
0.31
0.27
0.18
0.27
0.10
0.23
0.35
0.16
0.12
0.14
0.12
0.45
0.22
0.87
0.69
1.10
0.30
0.56
0.46
0.15
0.80
0.42
0.72
0.61
0.74
0.74
0.27
0.46
0.38
0.59
0.33
0.27
0.74
0.68
0.50
0.60
0.72
0.46
0.68
1.68
1.31
1.57
1.25
1.54
1.92
0.31
0.86
3.20
5.94
2.83
3.36
3.85
2.22
4.32
2.53
0.93
2.22
0.90
1.12
1.20
6.21
3.19
2.62
1.54
1.10
2.08
0.60
1.38
0.82
1.31
1.76
1.21
2.37
7.46
5.58
2.33
1.23
3.15
