GUESS    :MOVING_ME
STARTTIME:1289403099720
ENDTIME  :1289403112769
LOCALSPD :0.0
LONGSPD  :0.9609167
LOCATION :Location[mProvider=network,mTime=1289403079121,mLatitude=55.77175005,mLongitude=12.501908575,mHasAltitude=false,mAltitude=0.0,mHasSpeed=false,mSpeed=0.0,mHasBearing=false,mBearing=0.0,mHasAccuracy=true,mAccuracy=59.0,mExtras=Bundle[mParcelledData.dataSize=148]]
ADDRESS :

0.04
0.12
0.08
0.15
0.11
0.04
0.08
0.08
0.08
0.04
0.16
0.12
0.08
0.14
0.05
0.08
0.16
0.12
0.12
0.12
0.04
0.08
0.08
0.07
0.04
0.03
0.08
0.12
0.08
0.04
0.12
0.04
0.08
0.12
0.15
0.16
0.08
0.11
0.03
0.08
0.20
0.18
0.08
0.11
0.15
0.14
0.20
0.12
0.16
0.23
0.49
0.59
0.34
0.34
0.54
0.08
0.12
0.08
0.60
0.29
0.34
0.31
0.19
0.64
0.78
0.78
0.27
0.61
0.79
2.70
2.57
1.14
2.37
0.99
2.14
0.72
3.45
1.85
1.73
1.88
0.67
4.58
2.00
1.32
1.66
2.26
2.21
4.26
4.00
1.09
0.42
1.88
0.26
0.68
2.37
3.79
3.64
6.01
6.93
6.80
2.55
1.83
3.42
2.26
4.06
1.54
0.76
0.31
0.38
0.87
2.11
1.39
4.21
3.55
18.03
17.38
5.33
8.36
12.29
16.25
9.36
6.12
2.49
1.46
2.11
1.63
0.54
1.57
1.80
1.68
0.95
1.96
2.03
1.04
0.76
0.52
1.18
0.89
0.80
1.14
0.89
0.46
1.85
2.42
5.33
2.41
2.87
3.83
2.49
1.01
1.04
1.54
1.04
1.54
0.89
1.92
4.22
4.48
6.17
4.10
1.81
0.50
1.16
1.91
1.12
8.27
1.81
3.94
4.47
4.54
1.06
2.38
2.56
1.74
1.72
1.96
4.36
1.57
1.46
11.11
6.82
9.04
5.27
0.53
5.56
1.99
4.37
3.38
3.38
2.57
8.08
9.29
0.84
2.38
3.83
0.63
1.58
3.30
2.15
3.87
1.65
5.12
2.89
6.70
4.06
0.49
3.00
2.45
1.08
4.41
2.34
2.67
5.12
4.45
2.60
2.00
0.37
0.93
1.29
1.54
2.68
4.18
2.00
6.58
2.79
6.16
5.04
3.45
2.00
2.55
2.19
4.70
3.55
8.16
6.17
4.37
1.33
3.76
0.23
0.79
1.12
2.22
2.47
4.56
11.81
4.10
9.93
4.36
4.71
1.44
4.45
5.16
7.68
5.05
6.54
4.67
