GUESS    :WALKING
STARTTIME:1289403349170
ENDTIME  :1289403362070
LOCALSPD :0.0
LONGSPD  :0.14320318
LOCATION :Location[mProvider=network,mTime=1289403319419,mLatitude=55.77238681,mLongitude=12.500967519999998,mHasAltitude=false,mAltitude=0.0,mHasSpeed=false,mSpeed=0.0,mHasBearing=false,mBearing=0.0,mHasAccuracy=true,mAccuracy=56.0,mExtras=Bundle[mParcelledData.dataSize=148]]
ADDRESS :

3.38
2.11
1.14
0.42
0.82
0.23
0.48
0.40
0.27
0.30
0.20
0.33
0.23
0.24
0.13
0.22
0.46
0.21
0.63
0.48
0.52
0.20
0.24
0.14
0.13
0.48
1.27
1.02
0.42
0.58
0.17
0.15
0.21
0.27
0.15
0.23
0.22
0.16
0.04
0.05
0.21
0.22
0.19
0.15
0.19
0.40
0.13
0.30
0.14
0.09
0.04
0.11
0.13
0.32
0.14
0.30
0.09
0.29
0.14
0.39
0.37
0.00
0.18
0.10
0.11
0.10
0.28
0.31
0.23
0.06
0.15
0.17
0.23
0.27
0.20
0.18
0.08
0.09
0.09
0.29
0.32
0.29
0.34
0.22
0.12
0.02
0.11
0.21
0.19
0.21
0.43
0.29
0.15
0.45
0.29
0.07
0.08
0.19
0.26
0.37
0.21
0.17
0.11
0.08
0.12
0.20
0.25
0.01
0.37
0.21
0.34
0.20
0.17
0.18
0.07
0.15
0.33
0.05
0.11
0.33
0.49
0.13
0.43
0.19
0.15
0.08
0.36
0.24
