GUESS    :MOVING_HI
STARTTIME:1289494000656
ENDTIME  :1289494013594
LOCALSPD :0.75347114
LONGSPD  :2.218644
LOCATION :Location[mProvider=network,mTime=1289493999094,mLatitude=55.758748,mLongitude=12.422397,mHasAltitude=false,mAltitude=0.0,mHasSpeed=false,mSpeed=0.0,mHasBearing=false,mBearing=0.0,mHasAccuracy=true,mAccuracy=821.0,mExtras=Bundle[mParcelledData.dataSize=148]]
ADDRESS :

3.41
1.18
0.19
0.81
0.93
0.71
0.85
0.94
0.52
0.28
0.72
0.60
0.47
0.37
0.12
0.09
0.27
0.38
0.53
0.16
0.43
0.36
0.06
0.36
0.34
0.08
0.51
0.51
0.20
0.17
0.44
0.49
0.12
0.15
0.24
0.24
0.43
0.34
0.41
0.23
0.13
0.17
0.19
0.16
0.21
0.47
0.12
0.27
0.27
0.23
0.22
0.07
0.24
0.24
0.38
0.35
0.52
0.25
0.10
0.28
0.24
0.12
0.18
0.26
0.22
0.22
0.16
0.13
0.19
0.07
0.21
0.24
0.13
0.23
0.20
0.11
0.25
0.23
0.33
0.11
0.04
0.28
0.21
0.17
0.39
0.27
0.01
0.24
0.37
0.23
0.29
0.62
0.45
0.08
0.56
0.27
0.26
0.38
0.27
0.18
0.19
0.15
0.30
0.11
0.17
0.14
0.35
0.35
0.31
0.20
0.08
0.18
0.34
0.14
0.15
0.41
0.06
0.51
0.46
0.17
0.27
0.43
0.44
0.05
0.63
0.60
0.34
0.29
