GUESS    :MOVING_ME
STARTTIME:1289494079666
ENDTIME  :1289494093254
LOCALSPD :3.543068
LONGSPD  :4.986976
LOCATION :Location[mProvider=network,mTime=1289494089168,mLatitude=55.75471415,mLongitude=12.41098375,mHasAltitude=false,mAltitude=0.0,mHasSpeed=false,mSpeed=0.0,mHasBearing=false,mBearing=0.0,mHasAccuracy=true,mAccuracy=184.0,mExtras=Bundle[mParcelledData.dataSize=148]]
ADDRESS :

2.71
1.26
0.44
0.36
0.14
0.30
0.48
0.77
0.57
0.21
0.04
0.06
0.23
0.28
0.18
0.59
0.75
0.19
0.08
0.01
0.24
0.36
0.26
0.20
0.25
0.07
0.18
0.22
0.20
0.28
0.42
0.18
0.21
0.30
0.21
0.06
0.15
0.18
0.02
0.09
0.07
0.16
0.33
0.09
0.30
0.15
0.10
0.23
0.21
0.29
0.34
0.10
0.07
0.17
0.28
0.20
0.17
0.28
0.12
0.20
0.13
0.17
0.05
0.04
0.07
0.11
0.19
0.17
0.07
0.11
0.12
0.13
0.11
0.13
0.19
0.09
0.22
0.13
0.05
0.13
0.12
0.12
0.20
0.02
0.22
0.11
0.23
0.16
0.06
0.06
0.23
0.19
0.17
0.15
0.07
0.11
0.20
0.27
0.18
0.22
0.20
0.13
0.23
0.15
0.18
0.11
0.11
0.15
0.22
0.36
0.09
0.32
0.28
0.17
0.10
0.03
0.04
0.07
0.28
0.21
0.13
0.32
0.29
0.15
0.27
0.36
0.09
0.44
