GUESS    :MOVING_ME
STARTTIME:1289493392606
ENDTIME  :1289493405455
LOCALSPD :4.768676
LONGSPD  :4.5581613
LOCATION :Location[mProvider=network,mTime=1289493386129,mLatitude=55.765030233333334,mLongitude=12.473443366666666,mHasAltitude=false,mAltitude=0.0,mHasSpeed=false,mSpeed=0.0,mHasBearing=false,mBearing=0.0,mHasAccuracy=true,mAccuracy=102.0,mExtras=Bundle[mParcelledData.dataSize=148]]
ADDRESS :

2.91
0.31
0.30
0.26
0.59
0.11
0.63
0.29
0.19
0.13
0.67
0.21
0.09
0.21
0.37
0.23
0.28
0.29
0.21
0.08
0.40
0.25
0.46
0.27
0.20
0.24
0.12
0.31
0.10
0.16
0.17
0.25
0.08
0.06
0.31
0.21
0.10
0.14
0.10
0.15
0.11
0.14
0.29
0.14
0.23
0.15
0.07
0.16
0.14
0.26
0.18
0.06
0.27
0.14
0.10
0.15
0.19
0.17
0.10
0.10
0.03
0.19
0.16
0.07
0.12
0.10
0.23
0.01
0.15
0.09
0.12
0.16
0.13
0.20
0.15
0.27
0.13
0.19
0.05
0.10
0.11
0.20
0.10
0.09
0.21
0.05
0.08
0.28
0.11
0.09
0.07
0.14
0.22
0.15
0.23
0.17
0.07
0.07
0.28
0.09
0.14
0.25
0.35
0.01
0.18
0.30
0.15
0.15
0.35
0.09
0.24
0.17
0.26
0.09
0.23
0.31
0.41
0.18
0.05
0.11
0.18
0.21
0.23
0.09
0.09
0.34
0.17
0.13
