GUESS    :MOVING_SM
STARTTIME:1289332151253
ENDTIME  :1289332164775
LOCALSPD :0.0
LONGSPD  :0.0
LOCATION :Location[mProvider=network,mTime=1289332162301,mLatitude=55.74958615,mLongitude=12.3767289,mHasAltitude=false,mAltitude=0.0,mHasSpeed=false,mSpeed=0.0,mHasBearing=false,mBearing=0.0,mHasAccuracy=true,mAccuracy=50.0,mExtras=Bundle[mParcelledData.dataSize=148]]
ADDRESS :

0.68
0.33
0.18
0.15
0.10
0.16
0.16
0.16
0.18
0.10
0.05
0.21
0.22
0.07
0.02
0.12
0.09
0.07
0.14
0.08
0.13
0.03
0.08
0.20
0.17
0.10
0.06
0.01
0.05
0.08
0.16
0.08
0.10
0.10
0.05
0.07
0.02
0.03
0.04
0.01
0.11
0.02
0.10
0.04
0.05
0.10
0.04
0.05
0.11
0.07
0.07
0.02
0.08
0.10
0.01
0.01
0.07
0.09
0.01
0.03
0.05
0.04
0.05
0.09
0.11
0.06
0.10
0.04
0.08
0.04
0.06
0.04
0.07
0.03
0.05
0.08
0.02
0.08
0.05
0.01
0.02
0.01
0.01
0.02
0.01
0.05
0.05
0.05
0.03
0.07
0.06
0.04
0.04
0.02
0.01
0.05
0.03
0.04
0.06
0.03
0.03
0.07
0.04
0.05
0.02
0.03
0.01
0.03
0.02
0.03
0.06
0.08
0.02
0.02
0.02
0.04
0.04
0.05
0.04
0.05
0.04
0.07
0.04
0.04
0.04
0.03
0.03
0.07
