GUESS    :IDLE
STARTTIME:1287921919014
ENDTIME  :1287921935227
LOCALSPD :-2.0
LONGSPD  :-2.0
LOCATION :org.peterstrand.service.LocationWrapper@44ae1520
ADDRESS :

0.19
0.14
0.07
0.10
0.07
0.04
0.08
0.04
0.08
0.04
0.08
0.07
0.11
0.19
0.11
0.04
0.04
0.03
0.04
0.11
0.04
0.03
0.03
0.04
0.19
0.12
0.15
0.15
0.08
0.08
0.04
0.11
0.03
0.07
0.07
0.07
0.08
0.07
0.08
0.03
0.07
0.08
0.08
0.08
0.08
0.11
0.11
0.12
0.08
0.04
0.04
0.08
0.04
0.04
0.08
0.16
0.04
0.12
0.04
0.12
0.04
0.08
0.04
0.04
0.11
0.11
0.12
0.08
0.12
0.08
0.08
0.08
0.08
0.08
0.08
0.04
0.04
0.04
0.04
0.20
0.12
0.04
0.08
0.04
0.12
0.12
0.08
0.08
0.04
0.08
0.04
0.04
0.08
0.04
0.04
0.04
0.08
0.08
0.08
0.04
0.03
0.07
0.07
0.08
0.11
0.04
0.07
0.15
0.11
0.15
0.04
0.08
0.08
0.08
0.08
0.08
0.12
0.08
0.08
0.04
0.04
0.08
0.12
0.04
0.08
0.08
0.08
0.20
0.12
0.08
0.04
0.04
0.04
0.04
0.23
0.22
0.11
0.08
0.12
0.12
0.08
0.04
0.04
0.12
0.08
0.19
0.16
0.08
0.11
0.04
0.08
0.12
0.08
0.07
0.11
0.08
0.16
0.23
0.19
0.04
0.11
0.19
0.12
0.04
0.03
0.03
0.07
0.07
0.08
0.15
0.03
0.12
0.12
0.07
0.07
0.03
0.03
0.08
0.08
0.03
0.07
0.04
0.08
0.03
0.07
0.04
0.08
0.04
0.16
0.19
0.11
0.08
0.04
0.04
0.04
0.08
0.04
0.04
0.08
0.04
0.11
0.08
0.11
0.20
0.15
0.15
0.04
0.11
0.19
0.12
0.11
0.08
0.07
0.12
0.15
0.04
0.04
0.04
0.08
0.15
0.04
0.11
0.04
0.04
0.03
0.04
0.04
0.08
0.08
0.15
0.08
0.11
0.08
0.04
0.04
0.04
0.04
0.12
0.12
0.08
0.04
0.04
0.04
0.04
0.04
0.08
0.04
0.08
0.04
0.08
0.12
0.12
0.07
0.11
0.12
0.15
