GUESS    :MOVING_SM
STARTTIME:1287921822301
ENDTIME  :1287921837905
LOCALSPD :0.018636284
LONGSPD  :0.018636284
LOCATION :org.peterstrand.service.LocationWrapper@44ab7220
ADDRESS :

0.63
0.89
0.78
0.65
0.52
0.51
0.52
0.45
0.49
0.44
0.33
0.30
0.26
0.24
0.33
0.32
0.28
0.27
0.22
0.20
0.25
0.25
0.26
0.23
0.15
0.13
0.09
0.05
0.07
0.09
0.07
0.08
0.02
0.09
0.08
0.13
0.10
0.07
0.05
0.05
0.08
0.12
0.12
0.12
0.11
0.07
0.06
0.08
0.09
0.10
0.10
0.05
0.03
0.03
0.07
0.09
0.12
0.10
0.08
0.06
0.05
0.09
0.11
0.10
0.11
0.11
0.08
0.09
0.12
0.14
0.16
0.16
0.13
0.11
0.09
0.10
0.13
0.13
0.14
0.14
0.13
0.13
0.13
0.14
0.13
0.15
0.14
0.15
0.14
0.13
0.13
0.13
0.14
0.15
0.13
0.11
0.10
0.10
0.09
0.07
0.06
0.02
0.02
0.02
0.02
0.02
0.03
0.03
0.03
0.04
0.05
0.06
0.04
0.04
0.04
0.05
0.07
0.09
0.06
0.06
0.07
0.07
0.09
0.09
0.08
0.07
0.06
0.06
