GUESS    :WALKING
STARTTIME:1289924001120
ENDTIME  :1289924014040
LOCALSPD :0.0
LONGSPD  :0.37944913
LOCATION :Location[mProvider=network,mTime=1289923970067,mLatitude=50.9009453,mLongitude=4.4815071,mHasAltitude=false,mAltitude=0.0,mHasSpeed=false,mSpeed=0.0,mHasBearing=false,mBearing=0.0,mHasAccuracy=true,mAccuracy=90.0,mExtras=Bundle[mParcelledData.dataSize=148]]
ADDRESS :

4.63
3.46
2.90
5.33
7.07
2.68
3.75
2.67
0.80
2.83
3.30
6.13
3.19
6.99
8.58
1.39
3.21
2.60
1.14
2.91
5.07
4.11
2.38
6.81
8.05
4.89
2.79
2.40
2.33
2.57
4.44
5.45
2.45
3.15
12.60
8.28
5.45
3.75
2.34
1.31
5.09
4.25
2.38
4.55
13.25
4.40
2.79
4.88
1.50
2.40
4.79
2.98
4.62
1.38
10.50
6.47
2.34
3.90
4.54
1.04
4.28
4.30
3.32
2.38
5.73
7.31
4.36
2.60
3.02
2.15
2.53
4.25
4.21
2.83
2.41
12.15
7.63
5.43
3.42
2.82
1.76
4.36
4.03
3.26
5.64
12.38
6.97
2.26
3.84
4.40
0.93
4.56
3.95
4.18
3.61
9.74
6.71
1.39
3.68
2.71
1.04
2.56
4.25
4.45
3.43
8.06
6.02
2.83
2.64
3.32
0.35
2.62
3.09
5.09
2.22
4.21
11.18
6.43
3.75
4.25
2.87
0.86
2.93
1.99
2.29
2.76
3.49
5.67
7.27
3.84
2.49
3.76
1.54
3.15
2.81
2.11
5.20
6.58
9.87
4.11
3.77
1.97
3.04
1.06
2.15
2.26
3.16
1.53
2.26
5.43
3.95
3.69
2.79
1.48
2.66
1.42
2.00
2.44
1.31
1.43
4.18
6.82
3.02
3.98
2.57
2.68
1.69
1.04
2.18
2.75
2.49
5.35
5.71
3.65
3.02
3.17
1.92
1.14
2.71
3.19
5.18
2.86
5.75
9.51
6.82
3.24
1.54
2.00
1.18
1.57
2.89
3.26
2.79
3.99
5.56
6.14
3.83
1.96
1.29
0.65
2.18
3.27
3.60
2.90
6.63
7.59
3.34
3.87
1.92
2.08
0.38
2.23
3.60
3.70
2.70
4.13
7.46
4.63
1.42
2.91
2.55
1.66
3.57
4.09
4.06
4.40
13.91
2.41
3.05
2.76
0.91
1.59
1.99
2.94
2.71
3.47
8.65
6.01
1.99
1.68
2.27
0.63
2.17
2.32
4.11
3.23
4.75
9.96
3.84
4.41
0.93
2.83
1.88
0.94
3.51
4.32
