GUESS    :MOVING_ME
STARTTIME:1287646696467
ENDTIME  :1287646711228
LOCATION :Location[mProvider=network,mTime=1287646697269,mLatitude=55.74958615,mLongitude=12.3767289,mHasAltitude=false,mAltitude=0.0,mHasSpeed=false,mSpeed=0.0,mHasBearing=false,mBearing=0.0,mHasAccuracy=true,mAccuracy=50.0,mExtras=Bundle[mParcelledData.dataSize=148]]
ADDRESS :

1.36
1.51
0.55
1.02
0.43
0.39
0.59
0.31
0.37
0.35
0.15
0.26
0.25
0.24
0.34
0.24
0.10
0.10
0.04
0.13
0.18
0.20
0.24
0.27
0.26
0.16
0.16
0.12
0.13
0.25
0.27
0.31
0.19
0.07
0.11
0.09
0.04
0.16
0.21
0.11
0.08
0.12
0.10
0.01
0.10
0.12
0.05
0.11
0.13
0.09
0.05
0.11
0.16
0.19
0.11
0.14
0.12
0.09
0.13
0.08
0.10
0.15
0.12
0.07
0.07
0.06
0.08
0.09
0.19
0.25
0.13
0.12
0.18
0.16
0.09
0.02
0.05
0.06
0.10
0.03
0.09
0.19
0.18
0.09
0.06
0.05
0.11
0.18
0.16
0.05
0.08
0.16
0.15
0.10
0.10
0.10
0.08
0.06
0.08
0.07
0.09
0.11
0.11
0.10
0.07
0.11
0.16
0.16
0.11
0.04
0.04
0.02
0.08
0.11
0.08
0.03
0.04
0.08
0.16
0.21
0.15
0.07
0.09
0.08
0.05
0.05
0.08
0.08
