GUESS    :MOVING_SM
STARTTIME:1289225200272
ENDTIME  :1289225213766
LOCALSPD :-1.0
LONGSPD  :-1.0
LOCATION :Location[mProvider=network,mTime=1289225191092,mLatitude=55.782505320000006,mLongitude=12.513908330000001,mHasAltitude=false,mAltitude=0.0,mHasSpeed=false,mSpeed=0.0,mHasBearing=false,mBearing=0.0,mHasAccuracy=true,mAccuracy=53.0,mExtras=Bundle[mParcelledData.dataSize=148]]
ADDRESS :

9.58
5.26
0.16
0.25
0.19
0.16
0.23
0.12
0.04
0.04
0.08
0.23
0.19
0.12
0.15
0.31
0.15
0.68
0.49
0.45
1.04
0.72
0.75
0.34
0.30
0.18
0.57
0.45
0.34
0.30
0.12
0.12
0.11
0.10
0.05
0.18
0.15
0.10
0.15
0.12
0.04
0.12
0.08
0.25
0.16
0.12
0.08
0.04
0.11
0.11
0.08
0.20
0.12
0.08
0.20
0.04
0.25
0.23
0.16
0.11
0.26
0.42
0.46
1.04
0.35
0.18
0.23
0.27
0.15
0.15
0.15
0.07
0.11
0.15
0.12
0.16
0.15
0.15
0.04
0.08
0.12
0.04
0.11
0.12
0.08
0.16
0.04
0.08
0.16
0.04
0.07
0.11
0.11
0.04
0.04
0.23
0.15
0.23
0.11
0.12
0.23
0.12
0.16
0.07
0.15
0.23
0.39
0.25
0.30
0.38
0.20
0.20
0.34
0.12
0.16
0.11
0.25
0.18
0.27
0.27
0.15
0.27
0.31
0.03
0.33
0.11
0.38
0.16
0.38
0.07
0.19
0.11
0.23
0.14
0.12
0.23
0.07
0.45
0.19
0.27
0.69
0.87
0.50
0.35
0.26
0.30
0.35
0.18
0.59
0.30
0.16
0.61
0.68
0.08
0.23
0.50
0.38
0.41
0.27
0.07
0.08
0.11
0.22
0.23
0.16
0.12
0.08
0.11
0.08
0.16
0.20
0.14
0.12
0.05
0.11
0.12
0.23
0.23
0.12
0.19
0.19
0.11
0.14
0.19
0.23
0.38
0.29
0.31
0.23
0.16
0.14
0.04
0.18
0.08
0.26
0.08
0.19
0.12
0.19
0.11
0.12
0.08
0.15
0.18
0.07
0.29
0.07
0.20
0.05
0.08
0.27
0.11
0.12
0.30
0.23
0.38
0.27
0.42
0.29
0.41
0.19
0.50
0.29
1.09
0.53
0.50
0.46
0.46
0.12
0.30
0.33
0.19
0.46
0.37
0.37
0.26
0.08
0.30
0.15
0.18
0.14
0.12
0.30
0.07
0.08
0.19
0.15
0.11
0.16
0.23
0.16
0.11
0.19
0.22
0.25
0.27
