GUESS    :MOVING_ME
STARTTIME:1289400224823
ENDTIME  :1289400238753
LOCALSPD :0.0
LONGSPD  :0.1809634
LOCATION :Location[mProvider=network,mTime=1289400193890,mLatitude=55.782555925,mLongitude=12.513862224999999,mHasAltitude=false,mAltitude=0.0,mHasSpeed=false,mSpeed=0.0,mHasBearing=false,mBearing=0.0,mHasAccuracy=true,mAccuracy=53.0,mExtras=Bundle[mParcelledData.dataSize=148]]
ADDRESS :

0.04
0.04
0.04
0.04
0.08
0.08
0.08
0.04
0.04
0.04
0.08
0.04
0.04
0.04
0.04
0.04
0.04
0.08
0.04
0.12
0.12
0.08
0.08
0.04
0.08
0.04
0.12
0.04
0.04
0.04
0.08
0.08
0.08
0.04
0.08
0.07
0.15
0.08
0.12
0.08
0.04
0.20
0.12
0.08
0.12
0.12
0.04
0.16
0.08
0.12
0.08
0.08
0.08
0.04
0.04
0.12
0.08
0.04
0.04
0.12
0.12
0.04
0.04
0.08
0.04
0.08
0.08
0.12
0.16
0.08
0.08
0.12
0.08
0.12
0.08
0.04
0.08
0.08
0.50
0.54
0.08
0.20
0.08
0.12
0.08
0.08
0.08
0.08
0.08
0.12
0.08
0.57
0.80
0.46
1.01
0.80
1.89
5.79
3.02
5.09
2.30
2.96
1.04
2.98
1.77
0.65
1.24
1.76
2.41
8.57
6.78
4.06
5.83
4.75
3.39
0.37
1.91
0.99
1.36
2.62
1.25
1.58
1.87
2.76
2.82
2.90
2.18
2.07
2.87
1.66
1.24
1.50
0.83
2.87
1.14
0.31
2.52
1.28
2.60
2.72
1.35
1.04
2.23
1.84
1.42
1.62
0.90
2.25
2.68
3.02
2.89
3.45
3.31
3.20
6.44
7.23
4.85
2.45
7.74
9.37
1.92
1.77
1.65
4.43
2.23
1.35
1.25
0.56
3.26
4.10
5.18
5.82
8.93
5.57
5.22
2.49
1.92
1.08
1.53
1.76
1.91
1.69
1.53
3.76
4.55
5.86
4.74
2.62
1.85
3.43
1.21
2.49
4.06
3.65
2.76
2.18
5.26
9.21
14.66
8.31
5.64
13.09
13.88
12.03
8.24
1.04
5.76
3.53
2.18
10.46
14.25
2.41
2.11
2.68
0.12
0.04
0.20
0.20
0.12
0.08
0.12
0.12
0.12
0.08
0.08
0.04
0.04
0.08
0.12
0.08
0.04
0.08
0.08
0.04
0.08
0.08
0.12
0.08
0.08
0.12
0.04
0.08
0.08
0.08
0.08
0.16
0.08
0.08
0.08
0.04
0.16
0.12
0.08
0.08
0.16
0.08
