GUESS    :WALKING
STARTTIME:1289914389846
ENDTIME  :1289914402985
LOCALSPD :-1.0
LONGSPD  :-1.0
LOCATION :Location[mProvider=network,mTime=1289914392588,mLatitude=55.628879299999994,mLongitude=12.644658983333331,mHasAltitude=false,mAltitude=0.0,mHasSpeed=false,mSpeed=0.0,mHasBearing=false,mBearing=0.0,mHasAccuracy=true,mAccuracy=60.0,mExtras=Bundle[mParcelledData.dataSize=148]]
ADDRESS :

2.56
0.34
1.99
0.59
0.56
0.35
2.52
1.77
3.70
2.10
4.02
4.52
1.29
0.61
0.72
3.43
1.48
2.22
1.81
1.31
1.08
1.76
1.48
1.72
3.15
5.82
2.41
3.00
1.83
1.16
1.69
0.78
0.95
0.84
5.13
1.59
1.25
2.75
4.10
1.18
1.96
0.80
0.46
0.11
0.60
0.34
0.68
1.33
4.26
2.79
5.60
3.83
2.27
3.34
2.40
1.36
0.84
2.27
4.41
2.00
3.01
2.17
3.95
2.06
0.99
1.10
0.39
1.04
0.38
0.65
1.83
2.00
1.39
1.05
2.55
5.20
1.62
1.69
1.73
1.57
1.46
0.68
0.95
5.57
1.88
1.17
2.79
3.42
2.59
1.06
2.26
0.84
1.16
0.39
2.03
1.12
1.04
1.43
2.62
10.42
2.62
3.41
1.14
2.21
2.32
1.96
0.84
3.88
4.13
2.91
5.38
4.74
1.40
1.31
2.30
1.61
1.46
1.88
0.99
1.35
2.38
1.96
1.46
1.88
3.75
1.38
2.81
1.80
2.83
0.78
0.56
1.08
4.33
3.19
3.28
3.94
4.86
2.33
2.07
1.05
0.97
1.33
2.06
1.96
1.42
2.18
3.04
1.33
5.90
4.14
1.96
2.44
2.94
1.16
0.72
1.29
0.54
2.93
2.53
2.45
2.71
4.99
1.89
0.69
0.89
0.95
0.45
1.50
1.63
1.29
1.23
3.06
1.88
8.09
2.59
3.11
3.27
2.60
1.13
0.69
1.42
4.37
2.30
3.01
2.78
4.03
1.20
0.61
0.46
0.44
0.46
0.48
1.46
2.75
3.21
2.07
5.73
5.30
2.15
3.20
2.87
1.06
0.71
0.39
3.05
3.98
1.70
1.80
3.99
1.72
1.20
1.02
0.87
0.33
0.46
1.61
1.24
1.12
1.87
1.55
3.23
5.86
1.65
1.84
3.09
0.98
0.93
0.80
0.97
2.74
2.02
1.24
0.95
3.72
2.26
1.77
0.84
1.12
0.53
0.50
0.82
1.08
2.19
1.88
2.00
3.24
5.92
1.08
1.91
2.04
0.99
1.02
0.69
0.75
4.14
2.14
