GUESS    :MOVING_SM
STARTTIME:1289915844685
ENDTIME  :1289915857971
LOCALSPD :0.0
LONGSPD  :0.0
LOCATION :Location[mProvider=network,mTime=1289915818985,mLatitude=55.62686238,mLongitude=12.6452921,mHasAltitude=false,mAltitude=0.0,mHasSpeed=false,mSpeed=0.0,mHasBearing=false,mBearing=0.0,mHasAccuracy=true,mAccuracy=62.0,mExtras=Bundle[mParcelledData.dataSize=148]]
ADDRESS :

1.11
0.28
0.26
0.19
0.06
0.16
0.23
0.14
0.12
0.19
0.08
0.06
0.16
0.15
0.19
0.15
0.31
0.17
0.10
0.23
0.08
0.18
0.02
0.17
0.12
0.06
0.10
0.03
0.08
0.22
0.13
0.15
0.24
0.01
0.12
0.16
0.00
0.05
0.12
0.09
0.11
0.01
0.06
0.07
0.11
0.14
0.06
0.07
0.13
0.02
0.11
0.03
0.04
0.07
0.07
0.07
0.08
0.09
0.10
0.03
0.07
0.14
0.02
0.03
0.08
0.02
0.12
0.06
0.05
0.05
0.08
0.08
0.05
0.11
0.01
0.03
0.03
0.02
0.08
0.08
0.09
0.02
0.01
0.07
0.05
0.06
0.01
0.07
0.04
0.02
0.07
0.07
0.03
0.01
0.04
0.01
0.07
0.04
0.03
0.03
0.03
0.07
0.00
0.05
0.07
0.07
0.05
0.02
0.08
0.06
0.09
0.04
0.03
0.07
0.05
0.05
0.05
0.01
0.10
0.04
0.15
0.10
0.09
0.07
0.09
0.07
0.11
0.11
