GUESS    :MOVING_SM
STARTTIME:1289915884925
ENDTIME  :1289915897794
LOCALSPD :0.0
LONGSPD  :0.0
LOCATION :Location[mProvider=network,mTime=1289915866307,mLatitude=55.62686238,mLongitude=12.6452921,mHasAltitude=false,mAltitude=0.0,mHasSpeed=false,mSpeed=0.0,mHasBearing=false,mBearing=0.0,mHasAccuracy=true,mAccuracy=62.0,mExtras=Bundle[mParcelledData.dataSize=148]]
ADDRESS :

0.65
0.39
1.14
1.04
1.12
0.69
0.19
0.23
0.20
0.42
0.82
0.35
0.93
0.35
0.63
0.27
0.78
0.49
0.37
0.45
0.52
0.29
0.25
0.39
0.68
0.37
0.22
0.74
0.26
0.50
0.27
0.15
0.49
0.46
0.99
1.08
1.27
0.80
0.34
0.91
0.93
1.43
1.12
0.60
0.84
0.41
1.01
0.64
0.45
0.31
0.57
0.97
0.97
0.42
0.65
0.46
1.02
1.24
0.04
0.54
0.45
0.50
0.35
0.79
0.29
0.83
0.45
0.16
0.38
0.30
0.41
0.46
1.35
1.10
1.25
0.99
0.30
1.31
0.12
1.06
1.04
1.80
1.04
1.63
0.97
0.38
0.22
0.80
0.16
0.50
0.95
0.68
0.69
0.82
0.68
1.32
0.42
1.10
0.65
1.08
1.29
1.69
0.69
0.72
0.90
2.22
1.88
2.72
0.72
2.76
0.49
2.30
0.67
1.09
1.69
1.29
0.46
0.20
0.53
0.53
0.93
0.53
0.46
1.17
0.86
0.18
0.57
0.97
0.99
0.86
1.08
0.93
1.62
0.79
0.80
0.49
1.08
1.25
0.86
1.12
0.76
1.84
2.18
0.68
0.84
1.23
1.25
0.68
0.48
0.64
1.04
0.61
1.23
0.64
1.10
0.45
0.65
0.65
0.57
0.30
0.26
0.31
0.74
0.33
0.49
0.50
0.42
0.54
0.27
0.54
0.84
0.31
0.72
0.84
0.87
0.74
0.87
0.50
0.97
0.39
0.68
0.59
0.72
0.79
1.39
1.61
1.17
0.65
0.71
1.61
1.44
0.95
1.59
0.49
2.07
1.77
0.95
0.54
0.56
0.39
0.76
0.72
0.54
1.54
0.82
1.55
0.29
1.10
0.12
0.08
0.38
0.19
0.74
0.42
0.45
0.50
0.16
0.50
0.37
0.34
0.12
0.31
0.16
0.44
0.15
0.25
0.04
0.68
0.33
0.84
0.31
0.23
0.15
0.12
0.19
0.50
1.18
0.97
0.65
0.61
0.39
0.99
0.64
1.16
0.65
0.78
1.40
1.42
0.94
1.20
0.95
0.53
1.66
1.99
1.42
0.83
