GUESS    :MOVING_ME
STARTTIME:1289915910996
ENDTIME  :1289915924845
LOCALSPD :0.0
LONGSPD  :0.0
LOCATION :Location[mProvider=network,mTime=1289915912052,mLatitude=55.626841600000006,mLongitude=12.6460044,mHasAltitude=false,mAltitude=0.0,mHasSpeed=false,mSpeed=0.0,mHasBearing=false,mBearing=0.0,mHasAccuracy=true,mAccuracy=70.0,mExtras=Bundle[mParcelledData.dataSize=148]]
ADDRESS :

3.26
1.24
1.57
1.61
0.42
1.70
3.94
4.30
3.69
5.18
2.12
1.92
4.24
2.03
2.71
3.45
5.05
1.80
2.75
3.38
2.90
5.64
3.68
0.89
0.97
2.38
3.54
4.03
3.87
6.76
2.21
4.36
1.84
0.99
3.27
4.47
4.49
4.33
5.60
2.75
3.11
2.03
0.38
0.76
3.12
5.13
5.22
2.32
3.77
6.21
1.91
1.59
2.37
3.34
4.90
3.54
5.78
1.61
2.81
3.57
0.91
1.70
1.93
3.53
2.08
3.06
3.64
2.52
1.80
1.20
0.30
0.91
1.54
2.98
1.99
2.06
3.91
0.83
1.53
1.53
2.96
3.85
2.48
3.17
3.02
2.96
3.49
3.84
3.17
1.84
1.14
1.46
1.12
0.63
1.54
1.99
2.08
2.07
2.76
2.91
0.67
2.98
2.30
4.52
3.64
2.57
2.03
2.25
1.92
4.86
2.22
2.33
4.06
2.83
2.68
0.63
2.64
2.53
2.96
4.93
2.15
1.38
4.60
2.76
4.82
3.50
3.60
3.68
2.33
4.75
3.02
2.51
7.04
4.39
0.94
2.25
2.93
1.68
0.89
2.62
1.72
1.25
3.69
3.70
3.04
1.33
0.80
1.85
1.02
1.58
2.41
1.85
3.61
1.18
2.33
4.33
3.31
1.20
0.84
1.62
1.29
0.67
1.27
1.47
2.02
1.05
1.01
3.36
4.90
4.56
5.72
1.69
3.43
2.22
1.50
4.89
3.13
7.03
10.73
11.18
4.10
4.44
2.07
3.17
4.10
4.59
2.42
2.26
1.68
2.38
2.17
2.76
4.21
2.42
2.51
0.79
1.93
0.72
2.52
4.41
2.64
3.95
3.30
6.40
1.65
2.11
2.11
1.25
1.47
2.44
2.03
1.72
2.60
5.42
2.11
1.99
3.43
2.51
1.65
2.06
4.82
5.13
4.13
5.43
4.10
1.31
1.76
0.68
1.44
1.72
1.73
1.13
1.69
2.41
2.34
1.65
2.79
4.96
2.96
1.06
1.81
2.03
0.29
1.89
3.47
2.83
1.99
2.87
4.79
3.81
0.27
1.01
0.45
0.53
1.14
1.69
