GUESS    :MOVING_SM
STARTTIME:1289916016975
ENDTIME  :1289916029894
LOCALSPD :0.040585212
LONGSPD  :0.05959527
LOCATION :Location[mProvider=network,mTime=1289916001414,mLatitude=55.62650325,mLongitude=12.64728045,mHasAltitude=false,mAltitude=0.0,mHasSpeed=false,mSpeed=0.0,mHasBearing=false,mBearing=0.0,mHasAccuracy=true,mAccuracy=64.0,mExtras=Bundle[mParcelledData.dataSize=148]]
ADDRESS :

0.70
0.60
0.14
0.16
0.11
0.05
0.06
0.07
0.08
0.06
0.10
0.09
0.02
0.07
0.13
0.17
0.13
0.05
0.07
0.07
0.01
0.05
0.08
0.04
0.02
0.01
0.08
0.04
0.01
0.04
0.02
0.08
0.04
0.03
0.06
0.03
0.05
0.03
0.00
0.02
0.01
0.02
0.04
0.06
0.05
0.01
0.04
0.04
0.04
0.04
0.04
0.03
0.01
0.01
0.02
0.05
0.04
0.05
0.02
0.03
0.04
0.06
0.09
0.06
0.05
0.05
0.02
0.04
0.05
0.07
0.01
0.07
0.06
0.03
0.02
0.05
0.05
0.02
0.04
0.04
0.05
0.04
0.03
0.04
0.05
0.08
0.02
0.02
0.03
0.04
0.02
0.02
0.02
0.05
0.04
0.03
0.04
0.04
0.03
0.02
0.05
0.09
0.06
0.05
0.06
0.02
0.03
0.02
0.06
0.05
0.02
0.06
0.03
0.04
0.08
0.04
0.04
0.03
0.05
0.02
0.01
0.04
0.04
0.06
0.02
0.02
0.04
0.00
