GUESS    :MOVING_SM
STARTTIME:1289914733875
ENDTIME  :1289914746764
LOCALSPD :0.0
LONGSPD  :0.16687208
LOCATION :Location[mProvider=network,mTime=1289914723014,mLatitude=55.627547574999994,mLongitude=12.64498985,mHasAltitude=false,mAltitude=0.0,mHasSpeed=false,mSpeed=0.0,mHasBearing=false,mBearing=0.0,mHasAccuracy=true,mAccuracy=37.0,mExtras=Bundle[mParcelledData.dataSize=148]]
ADDRESS :

0.03
0.07
0.10
0.19
0.15
0.10
0.07
0.11
0.07
0.10
0.03
0.05
0.16
0.08
0.15
0.03
0.07
0.15
0.11
0.04
0.04
0.08
0.11
0.04
0.07
0.11
0.07
0.12
0.11
0.07
0.11
0.11
0.04
0.03
0.07
0.15
0.23
0.27
0.61
0.80
0.86
0.98
0.39
1.38
1.10
0.49
1.96
0.91
0.84
0.97
3.17
2.00
1.47
0.65
2.33
0.34
0.86
1.16
2.33
5.60
6.25
0.80
1.81
1.23
0.50
0.82
0.72
0.50
0.15
0.49
0.46
0.15
0.87
0.46
1.25
0.57
1.65
0.84
0.84
0.76
0.79
0.30
0.53
0.54
0.42
0.31
0.25
0.19
0.44
0.30
0.33
0.19
0.07
0.38
0.27
0.38
0.12
0.38
0.27
0.16
0.38
0.20
0.53
0.31
0.35
0.46
0.23
0.16
0.20
0.12
0.27
0.12
0.20
0.12
0.12
0.16
0.12
0.12
0.19
0.12
0.15
0.04
0.27
0.20
0.27
0.31
0.23
0.14
0.11
0.19
0.07
0.15
0.16
0.25
0.31
0.25
0.53
0.27
0.26
0.16
0.08
0.11
0.12
0.19
0.16
0.23
0.11
0.04
0.16
0.19
0.08
0.07
0.15
0.14
0.16
0.12
0.27
0.26
0.35
0.54
0.57
0.49
0.46
0.60
0.84
0.50
0.34
0.30
0.61
0.45
0.89
0.75
0.69
0.22
0.79
0.99
0.42
0.38
0.18
0.27
0.27
0.08
0.16
0.15
0.22
0.22
0.15
0.27
0.20
0.16
0.16
0.16
0.23
0.23
0.18
0.38
0.12
0.07
0.42
0.19
0.49
0.38
0.30
0.44
0.30
0.30
0.19
0.18
0.11
0.31
0.23
0.08
0.14
0.08
0.04
0.14
0.16
0.08
0.15
0.07
0.11
0.12
0.08
0.07
0.15
0.12
0.20
0.20
0.33
0.31
0.19
0.22
0.11
0.14
0.12
0.11
0.10
0.15
0.04
0.19
0.03
0.14
0.11
0.04
0.04
0.11
0.15
0.19
0.14
0.20
0.11
0.10
0.04
0.11
0.03
0.08
