GUESS    :MOVING_ME
STARTTIME:1289914746765
ENDTIME  :1289914759725
LOCALSPD :0.0
LONGSPD  :0.16687208
LOCATION :Location[mProvider=network,mTime=1289914723014,mLatitude=55.627547574999994,mLongitude=12.64498985,mHasAltitude=false,mAltitude=0.0,mHasSpeed=false,mSpeed=0.0,mHasBearing=false,mBearing=0.0,mHasAccuracy=true,mAccuracy=37.0,mExtras=Bundle[mParcelledData.dataSize=148]]
ADDRESS :

1.97
1.25
1.40
1.00
0.35
0.30
0.67
0.36
0.35
0.34
0.79
0.47
0.69
0.54
0.42
0.43
0.75
1.40
0.98
1.25
0.80
0.39
0.20
0.26
0.23
0.55
0.34
0.71
0.67
0.79
0.66
0.59
0.48
0.51
0.70
0.58
0.85
0.42
0.40
0.13
0.27
0.27
0.44
0.27
0.51
0.29
0.71
0.44
0.60
0.35
0.41
0.30
0.43
0.37
0.37
0.40
0.35
0.42
0.16
0.38
0.22
0.37
0.33
0.42
0.28
0.40
0.18
0.22
0.20
0.23
0.25
0.13
0.25
0.15
0.29
0.12
0.41
0.12
0.16
0.01
0.23
0.20
0.28
0.09
0.20
0.08
0.35
0.36
0.14
0.39
0.10
0.11
0.28
0.37
0.05
0.21
0.16
0.09
0.06
0.25
0.11
0.19
0.08
0.32
0.27
0.24
0.51
0.23
0.37
0.28
0.02
0.26
0.42
0.11
0.23
0.14
0.19
0.05
0.38
0.26
0.26
0.32
0.26
0.44
0.22
0.45
0.19
0.29
