GUESS    :WALKING
STARTTIME:1289914850676
ENDTIME  :1289914864115
LOCALSPD :0.0
LONGSPD  :0.0
LOCATION :Location[mProvider=network,mTime=1289914860432,mLatitude=55.62753916666666,mLongitude=12.6448455,mHasAltitude=false,mAltitude=0.0,mHasSpeed=false,mSpeed=0.0,mHasBearing=false,mBearing=0.0,mHasAccuracy=true,mAccuracy=43.0,mExtras=Bundle[mParcelledData.dataSize=148]]
ADDRESS :

3.69
4.33
4.58
5.20
0.84
2.29
1.61
1.62
2.91
3.66
4.34
2.70
3.80
3.73
3.83
2.29
1.57
1.58
2.12
2.11
2.25
0.80
1.87
2.07
2.78
7.15
1.65
2.70
3.75
1.16
2.11
2.03
4.25
3.36
3.95
4.26
6.13
2.89
0.84
2.85
1.02
0.49
1.59
2.38
4.25
2.56
2.60
6.32
3.64
1.29
0.97
3.91
0.72
0.61
2.97
4.56
2.76
4.37
5.68
1.61
1.48
0.95
1.42
0.95
0.84
1.97
3.13
8.84
6.66
5.98
5.63
0.50
1.68
1.88
1.58
1.91
2.33
5.26
2.48
4.64
6.32
1.54
1.27
0.27
0.89
0.54
1.44
1.14
2.41
5.63
3.99
5.05
5.39
2.45
1.23
3.61
1.36
0.89
1.81
4.70
3.31
3.00
5.31
2.45
1.92
1.89
1.66
0.86
0.76
0.86
0.95
1.53
3.55
3.92
3.31
6.24
2.74
4.54
1.38
3.50
2.41
2.83
3.17
1.81
1.72
1.43
5.03
2.64
1.76
2.96
0.78
0.80
1.42
0.97
2.19
6.17
3.61
6.80
4.25
3.38
3.49
2.42
1.80
0.59
1.91
3.20
0.41
1.57
1.28
1.38
0.35
0.94
1.09
0.71
1.27
0.46
0.71
0.54
1.32
2.63
0.53
2.19
1.20
1.97
2.11
5.92
4.26
3.79
1.80
9.30
5.52
6.97
2.75
5.91
6.12
11.58
2.19
0.89
1.65
0.87
1.47
2.48
1.16
1.16
0.33
3.60
1.65
9.51
3.76
4.10
11.35
7.74
8.32
4.52
5.57
3.84
2.93
1.25
0.61
1.08
1.50
1.13
1.09
1.08
0.87
0.27
0.98
0.99
3.68
2.71
0.60
1.35
0.72
2.36
0.91
2.34
1.06
0.65
1.25
1.38
0.95
1.38
1.05
0.65
0.67
1.12
1.96
1.02
0.38
0.56
0.49
0.74
0.60
1.81
1.27
0.87
1.20
0.48
1.84
1.47
0.76
0.46
0.35
0.64
0.78
0.53
0.99
1.95
2.68
2.11
0.99
0.61
1.73
0.86
0.56
0.49
