GUESS    :WALKING
STARTTIME:1289914442396
ENDTIME  :1289914455435
LOCALSPD :0.0
LONGSPD  :-1.0
LOCATION :Location[mProvider=network,mTime=1289914439945,mLatitude=55.628879299999994,mLongitude=12.644658983333331,mHasAltitude=false,mAltitude=0.0,mHasSpeed=false,mSpeed=0.0,mHasBearing=false,mBearing=0.0,mHasAccuracy=true,mAccuracy=60.0,mExtras=Bundle[mParcelledData.dataSize=148]]
ADDRESS :

6.14
3.91
4.63
2.02
1.23
1.23
2.15
3.47
3.31
2.98
3.20
7.07
0.80
3.58
3.11
0.60
1.72
2.87
5.78
3.99
3.81
3.76
3.02
2.72
1.23
0.76
1.13
2.34
3.53
3.15
1.25
7.12
0.99
3.87
3.49
1.44
1.18
2.30
4.69
5.01
4.09
4.25
3.26
2.22
2.66
1.72
1.27
1.76
2.21
2.27
2.68
3.15
3.65
4.86
0.89
3.92
2.74
0.80
1.39
1.50
4.74
3.00
3.64
5.52
1.88
2.07
2.12
1.08
0.69
0.56
1.38
2.33
3.34
1.72
6.96
0.78
2.18
3.62
1.73
1.01
1.08
4.33
5.26
4.06
3.60
4.56
1.40
1.72
1.18
0.61
0.61
0.97
2.64
3.61
3.36
2.19
6.82
4.09
2.14
3.13
2.49
1.28
1.08
0.78
6.21
3.47
3.65
3.95
1.44
1.50
2.26
1.18
0.76
0.94
1.96
2.67
2.11
2.23
0.84
5.67
1.46
1.88
3.30
1.77
1.18
1.31
2.82
5.18
3.31
1.12
5.13
4.29
1.46
1.35
0.60
0.34
0.53
1.04
1.33
2.91
2.42
0.57
4.52
5.16
3.66
2.14
2.18
1.33
1.12
1.39
2.30
4.17
2.33
1.38
4.40
2.11
0.72
0.65
1.12
0.71
0.89
1.31
1.80
2.41
2.66
1.77
4.71
5.54
2.71
1.84
2.64
1.53
1.23
1.38
3.06
3.34
2.56
1.92
5.09
2.63
1.76
0.93
0.95
0.31
0.89
1.33
2.82
3.94
2.53
5.78
6.44
2.11
2.66
2.85
1.33
1.10
0.91
3.57
2.98
4.06
3.38
2.75
3.17
2.83
1.57
1.14
1.40
1.33
2.00
2.49
3.17
3.95
4.22
1.08
3.64
3.36
0.84
0.87
1.29
5.86
2.70
3.58
4.20
2.97
3.45
3.17
1.57
1.46
1.21
1.70
2.36
3.00
3.11
3.45
4.45
0.49
3.34
3.84
1.14
1.46
2.22
5.07
2.60
4.17
4.58
2.06
2.23
3.17
2.17
1.23
1.38
2.53
3.87
2.41
3.21
7.04
