GUESS    :MOVING_HI
STARTTIME:1289915669156
ENDTIME  :1289915683245
LOCALSPD :0.0
LONGSPD  :0.0
LOCATION :Location[mProvider=network,mTime=1289915655494,mLatitude=55.6271423,mLongitude=12.6450197,mHasAltitude=false,mAltitude=0.0,mHasSpeed=false,mSpeed=0.0,mHasBearing=false,mBearing=0.0,mHasAccuracy=true,mAccuracy=62.0,mExtras=Bundle[mParcelledData.dataSize=148]]
ADDRESS :

0.52
0.38
1.35
1.14
0.99
0.61
0.75
1.09
0.97
2.97
4.88
4.21
3.51
0.91
1.38
5.33
4.54
6.51
8.05
1.91
1.95
2.56
5.01
2.30
0.52
3.15
7.42
6.43
1.88
3.73
9.23
3.24
2.19
2.76
0.74
4.74
10.22
6.91
3.46
2.82
6.76
7.83
6.51
1.83
2.52
3.80
5.28
4.66
4.00
3.16
2.02
2.71
3.99
2.21
7.89
5.30
25.77
13.13
15.42
12.60
7.78
8.24
2.94
4.40
1.16
1.31
3.35
1.58
2.53
2.30
0.65
4.25
3.28
3.23
5.05
3.38
4.55
1.31
1.09
1.46
0.89
0.80
1.80
1.10
6.37
8.02
2.12
1.73
2.96
4.26
4.03
2.53
2.36
3.06
1.25
0.31
1.54
0.49
3.19
5.69
3.75
2.12
2.37
1.35
1.10
3.75
2.11
2.37
2.52
2.22
2.41
2.75
2.30
3.90
2.63
3.83
1.36
2.23
2.52
0.72
2.19
4.90
3.17
1.61
1.76
1.63
1.46
1.24
0.91
0.78
0.93
0.46
0.54
0.98
1.31
0.41
0.22
0.20
0.79
0.27
0.61
0.38
0.49
0.95
2.64
0.35
0.29
1.08
1.72
1.57
0.98
1.31
1.76
0.84
0.30
1.62
1.44
0.63
2.11
0.54
0.76
5.57
6.47
5.13
11.50
3.57
2.57
1.25
2.03
1.84
5.50
2.42
2.26
2.57
3.15
2.23
2.29
1.39
1.80
2.60
3.83
7.63
5.92
3.65
2.75
19.00
16.82
15.83
17.09
4.17
19.93
10.83
3.60
8.01
10.50
2.82
10.51
11.14
5.50
7.25
3.24
0.46
4.33
2.26
4.06
5.38
2.72
3.72
2.12
3.80
2.11
0.91
1.36
0.82
2.57
1.43
2.12
2.52
3.49
2.41
2.00
2.12
0.95
0.87
0.78
1.80
2.60
1.65
1.73
0.98
3.54
2.57
4.70
5.76
3.68
3.11
2.64
2.66
2.64
0.74
1.38
1.12
0.74
2.38
1.48
2.70
3.02
3.28
2.60
3.72
4.18
1.81
1.04
1.12
1.62
1.93
