GUESS    :IDLE
STARTTIME:1288789554624
ENDTIME  :1288789569187
LOCALSPD :0.0
LONGSPD  :-1.0
LOCATION :Location[mProvider=network,mTime=1288789538809,mLatitude=55.74958615,mLongitude=12.3767289,mHasAltitude=false,mAltitude=0.0,mHasSpeed=false,mSpeed=0.0,mHasBearing=false,mBearing=0.0,mHasAccuracy=true,mAccuracy=50.0,mExtras=Bundle[mParcelledData.dataSize=148]]
ADDRESS :

0.04
0.07
0.15
0.08
0.08
0.07
0.07
0.04
0.11
0.07
0.04
0.04
0.04
0.03
0.11
0.12
0.08
0.04
0.04
0.08
0.11
0.08
0.07
0.04
0.11
0.11
0.03
0.04
0.08
0.11
0.07
0.11
0.04
0.03
0.03
0.08
0.12
0.08
0.04
0.08
0.08
0.03
0.03
0.04
0.04
0.12
0.04
0.08
0.08
0.16
0.08
0.03
0.18
0.11
0.04
0.04
0.04
0.04
0.11
0.04
0.04
0.07
0.04
0.03
0.03
0.07
0.07
0.11
0.08
0.04
0.04
0.03
0.11
0.03
0.03
0.03
0.04
0.04
0.07
0.07
0.10
0.10
0.04
0.03
0.07
0.04
0.04
0.19
0.19
0.04
0.08
0.07
0.11
0.08
0.04
0.12
0.15
0.08
0.11
0.03
0.07
0.04
0.07
0.11
0.08
0.08
0.07
0.07
0.08
0.18
0.08
0.03
0.07
0.07
0.07
0.03
0.10
0.07
0.05
0.05
0.04
0.11
0.07
0.08
0.08
0.08
0.04
0.04
0.07
0.04
0.11
0.04
0.04
0.04
0.03
0.22
0.07
0.03
0.04
0.07
0.08
0.11
0.08
0.07
0.04
0.12
0.04
0.03
0.03
0.04
0.04
0.04
0.03
0.08
0.08
0.07
0.03
0.04
0.07
0.18
0.07
0.11
0.15
0.42
1.53
2.59
0.99
2.47
1.38
0.23
0.37
0.44
0.42
0.31
0.91
0.61
0.53
0.79
0.38
0.74
0.35
0.15
0.19
0.11
0.30
0.19
0.23
0.26
0.20
0.50
0.54
0.23
0.19
0.38
0.19
0.23
0.30
0.15
0.26
0.18
0.03
0.07
0.30
0.26
0.07
0.07
0.23
0.34
0.18
0.04
0.22
0.26
0.08
0.15
0.08
0.04
0.03
0.14
0.08
0.11
0.07
0.04
0.14
0.03
0.03
0.05
0.15
0.15
0.04
0.04
0.11
0.04
0.08
0.04
0.04
0.08
0.11
0.07
0.08
0.04
0.08
0.04
0.04
0.11
0.07
0.04
0.04
0.04
0.04
0.11
0.07
0.08
0.04
0.15
0.08
0.07
