GUESS    :MOVING_SM
STARTTIME:1288472984532
ENDTIME  :1288472998332
LOCALSPD :-1.0
LONGSPD  :-1.0
LOCATION :Location[mProvider=network,mTime=1288472985902,mLatitude=55.749749333333334,mLongitude=12.376422166666666,mHasAltitude=false,mAltitude=0.0,mHasSpeed=false,mSpeed=0.0,mHasBearing=false,mBearing=0.0,mHasAccuracy=true,mAccuracy=50.0,mExtras=Bundle[mParcelledData.dataSize=148]]
ADDRESS :

0.17
0.12
0.10
0.08
0.08
0.06
0.06
0.03
0.02
0.04
0.03
0.06
0.07
0.06
0.05
0.06
0.05
0.05
0.06
0.04
0.06
0.05
0.05
0.05
0.05
0.07
0.06
0.06
0.05
0.05
0.06
0.06
0.05
0.06
0.05
0.05
0.04
0.06
0.05
0.05
0.03
0.03
0.03
0.04
0.04
0.04
0.04
0.04
0.05
0.05
0.04
0.04
0.04
0.04
0.03
0.03
0.03
0.04
0.03
0.02
0.03
0.02
0.03
0.04
0.03
0.03
0.02
0.02
0.03
0.03
0.02
0.02
0.02
0.02
0.03
0.02
0.02
0.02
0.02
0.02
0.01
0.02
0.02
0.02
0.01
0.02
0.02
0.01
0.02
0.01
0.01
0.01
0.01
0.00
0.01
0.01
0.01
0.02
0.01
0.02
0.02
0.01
0.01
0.00
0.00
0.01
0.01
0.01
0.01
0.01
0.00
0.01
0.01
0.01
0.00
0.00
0.01
0.00
0.00
0.00
0.00
0.00
0.01
0.00
0.01
0.00
0.01
0.00
