GUESS    :IDLE
STARTTIME:1288018822630
ENDTIME  :1288018838399
LOCALSPD :0.0
LONGSPD  :0.0
LOCATION :org.peterstrand.service.LocationWrapper@4492aa08
ADDRESS :

0.08
0.01
0.01
0.01
0.01
0.01
0.00
0.01
0.00
0.01
0.01
0.00
0.01
0.01
0.01
0.00
0.00
0.01
0.01
0.01
0.00
0.01
0.00
0.01
0.01
0.01
0.00
0.00
0.01
0.00
0.00
0.00
0.01
0.00
0.00
0.01
0.01
0.01
0.01
0.00
0.01
0.01
0.00
0.00
0.00
0.00
0.00
0.00
0.00
0.00
0.01
0.00
0.00
0.01
0.01
0.01
0.00
0.00
0.00
0.01
0.00
0.00
0.00
0.00
0.00
0.00
0.01
0.01
0.00
0.00
0.00
0.01
0.01
0.01
0.00
0.01
0.00
0.00
0.00
0.00
0.00
0.00
0.00
0.00
0.00
0.00
0.00
0.00
0.00
0.00
0.00
0.01
0.00
0.00
0.00
0.00
0.00
0.01
0.01
0.00
0.00
0.00
0.00
0.00
0.00
0.01
0.00
0.00
0.00
0.00
0.00
0.00
0.00
0.00
0.01
0.00
0.01
0.01
0.00
0.00
0.00
0.00
0.00
0.00
0.00
0.00
0.00
0.01
