GUESS    :MOVING_SM
STARTTIME:1288118039962
ENDTIME  :1288118055588
LOCALSPD :-1.0
LONGSPD  :-1.0
LOCATION :Location[mProvider=network,mTime=1288118050780,mLatitude=55.78250246666667,mLongitude=12.514005544444444,mHasAltitude=false,mAltitude=0.0,mHasSpeed=false,mSpeed=0.0,mHasBearing=false,mBearing=0.0,mHasAccuracy=true,mAccuracy=53.0,mExtras=Bundle[mParcelledData.dataSize=148]]
ADDRESS :

9.51
0.11
0.53
0.15
0.22
0.07
0.08
0.03
0.11
0.12
0.11
0.26
0.08
0.15
0.04
0.08
0.04
0.12
0.08
0.08
0.11
0.04
0.08
0.18
0.11
0.15
0.15
0.04
0.08
0.08
0.11
0.07
0.04
0.04
0.08
0.08
0.04
0.08
0.08
0.15
0.08
0.08
0.15
0.08
0.04
0.04
0.04
0.11
0.03
0.04
0.04
0.15
0.08
0.04
0.03
0.12
0.08
0.04
0.07
0.11
0.04
0.04
0.12
0.12
0.12
0.04
0.04
0.08
0.04
0.08
0.08
0.08
0.08
0.04
0.12
0.07
0.07
0.04
0.04
0.11
0.07
0.04
0.16
0.04
0.12
0.15
0.11
0.08
0.08
0.08
0.08
0.11
0.11
0.08
0.03
0.15
0.11
0.07
0.11
0.07
0.11
0.07
0.04
0.07
0.11
0.07
0.11
0.04
0.04
0.04
0.04
0.08
0.08
0.04
0.12
0.04
0.08
0.04
0.04
0.04
0.04
0.08
0.08
0.11
0.22
0.19
0.08
0.08
0.15
0.15
0.04
0.08
0.04
0.07
0.11
0.04
0.04
0.08
0.04
0.08
0.04
0.04
0.04
0.08
0.04
0.08
0.04
0.04
0.12
0.04
0.04
0.15
0.19
0.08
0.16
0.11
0.10
0.15
0.12
0.08
0.12
0.08
0.04
0.04
0.04
0.07
0.07
0.15
0.07
0.04
0.04
0.04
0.08
0.12
0.04
0.08
0.19
0.22
0.11
0.04
0.11
0.14
0.19
0.16
0.03
0.11
0.11
0.23
0.12
0.12
0.15
1.91
2.17
0.26
0.56
0.04
0.04
0.10
0.15
0.15
1.06
0.83
0.11
1.04
1.12
0.39
0.84
0.57
0.49
0.16
0.30
0.15
0.39
0.11
0.27
0.04
0.25
0.23
0.19
0.08
0.15
0.07
0.11
0.08
0.11
0.23
0.12
0.11
0.04
0.11
0.04
0.11
0.12
0.11
0.11
0.11
0.07
0.18
0.07
0.08
0.11
0.11
0.07
0.14
0.04
0.07
0.03
0.04
0.16
0.11
0.12
0.04
0.04
0.03
0.04
0.07
