GUESS    :MOVING_SM
STARTTIME:1287603442758
ENDTIME  :1287603457727
LOCATION :Location[mProvider=network,mTime=1287603413221,mLatitude=55.749603300000004,mLongitude=12.376726900000001,mHasAltitude=false,mAltitude=0.0,mHasSpeed=false,mSpeed=0.0,mHasBearing=false,mBearing=0.0,mHasAccuracy=true,mAccuracy=49.0,mExtras=Bundle[mParcelledData.dataSize=148]]
ADDRESS :

0.24
0.30
0.29
0.29
0.27
0.25
0.24
0.21
0.18
0.17
0.14
0.12
0.10
0.09
0.08
0.07
0.08
0.08
0.07
0.06
0.06
0.05
0.04
0.06
0.04
0.04
0.05
0.05
0.05
0.05
0.06
0.06
0.05
0.06
0.05
0.05
0.04
0.02
0.02
0.01
0.01
0.02
0.02
0.03
0.04
0.04
0.05
0.06
0.05
0.06
0.06
0.04
0.03
0.04
0.03
0.03
0.03
0.03
0.03
0.04
0.04
0.04
0.05
0.06
0.06
0.06
0.06
0.05
0.05
0.04
0.05
0.04
0.04
0.04
0.04
0.03
0.04
0.03
0.02
0.02
0.03
0.03
0.02
0.02
0.02
0.02
0.03
0.03
0.03
0.04
0.04
0.04
0.04
0.04
0.03
0.04
0.04
0.03
0.03
0.03
0.02
0.01
0.01
0.01
0.00
0.01
0.02
0.02
0.03
0.04
0.03
0.04
0.04
0.04
0.04
0.04
0.05
0.04
0.04
0.04
0.04
0.04
0.04
0.04
0.04
0.04
0.03
0.04
