GUESS    :IDLE
STARTTIME:1287737737848
ENDTIME  :1287737752952
LOCATION :Location[mProvider=network,mTime=1287737703100,mLatitude=55.7825015,mLongitude=12.514088259999998,mHasAltitude=false,mAltitude=0.0,mHasSpeed=false,mSpeed=0.0,mHasBearing=false,mBearing=0.0,mHasAccuracy=true,mAccuracy=53.0,mExtras=Bundle[mParcelledData.dataSize=148]]
ADDRESS :

0.08
0.12
0.04
0.16
0.08
0.04
0.04
0.04
0.12
0.04
0.12
0.07
0.11
0.15
0.03
0.03
0.07
0.04
0.08
0.12
0.12
0.12
0.12
0.08
0.11
0.19
0.08
0.03
0.03
0.04
0.12
0.12
0.04
0.16
0.04
0.04
0.08
0.20
0.25
0.08
0.12
0.16
0.08
0.12
0.04
0.12
0.08
0.12
0.08
0.04
0.12
0.08
0.23
0.15
0.16
0.16
0.04
0.04
0.08
0.12
0.04
0.04
0.04
0.12
0.12
0.15
0.07
0.08
0.08
0.04
0.08
0.11
0.15
0.16
0.08
0.12
0.08
0.16
0.12
0.12
0.12
0.12
0.08
0.04
0.16
0.08
0.04
0.12
0.16
0.08
0.04
0.12
0.12
0.08
0.08
0.12
0.04
0.08
0.08
0.12
0.08
0.04
0.08
0.12
0.12
0.16
0.04
0.08
0.08
0.12
0.08
0.04
0.12
0.12
0.12
0.12
0.08
0.04
0.12
0.08
0.08
0.04
0.08
0.12
0.08
0.04
0.12
0.08
0.16
0.12
0.04
0.08
0.04
0.08
0.12
0.16
0.20
0.04
0.08
0.11
0.08
0.07
0.08
0.12
0.08
0.20
0.12
0.04
0.04
0.04
0.04
0.08
0.04
0.04
0.08
0.12
0.12
0.08
0.12
0.04
0.04
0.12
0.12
0.08
0.04
0.08
0.08
0.08
0.16
0.04
0.12
0.08
0.12
0.04
0.16
0.12
0.11
0.15
0.04
0.08
0.08
0.16
0.08
0.08
0.08
0.08
0.08
0.08
0.04
0.04
0.04
0.08
0.08
0.08
0.12
0.04
0.08
0.04
0.04
0.08
0.04
0.12
0.08
0.08
0.04
0.12
0.04
0.08
0.08
0.08
0.16
0.08
0.08
0.12
0.08
0.08
0.04
0.04
0.04
0.12
0.12
0.08
0.08
0.08
0.08
0.08
0.12
0.04
0.08
0.08
0.04
0.08
0.08
0.08
0.12
0.12
0.04
0.08
0.04
0.15
0.07
0.12
0.08
0.08
0.04
0.16
0.08
0.12
0.08
0.12
0.08
0.04
0.08
0.04
0.08
0.08
