GUESS    :IDLE
STARTTIME:1287737844828
ENDTIME  :1287737859887
LOCATION :Location[mProvider=network,mTime=1287737823164,mLatitude=55.7825015,mLongitude=12.51408826,mHasAltitude=false,mAltitude=0.0,mHasSpeed=false,mSpeed=0.0,mHasBearing=false,mBearing=0.0,mHasAccuracy=true,mAccuracy=53.0,mExtras=Bundle[mParcelledData.dataSize=148]]
ADDRESS :

0.10
0.01
0.01
0.00
0.01
0.01
0.01
0.01
0.01
0.01
0.00
0.00
0.00
0.00
0.00
0.00
0.00
0.01
0.01
0.01
0.00
0.00
0.00
0.01
0.00
0.01
0.01
0.00
0.01
0.00
0.00
0.00
0.01
0.00
0.01
0.01
0.01
0.00
0.01
0.00
0.00
0.00
0.01
0.00
0.01
0.01
0.00
0.01
0.00
0.01
0.01
0.01
0.00
0.00
0.00
0.00
0.01
0.00
0.00
0.01
0.00
0.01
0.00
0.00
0.01
0.01
0.01
0.01
0.01
0.01
0.00
0.00
0.01
0.01
0.01
0.00
0.00
0.01
0.01
0.01
0.01
0.00
0.01
0.00
0.00
0.00
0.01
0.00
0.00
0.00
0.00
0.01
0.00
0.00
0.00
0.00
0.00
0.00
0.01
0.00
0.01
0.00
0.01
0.00
0.01
0.00
0.00
0.00
0.00
0.00
0.00
0.00
0.01
0.00
0.00
0.00
0.00
0.00
0.01
0.00
0.00
0.00
0.00
0.00
0.01
0.00
0.00
0.01
