GUESS    :MOVING_SM
STARTTIME:1288354404965
ENDTIME  :1288354418965
LOCALSPD :-1.0
LONGSPD  :-1.0
LOCATION :Location[mProvider=network,mTime=1288354406605,mLatitude=55.78249398571428,mLongitude=12.514066999999999,mHasAltitude=false,mAltitude=0.0,mHasSpeed=false,mSpeed=0.0,mHasBearing=false,mBearing=0.0,mHasAccuracy=true,mAccuracy=53.0,mExtras=Bundle[mParcelledData.dataSize=148]]
ADDRESS :

0.23
9.96
0.12
0.04
0.04
0.08
0.12
0.08
0.08
0.04
0.04
0.07
0.15
0.04
0.04
0.04
0.08
0.08
0.04
0.08
0.04
0.08
0.04
0.12
0.16
0.08
0.04
0.08
0.04
0.04
0.08
0.04
0.11
0.11
0.12
0.08
0.08
0.12
0.08
0.12
0.08
0.08
0.12
0.04
0.04
0.04
0.04
0.08
0.08
0.04
0.08
0.08
0.04
0.04
0.04
0.04
0.04
0.08
0.08
0.08
0.04
0.04
0.08
0.16
0.16
0.08
0.04
0.04
0.04
0.04
0.04
0.04
0.16
0.08
0.12
0.12
0.08
0.04
0.08
0.04
0.04
0.08
0.08
0.12
0.04
0.08
0.08
0.12
0.12
0.08
0.12
0.04
0.08
0.12
0.08
0.04
0.04
0.12
0.12
0.04
0.08
0.04
0.12
0.08
0.12
0.12
0.12
0.04
0.07
0.07
0.08
0.08
0.08
0.12
0.12
0.12
0.08
0.08
0.08
0.08
0.04
0.08
0.12
0.08
0.08
0.04
0.15
0.08
0.11
0.04
0.04
0.08
0.03
0.07
0.15
0.15
0.80
0.65
0.33
0.61
0.57
0.19
0.25
0.22
0.30
0.23
0.15
0.18
0.07
0.04
0.11
0.22
0.15
0.08
0.08
0.16
0.08
0.08
0.11
0.07
0.04
0.08
0.08
0.15
0.15
0.15
0.15
0.12
0.04
0.04
0.04
0.08
0.07
0.07
0.03
0.03
0.04
0.12
0.08
0.08
0.16
0.08
0.15
0.07
0.08
0.04
0.04
0.08
0.08
0.04
0.04
0.08
0.08
0.08
0.12
0.15
0.07
0.04
0.04
0.08
0.08
0.04
0.04
0.08
0.08
0.04
0.08
0.08
0.04
0.08
0.12
0.12
0.12
0.04
0.08
0.12
0.12
0.12
0.04
0.04
0.08
0.08
0.08
0.04
0.08
0.04
0.12
0.08
0.08
0.76
7.21
10.53
15.79
5.34
6.70
4.90
11.75
8.73
8.62
8.01
4.59
3.99
1.99
5.49
4.37
5.54
2.96
10.38
7.71
7.86
9.45
3.98
6.70
4.93
10.49
1.84
