GUESS    :MOVING_SM
STARTTIME:1287662296073
ENDTIME  :1287662309572
LOCATION :Location[mProvider=network,mTime=1287662304314,mLatitude=55.74960813333333,mLongitude=12.376808266666666,mHasAltitude=false,mAltitude=0.0,mHasSpeed=false,mSpeed=0.0,mHasBearing=false,mBearing=0.0,mHasAccuracy=true,mAccuracy=50.0,mExtras=Bundle[mParcelledData.dataSize=148]]
ADDRESS :

1.88
1.33
1.78
1.08
1.57
1.43
0.64
1.43
1.78
2.21
3.38
1.20
1.18
1.43
2.19
1.16
2.14
0.57
1.57
1.47
1.83
1.08
2.10
1.99
2.56
2.49
2.10
1.01
1.38
3.09
1.59
4.32
2.38
1.46
1.84
2.33
1.54
1.33
0.95
0.35
1.38
1.54
1.48
1.65
1.91
1.33
1.68
1.04
0.39
1.18
1.14
0.79
1.76
1.72
2.18
2.83
2.60
3.34
3.99
2.38
3.76
3.36
0.74
2.41
2.08
1.88
1.61
2.96
0.98
2.21
1.32
2.04
0.91
1.23
0.91
1.02
0.87
1.69
2.36
1.58
1.99
3.91
0.89
1.65
0.89
1.59
1.25
2.68
3.11
1.58
2.26
1.46
0.59
2.38
1.18
3.00
1.18
1.20
1.54
1.99
2.15
0.65
0.42
1.14
0.72
1.10
0.69
0.38
0.80
0.42
0.46
0.91
1.02
0.42
1.33
2.14
0.99
0.61
0.60
0.35
0.57
0.61
0.41
0.18
0.45
1.09
1.23
2.18
2.22
3.76
1.27
1.21
0.49
0.23
0.99
1.09
0.71
0.75
0.71
0.93
1.05
0.50
0.31
0.69
0.27
0.23
0.31
0.25
0.52
0.26
0.07
0.04
0.11
0.35
0.26
0.12
0.45
0.25
0.31
0.20
0.07
0.14
0.25
0.16
0.12
0.19
0.26
0.19
0.15
0.42
0.08
0.22
0.27
0.23
0.18
0.19
0.16
0.20
0.08
0.08
0.08
0.19
0.19
0.12
0.12
0.11
0.34
0.16
0.23
0.08
0.16
0.14
0.26
0.15
0.15
0.22
0.14
0.04
0.11
0.05
0.14
0.10
0.07
0.10
0.10
0.14
0.16
0.15
0.08
0.14
0.08
0.04
0.08
0.12
0.16
0.12
0.08
0.12
0.11
0.15
0.07
0.03
0.04
0.04
0.15
0.03
0.07
0.04
0.11
0.15
0.20
0.16
0.19
0.23
0.11
0.11
0.23
0.27
0.15
0.23
0.19
0.08
0.14
0.15
0.08
0.08
0.11
0.08
0.11
0.03
0.12
0.15
0.19
0.30
0.03
0.19
