GUESS    :WALKING
STARTTIME:1287662309573
ENDTIME  :1287662322512
LOCATION :Location[mProvider=network,mTime=1287662304314,mLatitude=55.74960813333333,mLongitude=12.376808266666666,mHasAltitude=false,mAltitude=0.0,mHasSpeed=false,mSpeed=0.0,mHasBearing=false,mBearing=0.0,mHasAccuracy=true,mAccuracy=50.0,mExtras=Bundle[mParcelledData.dataSize=148]]
ADDRESS :

1.32
0.59
0.54
0.37
0.24
0.54
0.25
0.46
0.33
0.16
0.60
0.09
0.45
0.27
0.07
0.28
0.11
0.04
0.42
0.20
0.22
0.13
0.09
0.14
0.18
0.17
0.09
0.20
0.26
0.13
0.09
0.25
0.08
0.22
0.17
0.19
0.16
0.09
0.08
0.14
0.09
0.13
0.12
0.19
0.10
0.05
0.18
0.08
0.17
0.07
0.07
0.09
0.16
0.11
0.16
0.04
0.09
0.16
0.07
0.12
0.07
0.15
0.07
0.08
0.13
0.12
0.14
0.07
0.01
0.14
0.08
0.07
0.13
0.07
0.12
0.10
0.12
0.02
0.12
0.03
0.12
0.05
0.11
0.10
0.05
0.12
0.02
0.07
0.04
0.08
0.09
0.05
0.13
0.05
0.05
0.04
0.03
0.14
0.05
0.13
0.06
0.05
0.07
0.08
0.02
0.10
0.02
0.07
0.06
0.05
0.06
0.11
0.09
0.06
0.09
0.07
0.04
0.07
0.08
0.10
0.14
0.03
0.12
0.05
0.02
0.13
0.03
0.12
