GUESS    :MOVING_SM
STARTTIME:1287662374563
ENDTIME  :1287662387592
LOCATION :Location[mProvider=network,mTime=1287662364346,mLatitude=55.74960813333333,mLongitude=12.376808266666666,mHasAltitude=false,mAltitude=0.0,mHasSpeed=false,mSpeed=0.0,mHasBearing=false,mBearing=0.0,mHasAccuracy=true,mAccuracy=50.0,mExtras=Bundle[mParcelledData.dataSize=148]]
ADDRESS :

1.65
5.53
2.00
4.60
1.18
2.62
2.79
2.38
0.99
1.21
1.46
1.53
0.54
0.90
1.36
1.32
0.84
1.38
1.57
1.17
2.67
3.41
2.04
0.84
0.99
1.16
1.12
0.53
1.91
1.28
0.89
1.43
0.72
0.84
0.38
0.57
0.59
1.10
0.54
0.83
1.08
0.57
0.54
0.23
0.44
0.38
0.39
0.39
0.72
0.39
0.49
0.10
0.23
0.48
0.34
0.16
0.42
0.35
0.39
0.19
0.14
0.50
0.38
0.23
0.31
0.45
0.31
0.37
0.48
0.30
0.72
1.14
0.46
0.53
0.20
0.11
0.27
0.42
0.19
0.08
0.19
0.38
0.27
0.23
0.16
0.16
0.30
0.15
0.08
0.23
0.20
0.19
0.08
0.26
0.19
0.08
0.16
0.25
0.16
0.12
0.04
0.15
0.08
0.04
0.12
0.18
0.22
0.07
0.26
0.29
0.16
0.12
0.16
0.16
0.08
0.20
0.08
0.15
0.15
0.15
0.04
0.12
0.18
0.22
0.10
0.20
0.46
0.63
0.35
0.61
0.34
0.12
0.11
0.07
0.08
0.26
0.25
0.20
0.08
0.04
0.15
0.07
0.08
0.12
0.08
0.20
0.04
0.23
0.20
0.20
0.15
0.18
0.11
0.11
0.07
0.20
0.08
0.12
0.12
0.07
0.07
0.04
0.04
0.22
0.18
0.08
0.12
0.49
0.23
0.99
0.53
0.61
0.68
0.89
0.53
0.38
0.19
0.34
0.39
0.15
0.20
0.61
0.19
0.08
0.61
0.38
0.22
0.44
0.27
0.35
0.54
0.19
0.54
0.27
0.34
0.11
0.19
0.34
0.19
0.23
0.22
0.35
0.12
0.42
0.20
0.35
0.42
0.39
0.23
0.04
0.53
0.31
0.31
0.38
0.69
0.46
0.19
0.99
0.87
1.29
1.27
0.69
0.11
0.78
1.38
0.84
0.76
1.38
0.87
1.14
1.23
1.01
1.23
0.82
1.04
1.72
0.34
0.93
0.50
0.69
0.35
0.65
0.16
4.52
4.96
4.14
4.86
2.00
0.42
1.54
2.98
2.33
2.17
1.28
1.28
1.27
