GUESS    :MOVING_SM
STARTTIME:1287663538003
ENDTIME  :1287663551851
LOCATION :Location[mProvider=network,mTime=1287663517380,mLatitude=55.76758088571428,mLongitude=12.498085871428572,mHasAltitude=false,mAltitude=0.0,mHasSpeed=false,mSpeed=0.0,mHasBearing=false,mBearing=0.0,mHasAccuracy=true,mAccuracy=60.0,mExtras=Bundle[mParcelledData.dataSize=148]]
ADDRESS :

0.16
0.16
0.08
0.08
0.27
0.19
0.30
0.23
0.34
0.42
0.23
0.08
0.14
0.19
0.25
0.16
0.31
0.27
0.27
0.30
0.31
0.15
0.30
0.31
0.23
0.41
0.27
0.27
0.16
0.27
0.15
0.42
0.34
0.76
0.50
0.38
0.31
0.52
1.04
0.37
0.98
0.27
0.54
0.22
0.22
0.48
0.31
0.16
0.27
0.54
0.49
0.46
0.29
0.39
0.30
0.46
0.50
0.42
0.25
0.64
0.25
0.57
0.67
0.45
0.59
1.74
0.63
1.16
0.78
0.97
0.94
0.79
0.94
1.43
0.72
0.72
0.41
0.33
0.65
0.31
0.16
0.63
0.19
0.46
0.23
0.12
0.27
0.35
0.14
0.25
0.42
0.49
0.27
0.37
0.31
0.22
0.23
0.34
0.26
0.23
0.27
0.19
0.41
0.26
0.11
0.31
0.23
0.27
0.19
0.12
0.04
0.30
0.33
0.53
0.11
0.33
0.25
0.19
0.19
0.27
0.20
0.31
0.10
0.22
0.16
0.19
0.42
0.10
0.18
0.20
0.31
0.19
0.15
0.18
0.23
0.14
0.07
0.11
0.19
0.22
0.11
0.16
0.16
0.38
0.08
0.20
0.19
0.11
0.34
0.12
0.12
0.29
0.10
0.14
0.11
0.19
0.10
0.35
0.15
0.27
0.57
0.31
0.16
0.19
0.19
0.30
0.11
0.31
0.19
0.30
0.12
0.12
0.20
0.25
0.25
0.20
0.12
0.08
0.16
0.20
0.16
0.42
0.26
0.35
0.34
0.08
0.19
0.04
0.22
0.22
0.15
0.07
0.11
0.08
0.15
0.27
0.19
0.14
0.16
0.07
0.16
0.16
0.10
0.14
0.12
0.12
0.04
0.23
0.48
0.34
0.46
0.08
0.19
0.07
0.07
0.08
0.12
0.04
0.04
0.15
0.11
0.18
0.11
0.04
0.04
0.04
0.15
0.07
0.08
0.07
0.08
0.19
0.15
0.08
0.04
0.08
0.12
0.12
0.08
0.16
0.08
0.08
0.04
0.08
0.12
0.08
0.08
0.04
0.04
0.12
0.03
0.11
0.04
0.08
0.08
0.15
