GUESS    :RUNNING
STARTTIME:1287661255273
ENDTIME  :1287661270032
LOCATION :Location[mProvider=network,mTime=1287661221341,mLatitude=55.74958615,mLongitude=12.3767289,mHasAltitude=false,mAltitude=0.0,mHasSpeed=false,mSpeed=0.0,mHasBearing=false,mBearing=0.0,mHasAccuracy=true,mAccuracy=50.0,mExtras=Bundle[mParcelledData.dataSize=148]]
ADDRESS :

4.95
2.66
0.77
0.79
0.32
0.68
0.67
0.69
0.29
0.12
0.33
0.20
0.36
0.72
0.20
0.60
0.63
0.57
0.15
0.21
0.13
0.15
0.20
0.36
0.28
0.12
0.45
0.05
0.91
0.11
0.70
0.19
0.44
0.82
0.54
0.34
0.81
1.05
0.56
0.88
0.75
0.61
0.65
0.75
0.55
0.15
0.30
0.27
0.13
0.15
0.25
0.21
0.23
0.20
0.04
0.20
0.07
0.29
0.13
0.30
0.29
0.34
0.22
0.22
0.15
0.08
0.06
0.11
0.11
0.27
0.04
0.24
0.05
0.54
0.40
0.05
0.23
0.12
0.45
0.14
0.28
0.30
0.12
0.27
0.44
0.07
0.23
0.30
0.39
0.49
0.08
0.50
0.25
0.13
0.42
0.25
0.20
0.24
0.24
0.14
0.29
0.47
0.02
0.22
0.11
0.04
0.62
0.61
0.07
0.04
0.47
0.37
0.21
0.34
0.06
0.22
0.42
0.60
0.35
0.29
0.24
0.16
0.31
0.34
0.14
0.30
0.21
0.10
