GUESS    :MOVING_SM
STARTTIME:1287661533773
ENDTIME  :1287661548502
LOCATION :Location[mProvider=network,mTime=1287661521554,mLatitude=55.74960813333333,mLongitude=12.376808266666666,mHasAltitude=false,mAltitude=0.0,mHasSpeed=false,mSpeed=0.0,mHasBearing=false,mBearing=0.0,mHasAccuracy=true,mAccuracy=50.0,mExtras=Bundle[mParcelledData.dataSize=148]]
ADDRESS :

0.15
0.29
0.68
0.84
1.29
0.86
0.15
0.95
1.13
0.65
0.16
0.49
0.39
0.15
0.23
0.15
0.12
0.76
0.68
0.42
0.34
0.12
0.42
0.45
0.19
0.35
0.54
0.39
0.35
0.57
0.89
0.80
0.69
0.49
0.80
0.35
0.27
0.27
0.30
0.03
0.23
0.42
0.46
0.46
0.34
0.23
0.52
0.72
0.93
0.61
0.19
0.50
0.50
0.23
0.15
0.20
0.12
0.08
0.15
0.22
0.25
0.26
0.15
0.08
0.94
1.40
0.19
1.14
0.15
1.05
0.46
0.04
0.26
0.53
0.49
0.26
0.29
0.48
0.11
0.53
0.65
0.50
0.16
0.37
0.37
0.54
0.80
2.18
0.35
2.15
2.60
1.81
2.48
1.46
1.57
2.52
1.46
0.72
0.78
0.35
1.21
0.72
0.72
0.60
0.89
0.11
0.08
0.56
0.46
0.48
0.44
0.33
0.23
0.39
0.27
0.27
0.23
0.39
0.14
0.37
0.29
0.34
0.30
0.23
0.34
0.46
0.42
0.49
0.83
0.26
0.16
0.27
0.30
0.75
0.65
0.12
0.42
0.57
0.99
0.46
1.54
0.98
3.21
3.46
2.30
2.48
2.15
1.69
2.96
4.13
4.66
4.94
5.94
4.99
3.60
1.33
0.95
1.38
1.20
2.42
1.27
1.10
1.04
2.49
0.89
1.54
1.95
2.47
2.81
2.45
2.07
2.00
1.54
0.78
0.97
2.25
0.97
1.16
2.41
1.24
1.23
1.47
2.15
4.67
2.76
3.02
1.33
2.68
0.78
1.33
2.10
1.83
1.84
1.48
1.40
0.89
1.57
0.74
1.44
0.23
1.87
1.21
0.57
2.64
2.37
1.88
2.18
1.53
0.65
0.42
0.75
0.80
0.57
0.48
0.75
0.50
0.76
0.95
0.50
0.69
0.74
0.97
0.20
0.19
0.18
0.25
0.42
0.39
0.65
0.87
0.45
1.06
0.63
1.55
1.53
1.73
1.54
1.05
1.17
0.19
0.27
0.15
0.29
0.29
0.50
0.23
0.22
0.25
0.25
0.12
0.08
0.25
0.52
0.37
0.26
0.16
