GUESS    :MOVING_SM
STARTTIME:1287661592543
ENDTIME  :1287661607132
LOCATION :Location[mProvider=network,mTime=1287661581622,mLatitude=55.74960813333333,mLongitude=12.376808266666666,mHasAltitude=false,mAltitude=0.0,mHasSpeed=false,mSpeed=0.0,mHasBearing=false,mBearing=0.0,mHasAccuracy=true,mAccuracy=50.0,mExtras=Bundle[mParcelledData.dataSize=148]]
ADDRESS :

0.69
0.20
0.18
0.29
0.28
0.13
0.14
0.26
0.13
0.15
0.08
0.11
0.03
0.11
0.18
0.11
0.10
0.15
0.02
0.02
0.09
0.13
0.09
0.10
0.16
0.09
0.01
0.07
0.05
0.09
0.10
0.10
0.02
0.03
0.06
0.06
0.04
0.03
0.08
0.05
0.03
0.05
0.03
0.05
0.02
0.04
0.01
0.03
0.02
0.04
0.03
0.03
0.01
0.02
0.04
0.03
0.01
0.03
0.02
0.04
0.04
0.02
0.03
0.07
0.06
0.02
0.05
0.02
0.03
0.02
0.05
0.07
0.04
0.03
0.02
0.02
0.02
0.03
0.05
0.04
0.05
0.05
0.02
0.01
0.02
0.03
0.03
0.03
0.04
0.04
0.02
0.03
0.06
0.04
0.04
0.06
0.01
0.02
0.01
0.03
0.03
0.02
0.01
0.03
0.02
0.02
0.03
0.02
0.05
0.02
0.03
0.06
0.05
0.08
0.06
0.01
0.03
0.02
0.04
0.05
0.07
0.01
0.05
0.00
0.08
0.06
0.05
0.06
