GUESS    :MOVING_SM
STARTTIME:1287661695033
ENDTIME  :1287661709622
LOCATION :Location[mProvider=network,mTime=1287661701772,mLatitude=55.74960813333333,mLongitude=12.376808266666666,mHasAltitude=false,mAltitude=0.0,mHasSpeed=false,mSpeed=0.0,mHasBearing=false,mBearing=0.0,mHasAccuracy=true,mAccuracy=50.0,mExtras=Bundle[mParcelledData.dataSize=148]]
ADDRESS :

0.20
0.22
0.18
0.10
0.12
0.18
0.34
0.38
0.12
0.30
0.23
0.46
0.46
0.26
0.31
0.39
0.20
0.27
0.31
0.22
0.26
0.16
0.22
0.22
0.15
0.54
0.38
0.48
0.31
0.25
0.22
0.15
0.11
0.15
0.11
0.16
0.38
0.20
0.19
0.23
0.27
0.27
0.23
0.15
0.18
0.46
0.76
0.93
2.23
1.84
0.82
3.17
3.32
0.95
1.20
1.48
0.67
0.52
1.36
0.46
0.74
1.01
0.76
0.39
0.11
0.42
0.76
0.59
0.68
0.74
1.16
0.76
0.34
0.35
0.65
0.38
0.78
0.23
0.22
0.42
0.19
0.27
0.19
0.35
0.79
0.46
0.69
0.82
0.54
1.10
0.35
2.49
1.05
0.57
0.76
0.65
0.31
0.59
0.64
0.37
0.31
0.87
0.54
0.34
0.38
0.87
0.50
0.44
0.90
0.25
1.48
1.09
1.44
0.08
0.27
0.74
0.89
0.91
0.65
1.20
1.01
2.52
2.30
1.38
1.04
1.72
0.49
2.22
1.29
2.03
0.95
1.27
0.41
0.90
0.53
0.80
1.73
0.78
2.42
0.42
3.27
1.80
3.31
2.49
3.34
1.50
2.14
1.21
1.32
1.10
1.77
0.27
0.76
0.89
0.35
1.32
0.65
0.37
0.71
0.30
0.46
0.26
0.20
0.90
1.08
0.99
0.46
1.06
0.61
0.87
0.90
0.65
0.44
0.38
0.23
0.27
0.31
0.08
0.41
0.38
0.18
0.19
0.57
0.68
0.34
0.27
0.23
0.35
0.22
0.07
0.27
0.12
0.16
0.18
0.18
0.08
0.12
0.34
0.20
0.54
0.95
0.34
0.63
0.46
0.34
0.57
0.26
0.33
0.42
0.42
0.34
0.26
0.27
0.34
0.18
0.19
0.16
0.08
0.04
0.19
0.46
0.42
0.07
0.22
0.26
0.33
0.12
0.46
0.20
0.14
0.25
0.19
0.54
0.78
0.30
1.96
0.87
2.00
1.31
0.95
0.61
0.46
1.04
1.10
0.71
1.10
1.72
0.98
1.04
1.53
0.95
0.26
0.54
0.84
0.27
0.87
