GUESS    :WALKING
STARTTIME:1287661824488
ENDTIME  :1287661837542
LOCATION :Location[mProvider=network,mTime=1287661823748,mLatitude=55.7497511,mLongitude=12.376421666666667,mHasAltitude=false,mAltitude=0.0,mHasSpeed=false,mSpeed=0.0,mHasBearing=false,mBearing=0.0,mHasAccuracy=true,mAccuracy=50.0,mExtras=Bundle[mParcelledData.dataSize=148]]
ADDRESS :

1.39
3.06
3.17
1.65
2.23
1.76
1.65
1.57
1.38
2.67
7.53
3.50
2.60
2.42
3.23
3.60
3.06
2.38
2.71
2.14
3.36
2.63
1.57
4.71
1.04
1.87
0.64
0.80
0.95
3.17
2.34
2.03
0.87
2.00
4.03
4.37
2.70
2.21
1.73
1.50
0.99
1.44
1.97
1.29
1.77
0.87
2.44
1.84
0.42
2.29
3.43
1.88
1.46
1.25
4.33
1.65
1.96
1.29
1.65
1.04
1.73
0.65
1.02
0.45
0.65
0.72
1.53
0.31
1.80
1.46
0.46
0.64
0.59
0.94
0.34
0.16
0.39
0.22
0.39
0.23
0.89
0.50
0.35
0.34
0.26
0.65
0.59
0.63
0.95
1.57
2.76
0.68
2.81
2.23
3.09
1.68
2.06
1.23
1.08
1.83
1.42
2.22
0.67
1.24
1.88
0.41
2.26
2.29
1.01
4.15
5.30
6.48
2.70
3.64
3.61
3.02
2.00
0.72
3.00
4.41
0.71
2.83
1.14
2.15
1.08
1.43
1.20
0.64
0.74
1.84
0.89
1.36
1.96
1.84
4.10
3.06
6.85
1.80
3.26
0.64
0.65
4.06
1.36
4.26
1.39
1.58
2.67
1.20
1.50
0.53
1.29
1.14
1.77
0.97
1.04
0.84
0.57
0.69
0.54
0.86
0.95
0.78
0.90
1.18
4.03
1.76
5.08
1.96
2.17
4.34
2.23
1.88
1.74
0.99
1.38
0.56
1.18
1.04
1.58
3.00
1.10
5.28
3.51
3.21
4.48
3.30
3.30
2.78
3.17
3.75
3.16
1.92
4.09
2.47
0.84
2.30
2.14
1.58
2.52
2.62
2.11
1.76
1.16
0.86
0.42
1.13
0.45
0.68
0.83
1.23
0.91
0.97
1.51
0.68
0.80
1.88
5.05
2.87
6.09
5.37
6.81
2.33
0.82
1.20
1.66
0.49
1.80
2.19
3.39
3.73
3.60
1.33
3.20
4.28
2.14
1.50
0.93
1.31
0.72
1.09
1.39
0.87
1.72
3.11
1.16
3.72
1.77
1.50
1.31
2.71
1.33
2.37
1.88
1.25
1.16
0.46
