GUESS    :MOVING_ME
STARTTIME:1287662035663
ENDTIME  :1287662048663
LOCATION :Location[mProvider=network,mTime=1287662003874,mLatitude=55.74960813333333,mLongitude=12.376808266666666,mHasAltitude=false,mAltitude=0.0,mHasSpeed=false,mSpeed=0.0,mHasBearing=false,mBearing=0.0,mHasAccuracy=true,mAccuracy=50.0,mExtras=Bundle[mParcelledData.dataSize=148]]
ADDRESS :

1.43
1.20
0.93
0.10
0.37
0.27
0.48
0.32
0.46
0.27
0.31
0.17
0.30
0.26
0.29
0.25
0.16
0.21
0.27
0.32
0.38
0.36
0.29
0.27
0.19
0.33
0.29
0.37
0.22
0.18
0.17
0.27
0.29
0.25
0.20
0.22
0.19
0.17
0.18
0.09
0.23
0.15
0.13
0.11
0.12
0.17
0.15
0.13
0.09
0.16
0.16
0.19
0.14
0.17
0.17
0.20
0.21
0.15
0.17
0.14
0.11
0.14
0.10
0.10
0.07
0.10
0.20
0.15
0.19
0.10
0.12
0.04
0.08
0.05
0.09
0.12
0.12
0.04
0.03
0.06
0.09
0.14
0.09
0.12
0.10
0.10
0.18
0.19
0.15
0.08
0.09
0.06
0.09
0.14
0.20
0.20
0.15
0.07
0.08
0.12
0.14
0.09
0.07
0.05
0.08
0.09
0.13
0.22
0.20
0.10
0.12
0.09
0.17
0.11
0.13
0.07
0.06
0.07
0.11
0.12
0.09
0.11
0.14
0.05
0.05
0.06
0.15
0.17
