GUESS    :MOVING_SM
STARTTIME:1289118551361
ENDTIME  :1289118565508
LOCALSPD :-1.0
LONGSPD  :-1.0
LOCATION :Location[mProvider=network,mTime=1289118555948,mLatitude=55.74958615,mLongitude=12.3767289,mHasAltitude=false,mAltitude=0.0,mHasSpeed=false,mSpeed=0.0,mHasBearing=false,mBearing=0.0,mHasAccuracy=true,mAccuracy=50.0,mExtras=Bundle[mParcelledData.dataSize=148]]
ADDRESS :

15.79
0.46
0.42
0.19
0.22
0.26
0.19
0.19
0.22
0.23
0.27
0.25
0.12
0.35
0.74
0.54
0.59
0.65
0.48
0.34
0.19
0.23
0.61
1.57
0.93
1.35
2.17
1.69
1.04
0.59
1.04
0.37
0.16
0.69
0.30
0.29
0.33
0.11
0.59
0.61
0.42
0.25
0.39
0.15
0.30
0.04
0.15
0.23
0.15
0.35
0.04
0.60
0.48
1.24
0.84
0.53
0.87
0.69
0.71
1.24
1.20
0.46
0.69
0.57
0.45
0.42
0.14
0.31
0.12
0.19
0.23
0.31
0.46
0.23
0.53
0.60
0.94
1.16
1.31
0.82
0.54
0.68
0.61
1.42
0.26
0.26
0.42
0.42
0.31
0.44
0.15
0.76
0.42
0.63
1.09
0.74
0.34
0.34
0.29
1.10
0.91
0.16
0.20
0.57
0.46
0.15
0.31
0.26
0.91
0.78
0.71
0.29
0.42
0.27
0.15
0.15
0.89
1.29
0.97
1.18
1.88
1.97
1.61
1.18
1.95
1.46
3.00
1.92
4.84
4.54
3.83
1.50
2.76
0.94
2.83
2.37
2.02
1.08
2.07
6.78
1.65
2.79
1.54
0.31
0.12
0.12
0.04
0.04
0.12
0.08
0.08
0.12
0.08
0.04
0.08
0.08
0.08
0.08
0.08
0.12
0.12
0.08
0.04
0.08
0.12
0.04
0.04
0.04
0.12
0.12
0.04
0.12
0.04
0.12
0.12
0.04
0.08
0.12
0.08
0.04
0.08
0.12
0.20
0.04
0.08
0.04
0.08
0.04
0.08
0.08
0.12
0.08
0.08
0.12
0.08
0.04
0.04
0.08
0.12
0.12
0.08
0.16
0.16
0.04
0.08
0.04
0.04
0.04
0.12
0.16
0.20
0.08
0.12
0.04
0.08
0.12
0.04
0.04
0.04
0.08
0.04
0.04
0.04
0.04
0.12
0.08
0.08
0.04
0.08
0.12
0.12
0.04
0.60
1.29
1.08
0.84
0.46
0.07
0.11
0.27
0.19
0.27
0.50
0.25
0.18
0.15
0.12
0.11
0.34
0.54
0.20
0.27
0.87
0.34
0.95
1.72
