GUESS    :MOVING_HI
STARTTIME:1289378405359
ENDTIME  :1289378420126
LOCALSPD :0.0
LONGSPD  :0.0
LOCATION :Location[mProvider=network,mTime=1289378374308,mLatitude=55.749582425,mLongitude=12.377094775,mHasAltitude=false,mAltitude=0.0,mHasSpeed=false,mSpeed=0.0,mHasBearing=false,mBearing=0.0,mHasAccuracy=true,mAccuracy=51.0,mExtras=Bundle[mParcelledData.dataSize=148]]
ADDRESS :

1.73
4.29
1.84
0.71
1.17
1.77
1.18
5.82
4.90
4.07
4.21
4.10
1.01
2.03
1.01
2.52
4.14
4.39
4.73
8.31
8.04
3.45
2.75
5.54
3.75
5.71
2.78
2.19
1.35
3.57
0.74
2.63
0.80
4.13
1.38
2.62
2.83
3.41
4.88
4.94
4.21
2.75
2.37
3.38
1.35
3.70
0.72
1.35
2.64
2.76
2.04
1.31
1.53
0.49
3.58
5.28
1.96
1.72
5.87
2.83
1.88
4.37
2.30
4.25
0.25
1.96
1.57
1.99
2.62
0.68
3.09
3.31
3.72
0.93
1.58
0.16
1.92
5.71
2.26
2.81
3.24
1.40
1.28
1.21
0.38
1.47
2.14
2.94
0.89
3.51
1.17
1.38
2.87
1.23
1.17
1.96
2.12
1.21
5.34
1.06
1.62
1.91
2.96
5.67
3.94
12.03
13.29
4.79
6.74
6.28
6.40
2.48
3.02
4.75
3.42
3.55
1.61
3.36
1.57
1.87
1.66
2.96
4.75
4.25
3.99
4.64
0.90
2.81
2.19
1.27
2.68
1.12
2.07
4.62
3.32
1.53
1.44
1.47
1.27
1.73
2.34
1.69
3.16
1.62
2.18
2.45
2.30
5.95
4.63
7.95
11.33
1.70
0.82
6.20
3.50
3.00
1.61
1.69
3.01
3.24
4.48
2.37
3.28
2.03
1.73
2.25
3.45
4.48
2.03
1.87
4.56
3.30
2.90
4.41
0.76
1.27
3.21
1.35
3.69
5.76
1.68
1.31
1.25
1.80
5.07
1.80
1.29
4.14
4.67
2.08
2.52
1.28
0.53
2.94
1.36
3.34
3.55
1.35
3.04
0.95
3.57
1.23
1.95
1.62
3.95
4.56
2.86
2.86
3.00
2.51
0.38
1.18
3.38
3.16
2.37
2.12
2.97
2.02
3.51
5.42
2.07
1.10
4.10
2.98
1.62
1.92
2.34
2.72
2.55
3.61
6.12
3.72
9.85
6.27
5.90
12.65
13.95
4.55
5.97
3.76
3.45
3.09
2.07
4.55
4.69
1.43
1.28
2.02
5.67
2.02
3.02
0.49
3.11
4.25
4.63
2.98
