GUESS    :MOVING_ME
STARTTIME:1289378633577
ENDTIME  :1289378647287
LOCALSPD :0.0
LONGSPD  :0.0
LOCATION :Location[mProvider=network,mTime=1289378614757,mLatitude=55.749582425,mLongitude=12.377094775,mHasAltitude=false,mAltitude=0.0,mHasSpeed=false,mSpeed=0.0,mHasBearing=false,mBearing=0.0,mHasAccuracy=true,mAccuracy=51.0,mExtras=Bundle[mParcelledData.dataSize=148]]
ADDRESS :

2.87
4.29
1.48
2.37
3.15
3.08
3.69
0.56
2.97
1.65
0.37
1.74
0.61
0.57
0.31
1.18
1.14
1.33
0.60
0.23
0.18
0.44
0.79
0.86
0.41
0.26
1.38
0.82
1.29
0.38
1.46
0.82
1.01
1.38
4.41
4.44
0.84
0.29
1.09
0.78
0.68
0.57
0.39
0.46
1.25
0.53
0.23
0.38
1.73
1.88
1.27
0.61
1.05
1.50
1.46
1.08
0.65
0.86
1.39
1.63
1.44
3.57
2.33
3.47
1.16
0.61
4.22
1.13
1.38
2.23
4.37
1.29
0.78
3.39
5.20
3.36
3.55
3.32
4.82
2.52
1.27
1.32
1.46
0.79
0.61
0.42
0.87
0.46
0.87
0.78
0.75
0.72
0.37
0.14
0.44
0.49
0.84
0.23
0.30
0.41
1.80
1.92
1.44
1.31
1.51
1.10
0.83
1.92
1.14
1.14
1.27
1.16
0.78
1.46
1.27
0.97
0.74
1.08
2.49
1.87
2.04
2.38
1.84
0.89
0.42
0.97
0.49
0.71
0.95
0.99
1.96
2.15
1.38
0.69
0.74
0.61
1.12
0.80
1.31
2.00
2.26
2.03
0.86
2.21
3.11
12.37
5.94
8.46
4.60
8.21
3.64
4.41
2.52
5.75
5.03
5.05
1.33
2.57
1.72
1.23
2.29
0.78
0.78
2.34
1.46
1.77
3.11
4.18
1.43
2.26
2.11
0.71
0.99
0.91
0.68
0.79
0.91
0.54
0.48
0.42
0.99
0.50
0.57
0.89
0.72
0.45
0.80
0.39
1.16
0.76
0.75
1.46
0.19
2.26
1.42
2.27
1.44
2.67
1.42
1.70
1.46
2.11
1.46
5.41
3.41
0.80
3.04
1.09
0.91
0.83
3.41
3.60
3.77
5.38
2.49
1.53
2.30
0.54
0.64
0.44
0.76
2.38
2.44
1.47
6.24
5.63
4.48
2.96
2.10
0.53
1.99
1.14
5.09
3.57
2.72
4.59
5.09
4.29
3.39
2.34
1.81
1.50
1.32
2.94
1.68
4.82
7.94
7.19
6.57
3.23
3.02
1.24
1.33
2.64
5.64
5.01
