GUESS    :MOVING_ME
STARTTIME:1289377070235
ENDTIME  :1289377084612
LOCALSPD :0.0
LONGSPD  :0.0
LOCATION :Location[mProvider=network,mTime=1289377075771,mLatitude=55.749582425,mLongitude=12.377094775,mHasAltitude=false,mAltitude=0.0,mHasSpeed=false,mSpeed=0.0,mHasBearing=false,mBearing=0.0,mHasAccuracy=true,mAccuracy=51.0,mExtras=Bundle[mParcelledData.dataSize=148]]
ADDRESS :

3.61
2.22
2.15
2.37
1.46
0.46
1.48
2.03
2.57
3.92
1.53
0.76
0.84
2.18
1.65
2.36
1.47
0.57
0.91
1.91
4.05
5.46
3.34
4.41
2.79
3.04
2.67
2.00
2.15
5.28
2.51
2.33
2.67
1.33
2.87
1.69
3.84
1.88
2.37
1.84
1.08
2.66
2.18
0.57
3.45
1.97
2.03
1.72
1.50
2.34
0.69
2.44
1.62
1.31
2.08
3.26
2.49
2.25
1.12
1.84
2.15
0.80
1.57
3.15
2.51
4.37
2.41
3.98
1.77
2.76
1.29
2.51
3.26
2.60
1.92
2.26
3.57
1.61
1.14
1.25
3.36
1.08
3.54
3.00
1.23
2.30
1.17
2.10
2.70
3.41
3.11
1.84
3.11
3.49
4.29
2.22
2.81
1.59
1.40
2.59
2.75
1.99
0.69
1.06
1.66
0.80
1.84
1.39
2.67
1.70
3.73
2.45
1.18
2.91
0.93
1.14
3.02
1.48
1.92
1.32
0.57
1.44
2.38
2.07
2.78
2.22
1.84
1.73
1.35
2.11
2.62
2.70
4.17
4.06
3.02
1.20
3.11
3.00
2.81
1.54
4.60
1.81
1.39
1.29
2.37
1.96
2.82
1.95
1.40
3.02
2.26
3.72
1.62
1.08
1.04
1.96
1.92
0.74
1.80
0.94
1.61
1.27
1.88
1.99
1.78
2.63
4.41
2.10
1.87
2.49
1.14
3.00
1.88
1.24
2.07
2.66
3.49
6.48
2.23
3.11
2.10
1.83
2.34
2.53
2.12
2.37
3.16
4.02
5.05
1.88
2.14
3.99
1.02
1.32
2.22
2.68
3.79
3.47
0.89
2.26
2.17
1.85
1.39
1.18
2.34
1.54
2.06
2.32
1.29
2.63
2.10
1.69
1.46
0.95
1.80
1.24
1.57
1.92
3.01
4.28
4.71
1.65
2.15
3.99
0.74
2.63
0.74
3.01
0.50
3.70
3.19
0.39
2.41
1.14
1.43
0.60
2.86
0.79
1.77
4.64
2.82
2.41
2.11
3.90
1.31
2.57
0.31
1.35
1.38
1.88
1.44
3.13
1.48
1.99
2.10
3.68
