GUESS    :MOVING_ME
STARTTIME:1289377099022
ENDTIME  :1289377113314
LOCALSPD :0.0
LONGSPD  :0.0
LOCATION :Location[mProvider=network,mTime=1289377075771,mLatitude=55.749582425,mLongitude=12.377094775,mHasAltitude=false,mAltitude=0.0,mHasSpeed=false,mSpeed=0.0,mHasBearing=false,mBearing=0.0,mHasAccuracy=true,mAccuracy=51.0,mExtras=Bundle[mParcelledData.dataSize=148]]
ADDRESS :

2.56
4.70
2.57
1.23
1.76
1.04
1.35
2.10
2.47
3.01
0.98
2.30
1.39
0.69
1.57
5.09
9.89
4.36
7.21
11.48
3.96
5.13
2.41
3.11
2.75
1.48
3.60
2.03
1.96
1.96
2.18
2.66
0.91
0.49
1.96
2.11
1.14
5.63
8.31
4.06
1.97
4.02
2.86
4.14
3.87
4.79
2.11
3.02
1.77
2.33
1.66
0.63
2.04
2.87
1.65
3.12
1.58
1.65
3.92
4.26
4.67
1.68
1.47
0.78
1.66
1.16
2.33
2.72
2.36
1.95
0.87
1.23
1.61
3.84
0.34
1.18
2.86
2.34
1.46
0.99
2.17
3.49
1.68
2.34
2.11
1.20
2.68
1.38
0.97
2.98
1.53
1.99
2.72
1.69
0.99
0.35
2.45
2.68
1.61
2.52
1.65
1.84
1.01
2.83
1.38
1.35
0.82
1.08
2.02
2.74
4.14
1.61
2.07
4.33
3.41
3.98
1.58
0.54
1.91
1.61
1.39
1.42
2.22
1.54
3.02
2.91
2.56
5.03
0.99
4.99
3.79
2.00
2.59
2.94
1.61
2.03
1.61
1.70
2.68
1.23
2.27
1.72
1.21
1.14
1.88
4.02
6.39
6.74
2.87
4.90
2.51
1.50
3.36
3.02
3.27
3.06
3.76
3.47
1.77
2.21
2.17
0.57
3.23
2.62
3.60
5.64
2.55
1.92
6.46
8.54
1.16
2.45
2.64
2.94
2.96
3.60
3.46
2.91
5.43
1.81
2.36
1.78
3.95
1.53
2.64
2.02
2.79
2.66
2.76
7.37
4.15
3.36
3.39
1.72
3.84
3.60
2.90
4.06
6.02
1.38
1.29
2.12
1.27
2.37
3.42
1.08
4.00
1.92
1.91
1.68
1.10
2.76
4.03
2.30
1.08
1.24
2.76
1.59
3.30
2.29
2.70
2.91
1.65
1.08
1.08
2.27
1.59
2.27
1.80
1.42
1.35
0.52
1.96
1.20
2.94
1.81
0.61
1.13
0.64
0.27
1.85
1.33
1.99
2.76
1.12
1.58
0.37
2.27
3.83
1.61
1.08
2.06
2.33
3.32
4.90
5.43
