GUESS    :MOVING_SM
STARTTIME:1290872901713
ENDTIME  :1290872914602
LOCALSPD :1.308114
LONGSPD  :11.081145
LOCATION :Location[mProvider=network,mTime=1290872893309,mLatitude=55.740442,mLongitude=12.376823,mHasAltitude=false,mAltitude=0.0,mHasSpeed=false,mSpeed=0.0,mHasBearing=false,mBearing=0.0,mHasAccuracy=true,mAccuracy=872.0,mExtras=Bundle[mParcelledData.dataSize=148]]
ADDRESS :

0.10
0.18
0.12
0.25
0.18
0.29
0.23
0.29
0.12
0.20
0.08
0.08
0.19
0.16
0.19
0.20
0.15
0.11
0.18
0.35
0.39
0.11
0.12
0.19
0.16
0.54
0.25
0.42
0.34
0.27
0.45
0.11
0.07
0.14
0.22
0.29
0.07
0.19
0.19
0.15
0.26
0.08
0.19
0.23
0.12
0.26
0.20
0.23
0.19
0.29
0.23
0.12
0.19
0.16
0.33
0.15
0.07
0.15
0.16
0.15
0.37
0.23
0.39
0.16
0.19
0.14
0.18
0.19
0.23
0.45
0.25
0.11
0.34
0.14
0.27
0.04
0.12
0.25
0.22
0.22
0.12
0.16
0.19
0.12
0.16
0.08
0.27
0.34
0.16
0.11
0.22
0.12
0.19
0.27
0.19
0.15
0.08
0.31
0.44
0.19
0.23
0.16
0.27
0.11
0.27
0.25
0.18
0.23
0.11
0.20
0.07
0.19
0.08
0.18
0.14
0.03
0.14
0.25
0.22
0.16
0.23
0.19
0.15
0.16
0.11
0.20
0.14
0.15
0.11
0.15
0.29
0.14
0.19
0.19
0.20
0.23
0.20
0.35
0.25
0.18
0.12
0.08
0.22
0.08
0.26
0.15
0.19
0.23
0.04
0.08
0.04
0.26
0.46
0.31
0.34
0.15
0.26
0.65
0.65
0.27
0.11
0.23
0.19
0.35
0.23
0.23
0.20
0.29
0.35
0.15
0.16
0.19
0.34
0.37
0.49
0.26
0.11
0.26
0.07
0.45
0.41
0.23
0.27
0.18
0.23
0.08
0.16
0.08
0.19
0.03
0.25
0.16
0.23
0.07
0.10
0.20
0.19
0.15
0.12
0.08
0.20
0.19
0.22
0.11
0.16
0.23
0.12
0.31
0.19
0.12
0.15
0.22
0.25
0.12
0.23
0.18
0.20
0.23
0.08
0.23
0.12
0.15
0.07
0.16
0.12
0.29
0.29
0.12
0.38
0.22
0.26
0.20
0.15
0.11
0.12
0.12
0.12
0.12
0.18
0.26
0.23
0.11
0.11
0.33
0.31
0.16
0.25
0.35
0.39
0.18
0.04
0.27
0.31
0.26
0.12
0.23
