GUESS    :WALKING
STARTTIME:1290871559864
ENDTIME  :1290871572784
LOCALSPD :0.0
LONGSPD  :0.0
LOCATION :Location[mProvider=network,mTime=1290871556314,mLatitude=55.610584,mLongitude=12.31749,mHasAltitude=false,mAltitude=0.0,mHasSpeed=false,mSpeed=0.0,mHasBearing=false,mBearing=0.0,mHasAccuracy=true,mAccuracy=726.0,mExtras=Bundle[mParcelledData.dataSize=148]]
ADDRESS :

2.37
1.44
0.99
0.53
0.65
0.27
0.41
0.48
0.35
0.30
0.18
0.30
0.33
0.28
0.16
0.19
0.14
0.28
0.38
0.33
0.19
0.54
0.87
0.74
0.35
0.32
0.27
0.29
0.33
0.42
0.39
0.32
0.19
0.24
0.07
0.15
0.17
0.04
0.05
0.16
0.15
0.15
0.05
0.14
0.26
0.18
0.21
0.17
0.12
0.17
0.15
0.27
0.31
0.19
0.17
0.19
0.13
0.13
0.16
0.16
0.16
0.13
0.15
0.12
0.04
0.06
0.05
0.16
0.14
0.09
0.08
0.15
0.10
0.14
0.10
0.21
0.17
0.08
0.15
0.14
0.18
0.29
0.20
0.25
0.12
0.14
0.09
0.04
0.07
0.02
0.20
0.10
0.08
0.03
0.03
0.10
0.13
0.14
0.05
0.09
0.17
0.08
0.11
0.17
0.10
0.08
0.12
0.08
0.21
0.20
0.10
0.04
0.21
0.16
0.27
0.24
0.25
0.08
0.34
0.16
0.07
0.17
0.11
0.12
0.21
0.27
0.13
0.18
