GUESS    :MOVING_SM
STARTTIME:1290871703572
ENDTIME  :1290871717262
LOCALSPD :0.0
LONGSPD  :0.0
LOCATION :Location[mProvider=network,mTime=1290871703336,mLatitude=55.610584,mLongitude=12.31749,mHasAltitude=false,mAltitude=0.0,mHasSpeed=false,mSpeed=0.0,mHasBearing=false,mBearing=0.0,mHasAccuracy=true,mAccuracy=726.0,mExtras=Bundle[mParcelledData.dataSize=148]]
ADDRESS :

1.14
0.38
0.82
2.15
1.54
0.95
0.89
0.38
0.27
0.49
0.44
0.54
0.52
0.63
0.42
0.27
0.45
0.45
0.72
0.57
0.83
0.53
0.68
0.54
0.46
0.46
0.72
0.72
0.41
0.64
0.25
0.86
0.72
0.67
0.57
1.12
0.12
0.69
0.54
0.35
0.93
0.42
0.53
0.64
0.74
0.53
0.99
0.23
0.63
0.56
0.30
0.31
0.87
0.65
0.57
0.61
1.08
1.88
1.50
0.93
2.18
1.76
1.81
2.60
2.06
2.70
1.65
1.85
1.65
1.24
1.61
0.57
0.76
0.84
0.78
0.80
0.57
0.69
0.80
0.31
0.27
0.52
0.11
0.45
0.94
0.69
0.99
0.38
0.78
1.05
0.54
0.46
0.35
0.95
0.75
1.27
0.69
0.57
0.80
0.82
0.37
1.08
0.45
0.27
1.53
0.72
0.93
0.63
0.18
0.65
0.54
1.23
0.53
1.01
1.06
1.42
0.84
0.34
0.14
0.38
0.26
0.37
0.31
0.48
0.42
0.68
0.39
0.72
0.64
0.57
1.78
1.55
0.91
0.93
0.74
0.84
1.77
0.87
0.97
1.04
0.35
0.98
0.93
0.19
0.31
0.61
0.42
0.54
0.38
0.46
0.19
0.54
0.65
0.46
0.38
0.68
0.53
0.46
0.53
0.22
0.11
0.39
0.12
0.37
0.19
0.35
0.54
0.65
0.31
0.68
0.38
0.23
0.78
0.15
0.44
0.38
0.19
0.20
0.34
0.20
0.27
0.12
0.11
0.19
0.26
0.11
0.35
0.18
0.30
0.50
0.25
0.65
0.65
0.45
0.64
1.02
0.83
0.93
0.76
0.50
0.27
1.12
0.34
0.38
0.41
0.46
0.42
1.85
1.69
1.77
0.83
0.80
0.57
2.22
1.01
2.08
0.80
1.83
1.65
1.21
0.38
0.49
0.49
0.64
0.56
0.27
0.53
1.13
0.57
1.51
1.93
0.65
0.87
0.72
0.31
0.38
0.65
0.68
0.38
0.57
0.65
0.34
0.52
0.61
0.49
0.35
0.41
0.45
0.19
0.64
0.25
0.72
0.57
0.42
0.76
0.45
