GUESS    :MOVING_SM
STARTTIME:1290872004984
ENDTIME  :1290872017952
LOCALSPD :0.0
LONGSPD  :0.0
LOCATION :Location[mProvider=network,mTime=1290872010787,mLatitude=55.627838,mLongitude=12.326193,mHasAltitude=false,mAltitude=0.0,mHasSpeed=false,mSpeed=0.0,mHasBearing=false,mBearing=0.0,mHasAccuracy=true,mAccuracy=1375.0,mExtras=Bundle[mParcelledData.dataSize=148]]
ADDRESS :

0.30
1.06
1.08
0.34
0.89
0.46
0.68
0.27
0.53
0.15
0.30
0.42
0.30
0.26
0.46
0.15
0.57
0.25
0.34
0.35
0.30
0.56
0.61
0.54
0.15
0.31
0.16
0.26
0.27
0.35
0.46
0.30
0.04
0.89
0.53
0.31
0.61
0.34
0.34
0.31
0.35
0.20
0.31
0.61
0.57
0.35
0.57
0.49
0.19
0.15
0.31
0.31
0.33
0.18
0.41
0.53
0.29
0.34
0.50
0.38
0.23
0.12
0.20
0.38
0.34
0.19
0.12
0.22
0.49
0.23
0.38
0.49
0.27
0.72
0.68
0.38
0.14
0.38
0.38
0.31
1.06
0.61
0.35
0.72
0.53
0.45
0.18
0.23
0.44
0.44
0.34
0.57
0.52
0.38
0.65
0.26
0.16
0.27
0.37
0.35
0.41
0.46
0.19
0.35
0.45
0.20
0.26
0.27
0.37
0.86
0.19
0.38
0.15
0.23
0.74
0.35
0.76
0.69
0.22
0.68
0.49
0.44
0.12
0.35
0.50
0.11
0.59
0.44
0.23
0.38
0.53
0.18
0.12
0.42
0.35
0.19
0.30
0.67
0.59
0.31
0.42
0.52
0.23
0.49
0.26
0.10
0.82
0.39
0.11
0.57
0.41
0.19
0.44
0.46
0.69
0.57
0.50
0.54
0.69
0.84
0.80
0.19
0.34
0.23
0.23
0.16
0.26
0.39
0.35
0.27
0.45
0.37
0.57
0.76
0.61
0.59
0.97
0.38
0.42
0.27
0.69
0.50
0.37
0.04
0.27
0.31
0.11
0.31
0.37
0.27
0.42
0.53
0.69
0.30
0.14
1.04
0.53
0.37
0.53
0.15
0.34
0.60
0.44
0.38
0.37
0.50
0.31
0.61
1.02
0.15
0.30
0.22
0.20
0.34
0.46
0.44
0.38
0.30
0.29
0.30
0.30
0.31
0.27
0.11
0.34
0.22
0.19
0.19
0.15
0.34
0.34
0.42
0.37
0.14
0.14
0.45
0.46
0.97
0.33
0.04
0.54
0.30
0.53
0.61
0.45
0.31
0.19
0.49
0.16
0.19
0.67
0.35
0.20
0.23
0.84
0.23
