GUESS    :MOVING_ME
STARTTIME:1290871243581
ENDTIME  :1290871256463
LOCALSPD :0.0
LONGSPD  :-1.0
LOCATION :Location[mProvider=network,mTime=1290871238690,mLatitude=55.610584,mLongitude=12.31749,mHasAltitude=false,mAltitude=0.0,mHasSpeed=false,mSpeed=0.0,mHasBearing=false,mBearing=0.0,mHasAccuracy=true,mAccuracy=726.0,mExtras=Bundle[mParcelledData.dataSize=148]]
ADDRESS :

0.19
0.20
0.20
0.07
0.27
0.12
0.27
0.15
0.08
0.08
0.12
0.08
0.16
0.08
0.08
0.16
0.29
0.16
0.12
0.20
0.08
0.04
0.12
0.08
0.16
0.16
0.16
0.08
0.12
0.04
0.12
0.04
0.12
0.04
0.04
0.15
0.11
0.16
0.04
0.12
0.12
0.08
0.16
0.04
0.08
0.08
1.69
5.76
5.04
6.59
9.58
2.94
11.89
7.19
14.78
7.27
6.78
2.18
3.05
6.29
14.83
18.43
21.63
13.53
5.43
11.75
12.33
10.50
7.04
3.91
8.12
5.90
10.81
10.00
10.34
1.38
6.78
1.85
4.03
6.88
2.68
3.91
3.90
3.01
1.21
9.47
12.38
10.69
5.52
4.70
10.58
7.71
8.46
3.98
19.19
6.12
15.17
11.71
10.47
14.33
6.89
12.37
8.64
4.56
1.55
3.61
8.46
8.05
2.64
5.41
3.39
3.26
5.20
7.19
3.91
2.81
4.84
5.67
9.41
11.56
3.00
2.52
3.60
2.79
4.71
4.84
1.25
2.14
1.01
0.59
1.68
3.21
2.96
1.77
1.80
1.12
0.72
0.45
0.49
0.46
0.29
0.34
0.27
0.27
0.18
0.07
0.27
0.35
0.19
0.11
0.23
0.11
0.08
0.12
0.16
0.12
0.15
0.19
0.15
0.03
0.07
0.04
0.12
0.15
0.11
0.07
0.22
0.31
0.31
0.16
0.39
0.31
0.14
0.19
0.15
0.11
0.11
0.12
0.16
0.08
0.15
0.15
0.04
0.12
0.07
0.11
0.15
0.29
0.23
0.20
0.34
0.25
0.22
0.38
0.30
0.15
0.31
0.33
0.12
0.12
0.19
0.27
0.12
0.11
0.27
0.18
0.05
0.11
0.22
0.19
0.30
0.31
0.10
0.38
0.35
0.31
0.26
0.46
0.44
0.54
0.41
0.48
0.31
0.15
0.15
0.11
0.07
0.11
0.38
0.38
0.15
0.38
0.39
0.46
0.54
0.16
0.34
0.38
0.12
0.07
0.18
0.30
0.23
0.31
0.15
0.25
0.30
0.18
0.15
0.16
0.39
2.30
6.29
6.76
3.53
2.72
