GUESS    :MOVING_SM
STARTTIME:1289925958176
ENDTIME  :1289925971216
LOCALSPD :0.0
LONGSPD  :0.0
LOCATION :Location[mProvider=network,mTime=1289925964000,mLatitude=50.894824,mLongitude=4.46549,mHasAltitude=false,mAltitude=0.0,mHasSpeed=false,mSpeed=0.0,mHasBearing=false,mBearing=0.0,mHasAccuracy=true,mAccuracy=2303.0,mExtras=Bundle[mParcelledData.dataSize=148]]
ADDRESS :

0.23
0.57
0.31
0.20
0.15
0.44
0.27
0.15
0.18
0.42
0.26
0.15
0.42
0.46
0.33
0.35
0.61
0.41
0.59
0.35
0.25
0.37
0.07
0.20
0.46
0.74
0.34
0.26
0.11
0.31
0.38
0.68
0.84
0.65
0.34
0.56
0.37
0.12
0.26
0.34
0.38
0.46
0.56
0.63
0.27
0.76
0.50
0.53
0.76
0.91
0.82
0.78
0.54
0.35
0.46
0.27
0.50
0.69
0.19
0.49
0.23
0.41
0.38
0.45
0.49
0.37
0.72
0.44
0.72
0.29
0.48
0.34
0.38
0.23
0.42
0.57
0.37
0.53
0.20
0.30
0.39
0.45
0.46
0.39
0.54
0.84
0.38
0.26
0.34
0.63
0.68
0.22
0.76
0.42
0.63
0.57
0.39
0.63
0.12
0.30
0.56
0.23
0.04
0.27
0.35
0.19
0.45
0.42
0.26
0.38
0.15
0.15
0.22
0.19
0.18
0.42
0.30
0.38
0.37
0.56
0.57
0.26
0.45
0.60
0.29
0.15
0.42
0.34
0.41
0.50
0.49
0.65
2.44
4.55
1.68
1.50
1.97
1.80
0.57
0.91
0.91
1.10
2.67
5.58
3.60
3.45
0.99
1.16
1.53
0.39
0.71
0.76
0.53
0.44
0.65
0.27
0.65
0.23
0.63
0.38
0.45
0.54
0.65
0.30
0.31
0.59
0.53
0.19
0.46
0.20
0.26
0.15
0.65
0.61
0.23
0.08
0.74
0.54
0.53
0.45
0.30
0.42
0.27
0.19
0.11
0.22
0.61
0.59
0.12
0.42
0.12
0.45
0.39
0.64
0.18
0.57
0.42
0.46
0.50
0.23
0.41
0.25
0.61
0.22
0.12
0.26
0.68
0.46
0.52
0.19
0.23
0.23
0.60
0.26
0.19
0.23
0.29
0.80
0.65
0.46
0.99
1.23
1.01
0.54
0.59
0.68
0.54
0.65
1.04
0.41
0.50
0.33
0.57
0.35
0.50
0.86
0.93
0.72
0.56
0.54
0.31
0.16
0.42
0.11
0.53
0.49
0.27
0.26
0.19
0.12
0.44
0.42
0.19
0.20
0.38
0.57
