GUESS    :MOVING_SM
STARTTIME:1289926208753
ENDTIME  :1289926222272
LOCALSPD :0.0
LONGSPD  :3.541718
LOCATION :Location[mProvider=network,mTime=1289926171311,mLatitude=50.929802,mLongitude=4.4682,mHasAltitude=false,mAltitude=0.0,mHasSpeed=false,mSpeed=0.0,mHasBearing=false,mBearing=0.0,mHasAccuracy=true,mAccuracy=1057.0,mExtras=Bundle[mParcelledData.dataSize=148]]
ADDRESS :

1.23
0.49
1.40
0.60
0.38
0.15
1.32
0.20
0.57
0.31
0.46
0.97
0.74
0.68
1.72
0.30
0.44
7.26
10.49
7.48
4.90
2.10
0.83
0.84
2.03
1.25
1.61
1.59
1.31
2.87
2.06
1.18
1.05
0.50
0.50
1.40
0.71
0.27
1.27
0.22
0.23
0.38
0.61
0.59
1.35
1.14
0.99
8.16
6.55
0.54
1.38
1.04
0.12
0.76
1.20
0.30
1.25
0.80
0.48
0.90
0.76
1.06
1.21
1.09
2.96
2.26
0.19
1.29
0.65
0.46
0.60
0.45
0.72
0.87
1.42
0.84
1.12
0.60
2.19
2.18
0.65
1.44
0.75
0.84
1.32
0.42
0.34
0.16
0.60
1.38
0.15
1.12
0.68
0.49
0.87
0.50
0.87
0.74
1.53
2.07
0.78
1.39
0.80
0.30
0.68
0.95
0.15
1.20
0.91
1.38
2.11
0.19
1.43
0.63
0.80
1.54
1.23
0.46
1.50
0.69
1.72
1.69
0.63
1.42
0.20
2.03
1.84
1.23
2.04
0.33
1.95
1.96
0.54
1.68
1.04
0.97
1.35
0.76
1.48
0.76
1.33
1.48
0.41
0.91
0.38
1.72
0.91
1.73
2.37
0.67
1.31
0.95
0.25
1.43
0.69
0.95
1.53
0.35
0.95
0.45
0.54
1.12
1.20
0.84
0.86
0.69
0.31
0.60
0.30
0.26
0.56
0.57
0.59
0.56
2.12
0.84
0.54
0.65
0.60
0.42
0.57
1.06
0.42
1.53
0.95
0.38
0.80
0.50
0.11
0.65
0.72
0.61
0.80
0.80
0.67
1.01
0.65
1.68
1.32
0.72
0.57
1.04
0.61
1.63
1.43
0.69
0.57
0.76
1.92
0.54
1.77
0.69
1.01
0.35
0.45
0.08
0.46
0.89
0.95
1.33
0.49
0.54
0.50
0.74
0.34
0.23
0.30
0.38
1.42
1.21
1.48
0.52
1.29
0.89
0.15
0.41
0.61
0.34
0.25
1.24
1.80
0.37
1.51
1.24
0.64
0.67
0.93
1.54
1.57
0.41
1.43
1.61
0.26
0.42
1.43
0.78
