GUESS    :MOVING_SM
STARTTIME:1289927150894
ENDTIME  :1289927163942
LOCALSPD :17.589245
LONGSPD  :17.9027
LOCATION :Location[mProvider=network,mTime=1289927139316,mLatitude=51.136868,mLongitude=4.427009,mHasAltitude=false,mAltitude=0.0,mHasSpeed=false,mSpeed=0.0,mHasBearing=false,mBearing=0.0,mHasAccuracy=true,mAccuracy=1551.0,mExtras=Bundle[mParcelledData.dataSize=148]]
ADDRESS :

0.46
0.42
0.64
0.84
0.38
1.31
0.50
0.20
0.91
0.48
0.65
0.87
0.39
0.27
0.34
0.52
0.31
0.61
0.72
0.83
0.76
0.69
0.76
0.80
0.57
0.69
0.34
0.50
0.80
0.78
1.04
0.65
0.38
0.27
0.71
0.71
0.48
0.63
0.45
0.72
0.34
0.25
0.22
0.37
0.46
0.89
0.61
0.65
0.52
0.37
0.42
0.59
0.38
0.57
0.42
0.52
0.57
0.54
0.98
0.84
0.54
0.19
0.50
0.54
0.31
0.57
0.53
0.35
0.35
0.59
0.49
0.46
0.69
0.74
0.84
0.23
0.46
0.46
0.34
0.53
0.53
0.57
0.53
0.12
0.79
0.42
0.08
0.19
0.67
1.99
1.93
0.93
0.89
0.65
0.44
0.16
0.27
0.48
0.38
0.49
0.33
0.16
0.27
0.33
0.16
0.29
0.95
0.74
0.82
0.48
0.39
0.38
0.44
0.42
0.30
0.95
0.34
0.04
0.15
0.38
0.50
0.37
0.42
0.26
1.32
6.05
6.47
2.11
3.95
2.81
0.86
0.74
0.27
0.41
0.57
0.45
0.39
0.27
0.34
0.42
0.35
1.35
1.85
0.71
0.52
0.48
0.27
0.72
0.25
0.61
0.41
0.52
1.53
0.80
2.47
2.66
1.14
0.31
0.65
0.38
0.37
0.61
0.48
0.19
0.53
0.30
0.34
0.53
0.94
0.46
0.57
0.35
0.46
0.72
0.59
0.49
1.38
0.99
0.95
0.99
0.64
0.68
0.46
0.35
0.12
0.57
0.27
0.74
0.54
2.75
2.64
1.23
1.42
1.04
0.78
0.48
0.44
0.50
0.72
0.26
0.30
0.48
0.76
0.50
0.22
0.53
0.57
0.25
0.52
0.42
1.08
0.26
0.54
2.22
2.70
3.41
2.64
0.98
0.30
0.45
0.46
0.07
0.38
0.38
0.27
0.50
0.25
1.13
1.69
0.68
0.56
0.45
0.50
0.61
0.29
0.37
1.14
0.38
0.42
0.44
0.49
0.67
0.89
0.46
0.82
0.76
0.22
0.80
0.30
0.72
0.54
0.57
0.74
0.14
0.45
0.27
