GUESS    :MOVING_SM
STARTTIME:1289927424393
ENDTIME  :1289927437262
LOCALSPD :0.0
LONGSPD  :21.537617
LOCATION :Location[mProvider=network,mTime=1289927390734,mLatitude=51.195144,mLongitude=4.418614,mHasAltitude=false,mAltitude=0.0,mHasSpeed=false,mSpeed=0.0,mHasBearing=false,mBearing=0.0,mHasAccuracy=true,mAccuracy=2391.0,mExtras=Bundle[mParcelledData.dataSize=148]]
ADDRESS :

1.03
0.71
0.75
0.72
0.59
0.64
0.70
0.62
0.63
0.66
0.54
0.58
0.57
0.51
0.55
0.49
0.50
0.49
0.42
0.49
0.48
0.43
0.46
0.46
0.40
0.42
0.42
0.36
0.34
0.35
0.38
0.33
0.35
0.37
0.34
0.33
0.37
0.35
0.32
0.34
0.32
0.36
0.34
0.32
0.31
0.31
0.30
0.32
0.36
0.31
0.29
0.29
0.26
0.31
0.25
0.26
0.26
0.27
0.25
0.26
0.24
0.23
0.23
0.21
0.21
0.23
0.22
0.22
0.22
0.19
0.20
0.19
0.20
0.18
0.12
0.13
0.13
0.13
0.15
0.12
0.11
0.09
0.08
0.10
0.08
0.07
0.12
0.09
0.09
0.02
0.04
0.02
0.06
0.06
0.08
0.07
0.01
0.03
0.01
0.02
0.01
0.04
0.02
0.03
0.05
0.07
0.03
0.04
0.02
0.05
0.06
0.06
0.06
0.04
0.04
0.03
0.02
0.03
0.03
0.01
0.05
0.01
0.05
0.00
0.02
0.01
0.02
0.01
