GUESS    :MOVING_SM
STARTTIME:1289924871626
ENDTIME  :1289924884766
LOCALSPD :0.0
LONGSPD  :0.0
LOCATION :Location[mProvider=network,mTime=1289924860408,mLatitude=50.9025019,mLongitude=4.4825212,mHasAltitude=false,mAltitude=0.0,mHasSpeed=false,mSpeed=0.0,mHasBearing=false,mBearing=0.0,mHasAccuracy=true,mAccuracy=95.0,mExtras=Bundle[mParcelledData.dataSize=148]]
ADDRESS :

0.28
0.07
0.16
0.10
0.07
0.04
0.04
0.06
0.05
0.02
0.00
0.05
0.03
0.05
0.03
0.03
0.03
0.05
0.02
0.04
0.04
0.00
0.02
0.02
0.02
0.00
0.00
0.01
0.02
0.02
0.00
0.02
0.01
0.01
0.01
0.00
0.02
0.01
0.03
0.01
0.01
0.02
0.02
0.03
0.03
0.01
0.02
0.03
0.03
0.01
0.04
0.02
0.03
0.01
0.03
0.00
0.02
0.01
0.01
0.01
0.01
0.02
0.02
0.02
0.00
0.01
0.02
0.02
0.01
0.01
0.00
0.01
0.01
0.01
0.03
0.00
0.02
0.02
0.01
0.02
0.01
0.02
0.02
0.01
0.03
0.03
0.02
0.02
0.01
0.03
0.03
0.02
0.02
0.01
0.00
0.01
0.00
0.01
0.00
0.03
0.02
0.01
0.02
0.02
0.02
0.01
0.02
0.01
0.02
0.01
0.02
0.01
0.01
0.02
0.02
0.00
0.03
0.02
0.02
0.02
0.02
0.01
0.01
0.02
0.01
0.02
0.01
0.03
