GUESS    :MOVING_SM
STARTTIME:1289927765923
ENDTIME  :1289927778762
LOCALSPD :0.0
LONGSPD  :2.1384163
LOCATION :Location[mProvider=network,mTime=1289927761288,mLatitude=51.1992424,mLongitude=4.4142707,mHasAltitude=false,mAltitude=0.0,mHasSpeed=false,mSpeed=0.0,mHasBearing=false,mBearing=0.0,mHasAccuracy=true,mAccuracy=60.0,mExtras=Bundle[mParcelledData.dataSize=148]]
ADDRESS :

0.68
0.18
0.16
0.16
0.08
0.05
0.08
0.08
0.06
0.04
0.07
0.04
0.11
0.11
0.02
0.03
0.10
0.07
0.02
0.02
0.03
0.02
0.07
0.03
0.03
0.03
0.01
0.05
0.01
0.03
0.06
0.05
0.06
0.07
0.05
0.03
0.03
0.02
0.02
0.02
0.03
0.04
0.05
0.03
0.02
0.04
0.05
0.03
0.03
0.06
0.03
0.05
0.02
0.02
0.05
0.04
0.02
0.02
0.06
0.05
0.04
0.05
0.02
0.07
0.00
0.04
0.01
0.07
0.04
0.03
0.00
0.02
0.00
0.03
0.02
0.03
0.06
0.02
0.01
0.07
0.06
0.06
0.06
0.03
0.05
0.04
0.04
0.04
0.01
0.05
0.03
0.05
0.02
0.03
0.04
0.02
0.09
0.04
0.05
0.04
0.01
0.01
0.03
0.03
0.03
0.03
0.04
0.04
0.04
0.06
0.04
0.05
0.05
0.05
0.06
0.01
0.03
0.03
0.04
0.04
0.04
0.04
0.03
0.01
0.04
0.02
0.05
0.01
