GUESS    :MOVING_SM
STARTTIME:1289925308178
ENDTIME  :1289925321086
LOCALSPD :0.0
LONGSPD  :0.7651879
LOCATION :Location[mProvider=network,mTime=1289925280910,mLatitude=50.897100699999996,mLongitude=4.48278435,mHasAltitude=false,mAltitude=0.0,mHasSpeed=false,mSpeed=0.0,mHasBearing=false,mBearing=0.0,mHasAccuracy=true,mAccuracy=83.0,mExtras=Bundle[mParcelledData.dataSize=148]]
ADDRESS :

1.23
1.04
2.10
1.48
3.41
3.09
3.57
2.38
2.96
0.78
0.79
0.97
0.33
0.45
1.10
1.21
1.62
2.85
2.44
3.55
1.57
2.53
0.53
0.45
0.83
0.93
0.46
1.31
2.11
5.79
3.68
2.07
4.25
2.07
1.88
0.54
0.95
0.79
1.89
0.76
2.51
1.27
2.85
2.45
3.91
1.23
4.84
0.82
0.61
0.99
0.91
0.65
0.76
3.27
2.83
4.90
3.54
2.15
2.40
2.33
1.48
1.12
1.38
2.57
1.68
1.80
2.67
2.83
1.76
1.14
2.06
1.20
0.38
0.48
0.82
0.76
1.43
2.15
2.91
4.29
3.98
1.54
3.72
1.65
0.19
0.25
0.26
1.88
1.09
2.34
1.72
2.26
3.30
3.32
1.76
3.26
1.84
0.16
0.69
0.30
0.57
0.69
1.12
1.83
1.99
3.38
1.25
3.53
2.94
1.23
0.45
0.82
0.80
1.17
2.14
0.76
1.04
0.89
1.84
1.76
0.87
2.76
0.89
2.60
1.18
0.45
0.25
1.31
0.72
0.65
1.08
2.06
1.48
1.57
0.83
1.69
2.22
1.95
0.30
0.86
0.57
0.45
0.44
0.74
2.07
0.65
0.87
1.33
2.81
1.47
1.61
1.17
0.79
0.95
0.80
0.48
0.46
0.38
0.27
1.12
1.66
1.84
2.49
1.80
1.88
1.58
1.72
0.61
0.72
0.23
0.52
0.42
0.19
0.26
0.99
0.74
0.74
1.50
1.97
0.83
0.65
0.38
1.27
1.14
1.95
0.69
0.97
1.16
1.27
2.38
0.64
1.99
1.65
2.68
4.07
4.13
0.41
0.48
0.93
0.33
0.67
0.64
0.25
0.52
0.50
0.46
0.35
0.72
0.53
0.93
0.31
0.20
0.27
1.38
1.91
1.24
1.80
0.95
1.06
1.61
1.33
0.65
0.50
0.97
0.65
0.59
0.57
0.80
1.13
0.87
0.19
0.83
0.57
0.45
0.57
0.19
0.53
0.61
0.57
0.12
0.98
0.95
0.65
0.83
1.96
0.79
1.76
1.27
0.69
1.25
0.23
1.25
1.81
3.01
6.05
5.22
