GUESS    :WALKING
STARTTIME:1289925360218
ENDTIME  :1289925373451
LOCALSPD :0.0
LONGSPD  :0.0
LOCATION :Location[mProvider=network,mTime=1289925370948,mLatitude=50.894824,mLongitude=4.46549,mHasAltitude=false,mAltitude=0.0,mHasSpeed=false,mSpeed=0.0,mHasBearing=false,mBearing=0.0,mHasAccuracy=true,mAccuracy=2303.0,mExtras=Bundle[mParcelledData.dataSize=148]]
ADDRESS :

4.29
6.84
5.26
3.49
2.38
2.41
3.70
5.37
11.11
3.64
4.52
5.68
3.30
1.88
1.61
1.87
2.48
3.43
3.88
7.04
4.90
7.08
5.20
2.49
2.53
2.11
4.03
3.41
5.23
5.79
6.77
5.28
3.60
1.42
0.95
2.33
3.17
4.29
4.75
9.78
5.48
5.56
6.81
3.36
2.91
3.08
5.27
3.49
3.80
10.42
5.84
3.64
6.09
4.32
0.80
2.67
3.26
3.90
4.36
6.92
5.35
5.99
9.81
4.70
2.98
2.74
3.55
4.56
3.64
8.77
3.50
4.74
5.90
4.33
0.91
3.45
9.34
6.57
6.54
7.56
10.76
3.99
9.15
8.35
5.41
1.18
19.74
9.92
4.39
11.88
17.15
4.09
7.59
8.62
11.39
7.31
15.23
12.15
6.86
3.19
9.68
5.90
9.28
5.33
4.67
2.19
8.20
7.86
4.97
9.08
8.85
5.91
5.87
5.33
14.82
21.71
17.16
15.47
9.07
9.64
13.18
10.99
7.55
6.85
6.51
2.79
5.28
7.90
8.73
6.31
10.68
14.53
9.40
4.13
4.78
2.74
4.59
5.11
4.71
4.99
10.68
4.79
8.47
7.60
2.94
4.05
3.31
4.75
1.96
8.04
8.38
8.31
6.02
5.05
1.12
1.51
1.76
4.06
4.69
5.49
8.51
2.60
6.66
7.95
3.65
2.42
2.30
5.76
1.33
4.63
8.79
2.22
4.79
4.84
3.13
1.16
1.12
1.48
3.69
2.07
7.29
4.90
1.83
2.87
6.16
2.41
2.30
1.29
2.83
4.51
5.07
8.51
2.33
2.37
5.52
0.69
1.81
3.11
3.45
2.90
6.47
4.13
3.28
7.55
3.17
1.61
2.91
3.38
4.84
6.40
2.94
0.53
3.45
1.61
0.50
1.91
3.20
1.33
5.08
7.29
2.03
4.25
6.71
2.33
1.29
2.64
4.30
3.68
6.62
3.60
5.43
5.83
2.10
0.19
1.04
3.11
1.77
4.97
6.84
3.55
5.22
5.16
2.40
2.07
1.54
6.70
4.36
8.58
3.68
5.08
3.27
0.35
1.92
1.70
4.74
1.57
