GUESS    :MOVING_SM
STARTTIME:1289925763316
ENDTIME  :1289925776295
LOCALSPD :0.0
LONGSPD  :0.0
LOCATION :Location[mProvider=network,mTime=1289925731223,mLatitude=50.894824,mLongitude=4.46549,mHasAltitude=false,mAltitude=0.0,mHasSpeed=false,mSpeed=0.0,mHasBearing=false,mBearing=0.0,mHasAccuracy=true,mAccuracy=2303.0,mExtras=Bundle[mParcelledData.dataSize=148]]
ADDRESS :

0.38
0.11
0.02
0.10
0.05
0.14
0.01
0.10
0.09
0.02
0.08
0.06
0.06
0.08
0.03
0.04
0.05
0.03
0.05
0.02
0.02
0.03
0.00
0.01
0.03
0.02
0.03
0.01
0.02
0.01
0.03
0.02
0.01
0.03
0.00
0.01
0.01
0.01
0.02
0.03
0.01
0.01
0.02
0.03
0.01
0.02
0.03
0.05
0.03
0.01
0.01
0.02
0.04
0.04
0.01
0.02
0.03
0.01
0.03
0.02
0.01
0.01
0.01
0.01
0.03
0.01
0.02
0.02
0.02
0.03
0.01
0.02
0.01
0.01
0.02
0.03
0.02
0.02
0.01
0.02
0.03
0.01
0.02
0.02
0.02
0.02
0.02
0.00
0.01
0.02
0.02
0.01
0.03
0.01
0.02
0.05
0.02
0.04
0.03
0.01
0.03
0.03
0.04
0.02
0.04
0.03
0.02
0.02
0.03
0.02
0.04
0.01
0.03
0.03
0.01
0.01
0.01
0.02
0.02
0.03
0.01
0.01
0.02
0.02
0.01
0.01
0.00
0.01
