GUESS    :MOVING_SM
STARTTIME:1289571090317
ENDTIME  :1289571104474
LOCALSPD :2.8676653
LONGSPD  :4.2667317
LOCATION :Location[mProvider=network,mTime=1289571095268,mLatitude=55.76343705,mLongitude=12.439941300000001,mHasAltitude=false,mAltitude=0.0,mHasSpeed=false,mSpeed=0.0,mHasBearing=false,mBearing=0.0,mHasAccuracy=true,mAccuracy=58.0,mExtras=Bundle[mParcelledData.dataSize=148]]
ADDRESS :

0.31
0.16
0.10
0.07
0.06
0.06
0.10
0.10
0.08
0.05
0.05
0.05
0.04
0.06
0.04
0.05
0.01
0.03
0.03
0.04
0.04
0.07
0.02
0.03
0.03
0.05
0.03
0.06
0.05
0.05
0.02
0.00
0.02
0.02
0.03
0.03
0.02
0.02
0.01
0.01
0.01
0.00
0.02
0.02
0.02
0.02
0.03
0.02
0.01
0.01
0.02
0.02
0.02
0.01
0.02
0.02
0.01
0.01
0.01
0.02
0.00
0.01
0.01
0.00
0.01
0.01
0.03
0.01
0.02
0.02
0.01
0.01
0.01
0.02
0.02
0.04
0.03
0.01
0.01
0.01
0.02
0.01
0.02
0.02
0.01
0.01
0.02
0.02
0.01
0.02
0.02
0.01
0.01
0.00
0.01
0.01
0.03
0.03
0.02
0.00
0.00
0.01
0.03
0.02
0.01
0.00
0.02
0.02
0.04
0.02
0.02
0.03
0.02
0.02
0.01
0.00
0.01
0.03
0.01
0.02
0.02
0.01
0.02
0.02
0.01
0.01
0.01
0.01
