GUESS    :MOVING_HI
STARTTIME:1289571118595
ENDTIME  :1289571132704
LOCALSPD :0.0
LONGSPD  :4.2667317
LOCATION :Location[mProvider=network,mTime=1289571095268,mLatitude=55.76343705,mLongitude=12.439941300000001,mHasAltitude=false,mAltitude=0.0,mHasSpeed=false,mSpeed=0.0,mHasBearing=false,mBearing=0.0,mHasAccuracy=true,mAccuracy=58.0,mExtras=Bundle[mParcelledData.dataSize=148]]
ADDRESS :

9.19
1.59
6.32
2.60
6.28
6.20
6.92
3.42
2.85
2.72
5.82
3.87
6.09
2.19
3.87
1.58
5.90
2.81
4.49
2.53
1.74
1.13
5.43
7.93
4.70
4.48
3.92
4.48
3.19
1.77
1.69
1.96
3.17
1.08
1.70
1.69
0.23
4.86
2.68
5.27
2.70
1.96
4.71
1.04
0.59
2.03
4.75
2.49
3.72
4.88
3.13
3.81
2.68
6.59
4.44
8.08
4.62
3.30
6.39
4.43
8.80
0.99
5.82
2.91
2.32
1.84
5.13
3.32
3.96
2.53
5.45
1.84
9.26
7.38
10.38
6.84
4.18
7.25
4.26
4.88
1.63
4.48
2.03
4.58
2.34
8.05
4.55
5.13
3.95
3.77
1.77
3.53
1.84
3.32
2.90
4.52
5.73
4.52
1.76
3.00
6.43
2.82
6.35
4.02
6.71
5.82
1.31
4.33
1.14
6.02
1.80
1.43
2.41
4.14
1.48
1.77
5.33
7.25
2.47
4.55
5.16
4.48
3.06
2.55
1.44
4.92
4.44
9.38
3.21
4.79
3.32
4.25
1.88
3.02
2.45
5.90
7.42
3.43
6.80
2.78
4.75
2.41
1.23
2.11
3.04
6.16
3.70
6.24
7.65
1.74
1.97
3.80
3.26
3.68
1.61
4.10
4.40
4.75
2.67
2.68
4.99
3.49
5.09
6.36
2.00
4.97
1.31
4.37
3.01
1.53
2.19
2.62
0.68
3.49
1.92
1.70
6.01
0.65
3.90
1.39
1.63
1.91
1.53
3.15
3.81
0.75
4.48
3.21
2.42
2.47
1.44
1.14
3.84
2.83
5.39
7.04
6.48
10.47
6.62
3.39
1.35
3.99
1.23
2.26
1.91
2.64
1.65
4.60
1.23
3.98
3.13
1.84
2.10
5.28
4.26
5.27
6.22
2.56
3.83
3.06
2.36
5.24
4.52
3.35
4.55
8.43
3.87
6.01
7.12
5.33
5.82
8.29
2.68
2.19
4.25
2.34
0.26
2.75
1.44
2.03
4.29
2.10
2.10
0.56
2.81
8.96
4.97
4.90
3.91
8.65
4.36
9.85
4.58
7.56
6.33
5.07
