GUESS    :MOVING_HI
STARTTIME:1289571132705
ENDTIME  :1289571146507
LOCALSPD :0.0
LONGSPD  :4.3686943
LOCATION :Location[mProvider=network,mTime=1289571095268,mLatitude=55.76343705,mLongitude=12.439941300000001,mHasAltitude=false,mAltitude=0.0,mHasSpeed=false,mSpeed=0.0,mHasBearing=false,mBearing=0.0,mHasAccuracy=true,mAccuracy=58.0,mExtras=Bundle[mParcelledData.dataSize=148]]
ADDRESS :

3.05
0.41
0.55
0.36
0.05
0.30
0.17
0.03
0.28
0.47
0.55
0.29
0.27
0.09
0.36
0.15
0.43
0.44
0.23
0.13
0.13
0.23
0.22
0.26
0.12
0.38
0.21
0.22
0.27
0.34
0.19
0.03
0.16
0.20
0.26
0.36
0.36
0.10
0.13
0.21
0.14
0.23
0.07
0.21
0.25
0.11
0.08
0.03
0.22
0.30
0.12
0.13
0.10
0.29
0.11
0.15
0.13
0.11
0.10
0.18
0.23
0.25
0.13
0.12
0.07
0.17
0.19
0.17
0.08
0.22
0.15
0.24
0.15
0.20
0.05
0.05
0.20
0.13
0.04
0.07
0.14
0.14
0.22
0.21
0.18
0.25
0.19
0.13
0.09
0.13
0.07
0.11
0.12
0.08
0.21
0.20
0.08
0.20
0.25
0.15
0.09
0.26
0.11
0.10
0.13
0.20
0.06
0.33
0.06
0.12
0.15
0.19
0.13
0.12
0.15
0.17
0.08
0.11
0.02
0.04
0.02
0.10
0.25
0.10
0.09
0.09
0.13
0.05
