GUESS    :MOVING_ME
STARTTIME:1289571390361
ENDTIME  :1289571403985
LOCALSPD :4.340858
LONGSPD  :4.51049
LOCATION :Location[mProvider=network,mTime=1289571355372,mLatitude=55.75635565,mLongitude=12.41759695,mHasAltitude=false,mAltitude=0.0,mHasSpeed=false,mSpeed=0.0,mHasBearing=false,mBearing=0.0,mHasAccuracy=true,mAccuracy=75.0,mExtras=Bundle[mParcelledData.dataSize=148]]
ADDRESS :

2.27
0.11
0.22
0.06
0.16
0.59
0.25
0.15
0.18
0.18
0.27
0.26
0.08
0.11
0.52
0.32
0.37
0.22
0.38
0.26
0.11
0.30
0.13
0.32
0.31
0.10
0.10
0.25
0.12
0.13
0.09
0.11
0.15
0.16
0.16
0.04
0.04
0.09
0.15
0.09
0.02
0.09
0.07
0.18
0.06
0.06
0.11
0.16
0.10
0.18
0.14
0.10
0.10
0.09
0.07
0.15
0.11
0.09
0.11
0.08
0.06
0.11
0.09
0.12
0.16
0.17
0.13
0.10
0.19
0.15
0.18
0.13
0.06
0.11
0.06
0.05
0.20
0.19
0.06
0.15
0.10
0.10
0.14
0.08
0.14
0.16
0.17
0.10
0.15
0.16
0.15
0.10
0.18
0.02
0.25
0.06
0.11
0.04
0.09
0.19
0.11
0.09
0.08
0.16
0.11
0.04
0.03
0.16
0.19
0.08
0.05
0.01
0.05
0.13
0.04
0.04
0.11
0.06
0.07
0.09
0.08
0.06
0.12
0.06
0.10
0.16
0.20
0.12
