GUESS    :MOVING_ME
STARTTIME:1289571550319
ENDTIME  :1289571564714
LOCALSPD :9.024692
LONGSPD  :5.8046627
LOCATION :Location[mProvider=network,mTime=1289571547118,mLatitude=55.75095825,mLongitude=12.4036023,mHasAltitude=false,mAltitude=0.0,mHasSpeed=false,mSpeed=0.0,mHasBearing=false,mBearing=0.0,mHasAccuracy=true,mAccuracy=60.0,mExtras=Bundle[mParcelledData.dataSize=148]]
ADDRESS :

2.39
0.25
0.08
0.23
0.09
0.31
0.26
0.12
0.14
0.24
0.06
0.13
0.16
0.25
0.18
0.30
0.06
0.18
0.08
0.19
0.18
0.20
0.24
0.16
0.18
0.24
0.28
0.22
0.11
0.09
0.18
0.17
0.29
0.04
0.06
0.16
0.10
0.16
0.21
0.20
0.12
0.20
0.06
0.24
0.04
0.07
0.07
0.29
0.27
0.07
0.00
0.20
0.17
0.22
0.07
0.01
0.12
0.08
0.19
0.03
0.07
0.21
0.10
0.13
0.11
0.09
0.04
0.12
0.19
0.17
0.26
0.11
0.12
0.04
0.10
0.17
0.07
0.19
0.10
0.30
0.10
0.11
0.12
0.06
0.21
0.16
0.18
0.16
0.07
0.24
0.05
0.10
0.29
0.05
0.13
0.10
0.13
0.04
0.13
0.15
0.08
0.14
0.02
0.12
0.25
0.03
0.03
0.08
0.08
0.06
0.04
0.08
0.06
0.14
0.11
0.10
0.03
0.04
0.16
0.16
0.05
0.12
0.10
0.09
0.16
0.09
0.11
0.09
