GUESS    :MOVING_HI
STARTTIME:1289571865938
ENDTIME  :1289571879745
LOCALSPD :3.385497
LONGSPD  :4.647186
LOCATION :Location[mProvider=network,mTime=1289571876571,mLatitude=55.75081418888889,mLongitude=12.377694444444446,mHasAltitude=false,mAltitude=0.0,mHasSpeed=false,mSpeed=0.0,mHasBearing=false,mBearing=0.0,mHasAccuracy=true,mAccuracy=38.0,mExtras=Bundle[mParcelledData.dataSize=148]]
ADDRESS :

3.57
0.19
0.89
0.42
0.43
0.68
0.80
0.41
0.37
0.49
0.44
0.29
0.16
0.14
0.82
0.09
0.32
0.22
0.34
0.47
0.34
0.42
0.36
0.13
0.12
0.41
0.04
0.37
0.30
0.04
0.11
0.13
0.34
0.30
0.14
0.29
0.20
0.33
0.21
0.26
0.22
0.34
0.21
0.16
0.25
0.30
0.03
0.10
0.20
0.34
0.04
0.26
0.30
0.24
0.09
0.13
0.14
0.18
0.12
0.17
0.18
0.15
0.24
0.20
0.08
0.08
0.07
0.15
0.11
0.34
0.24
0.22
0.08
0.24
0.13
0.32
0.10
0.09
0.12
0.05
0.12
0.13
0.08
0.15
0.12
0.37
0.22
0.32
0.29
0.17
0.14
0.25
0.10
0.18
0.16
0.06
0.15
0.21
0.22
0.24
0.19
0.20
0.21
0.14
0.38
0.17
0.34
0.24
0.26
0.21
0.09
0.21
0.29
0.08
0.41
0.25
0.19
0.11
0.41
0.47
0.30
0.48
0.47
0.04
0.49
0.23
0.28
0.50
