GUESS    :MOVING_ME
STARTTIME:1289572040551
ENDTIME  :1289572054885
LOCALSPD :0.0
LONGSPD  :2.2952025
LOCATION :Location[mProvider=network,mTime=1289572053827,mLatitude=55.75023515,mLongitude=12.378528750000001,mHasAltitude=false,mAltitude=0.0,mHasSpeed=false,mSpeed=0.0,mHasBearing=false,mBearing=0.0,mHasAccuracy=true,mAccuracy=78.0,mExtras=Bundle[mParcelledData.dataSize=148]]
ADDRESS :

2.07
0.34
1.40
0.13
0.36
0.23
0.08
0.18
0.07
0.53
0.04
0.41
0.21
0.34
0.41
0.29
0.35
0.13
0.04
0.59
0.07
0.95
0.20
0.84
0.17
0.48
0.17
0.18
0.36
0.03
0.26
0.29
0.20
0.33
0.27
0.15
0.24
0.07
0.19
0.12
0.22
0.08
0.23
0.16
0.18
0.20
0.10
0.17
0.04
0.21
0.02
0.12
0.18
0.12
0.16
0.11
0.15
0.01
0.11
0.17
0.16
0.17
0.12
0.05
0.08
0.11
0.16
0.10
0.09
0.09
0.12
0.14
0.04
0.15
0.08
0.22
0.16
0.06
0.05
0.14
0.05
0.20
0.02
0.06
0.07
0.10
0.16
0.07
0.18
0.07
0.13
0.06
0.20
0.12
0.15
0.12
0.10
0.18
0.12
0.29
0.02
0.26
0.06
0.14
0.17
0.05
0.09
0.08
0.13
0.05
0.20
0.08
0.16
0.16
0.05
0.13
0.11
0.14
0.15
0.08
0.10
0.16
0.09
0.10
0.10
0.10
0.09
0.06
