GUESS    :MOVING_ME
STARTTIME:1289570064880
ENDTIME  :1289570078626
LOCALSPD :4.921568
LONGSPD  :1.2507643
LOCATION :Location[mProvider=network,mTime=1289570037437,mLatitude=55.7771768,mLongitude=12.507784433333335,mHasAltitude=false,mAltitude=0.0,mHasSpeed=false,mSpeed=0.0,mHasBearing=false,mBearing=0.0,mHasAccuracy=true,mAccuracy=65.0,mExtras=Bundle[mParcelledData.dataSize=148]]
ADDRESS :

1.70
0.11
0.16
0.11
0.43
0.19
0.30
0.14
0.18
0.18
0.29
0.25
0.22
0.16
0.09
0.21
0.10
0.24
0.06
0.24
0.15
0.14
0.06
0.13
0.28
0.16
0.08
0.13
0.15
0.08
0.09
0.19
0.14
0.07
0.17
0.23
0.12
0.10
0.10
0.21
0.16
0.17
0.11
0.12
0.15
0.19
0.17
0.06
0.02
0.15
0.05
0.09
0.12
0.03
0.17
0.11
0.04
0.11
0.13
0.11
0.19
0.13
0.07
0.17
0.13
0.04
0.14
0.04
0.11
0.13
0.13
0.12
0.09
0.04
0.08
0.06
0.06
0.09
0.10
0.10
0.07
0.13
0.09
0.18
0.06
0.12
0.06
0.07
0.08
0.10
0.07
0.05
0.13
0.14
0.14
0.15
0.09
0.12
0.06
0.12
0.12
0.06
0.08
0.02
0.16
0.18
0.06
0.15
0.09
0.09
0.18
0.07
0.10
0.15
0.05
0.04
0.12
0.13
0.10
0.12
0.17
0.07
0.18
0.05
0.03
0.11
0.14
0.07
