GUESS    :MOVING_SM
STARTTIME:1288295094961
ENDTIME  :1288295110323
LOCALSPD :0.0
LONGSPD  :-1.0
LOCATION :Location[mProvider=network,mTime=1288295098062,mLatitude=55.751745,mLongitude=12.37691,mHasAltitude=false,mAltitude=0.0,mHasSpeed=false,mSpeed=0.0,mHasBearing=false,mBearing=0.0,mHasAccuracy=true,mAccuracy=722.0,mExtras=Bundle[mParcelledData.dataSize=148]]
ADDRESS :

0.29
0.43
0.40
0.40
0.38
0.36
0.34
0.31
0.28
0.25
0.22
0.19
0.16
0.13
0.10
0.08
0.06
0.04
0.04
0.03
0.03
0.02
0.02
0.02
0.03
0.03
0.03
0.03
0.03
0.04
0.04
0.04
0.05
0.05
0.05
0.05
0.05
0.04
0.04
0.03
0.03
0.03
0.02
0.03
0.03
0.04
0.04
0.05
0.05
0.06
0.06
0.06
0.06
0.06
0.06
0.05
0.05
0.05
0.04
0.04
0.03
0.03
0.03
0.03
0.03
0.02
0.03
0.03
0.03
0.03
0.03
0.02
0.03
0.03
0.03
0.03
0.03
0.03
0.03
0.03
0.04
0.04
0.03
0.04
0.05
0.05
0.05
0.05
0.05
0.05
0.06
0.06
0.06
0.06
0.07
0.07
0.07
0.07
0.08
0.08
0.07
0.08
0.08
0.08
0.08
0.08
0.08
0.08
0.07
0.06
0.06
0.06
0.05
0.04
0.04
0.03
0.03
0.03
0.02
0.02
0.02
0.02
0.02
0.01
0.01
0.01
0.01
0.01
