GUESS    :MOVING_SM
STARTTIME:1288108796287
ENDTIME  :1288108811616
LOCALSPD :-1.0
LONGSPD  :-1.0
LOCATION :Location[mProvider=network,mTime=1288108797041,mLatitude=55.78250810000001,mLongitude=12.51395559,mHasAltitude=false,mAltitude=0.0,mHasSpeed=false,mSpeed=0.0,mHasBearing=false,mBearing=0.0,mHasAccuracy=true,mAccuracy=53.0,mExtras=Bundle[mParcelledData.dataSize=148]]
ADDRESS :

0.28
0.07
0.11
0.19
0.10
0.15
0.08
0.06
0.09
0.07
0.11
0.14
0.01
0.07
0.13
0.11
0.00
0.13
0.10
0.13
0.11
0.03
0.09
0.19
0.10
0.07
0.11
0.12
0.18
0.06
0.05
0.12
0.06
0.10
0.19
0.06
0.05
0.19
0.15
0.08
0.07
0.11
0.15
0.01
0.07
0.12
0.09
0.05
0.10
0.05
0.06
0.16
0.06
0.11
0.13
0.06
0.16
0.06
0.06
0.09
0.08
0.14
0.08
0.02
0.08
0.12
0.06
0.07
0.10
0.07
0.07
0.10
0.08
0.08
0.09
0.10
0.10
0.04
0.10
0.12
0.07
0.05
0.10
0.07
0.10
0.08
0.06
0.08
0.09
0.09
0.10
0.06
0.08
0.09
0.08
0.09
0.08
0.08
0.08
0.08
0.06
0.08
0.08
0.08
0.07
0.08
0.08
0.09
0.07
0.07
0.09
0.07
0.09
0.08
0.07
0.08
0.08
0.08
0.08
0.07
0.08
0.08
0.07
0.08
0.08
0.08
0.08
0.08
