GUESS    :MOVING_SM
STARTTIME:1288003040270
ENDTIME  :1288003053240
LOCALSPD :0.0
LONGSPD  :0.0
LOCATION :org.peterstrand.service.LocationWrapper@44974a60
ADDRESS :

0.59
0.91
0.31
0.74
0.74
1.28
1.32
1.81
1.05
2.23
0.63
1.25
1.38
4.44
2.27
2.62
1.87
1.48
2.21
1.05
0.16
0.63
0.68
1.44
0.50
1.02
0.45
1.18
0.84
0.65
0.61
0.63
0.54
0.68
0.60
0.69
0.38
2.60
2.52
4.32
6.55
5.20
2.49
2.89
2.29
0.82
0.72
1.54
0.80
0.65
1.20
1.04
0.94
1.33
1.70
0.89
1.35
1.12
1.38
0.30
1.38
1.04
0.91
0.75
0.57
0.38
0.50
0.57
0.61
0.69
0.60
0.18
0.50
0.20
0.50
0.29
0.15
0.04
0.27
0.08
0.31
0.27
0.29
0.29
0.20
0.29
0.76
0.78
0.34
1.38
0.27
1.13
0.65
0.34
0.97
0.75
0.65
0.90
0.45
0.65
0.93
0.42
0.74
0.98
0.71
1.29
1.04
0.23
1.31
1.31
0.95
1.43
0.60
0.37
1.38
1.69
1.62
0.57
0.50
0.61
0.93
0.80
0.27
0.57
0.65
0.69
0.54
0.49
1.04
0.37
2.22
0.57
2.53
1.18
1.35
1.72
0.98
2.07
1.23
1.50
0.34
1.20
0.64
0.79
0.75
0.41
0.34
0.22
0.45
0.72
0.34
0.37
0.34
0.45
0.20
0.65
0.30
0.42
0.30
0.27
0.74
0.95
0.83
0.50
1.10
1.16
0.74
1.04
1.16
1.35
0.30
0.27
1.58
0.84
1.65
1.12
0.91
1.83
0.79
1.42
1.39
1.29
0.68
1.32
1.14
1.97
1.42
0.31
1.39
1.23
0.69
0.76
1.35
0.80
0.93
0.80
0.72
0.50
0.46
0.34
0.76
0.12
0.68
0.75
0.61
0.26
0.34
0.20
0.76
0.41
0.50
0.44
0.65
0.65
0.53
0.53
0.86
1.38
0.61
1.65
0.41
0.84
0.76
0.60
1.08
0.46
0.97
0.82
0.54
0.69
0.20
0.78
0.69
0.99
0.44
0.45
0.48
0.15
0.54
0.61
0.46
0.97
0.50
0.53
0.11
0.53
0.48
0.76
0.26
0.38
1.08
0.69
0.53
0.87
0.33
0.68
