GUESS    :MOVING_SM
STARTTIME:1288003367622
ENDTIME  :1288003381480
LOCALSPD :0.0
LONGSPD  :0.0
LOCATION :org.peterstrand.service.LocationWrapper@44982578
ADDRESS :

0.90
0.25
0.43
0.07
0.17
0.09
0.06
0.13
0.03
0.18
0.02
0.10
0.08
0.12
0.10
0.07
0.09
0.03
0.09
0.01
0.10
0.07
0.06
0.04
0.06
0.08
0.02
0.10
0.06
0.09
0.09
0.09
0.10
0.06
0.09
0.07
0.07
0.12
0.03
0.06
0.03
0.09
0.03
0.07
0.04
0.05
0.04
0.04
0.09
0.07
0.09
0.05
0.05
0.02
0.05
0.06
0.01
0.02
0.04
0.01
0.04
0.02
0.03
0.02
0.03
0.02
0.06
0.02
0.05
0.03
0.09
0.06
0.06
0.04
0.03
0.06
0.05
0.01
0.03
0.04
0.01
0.03
0.01
0.03
0.02
0.04
0.02
0.04
0.05
0.07
0.02
0.05
0.03
0.05
0.04
0.04
0.01
0.02
0.05
0.03
0.05
0.04
0.03
0.03
0.09
0.06
0.05
0.03
0.01
0.01
0.05
0.05
0.07
0.06
0.02
0.02
0.05
0.04
0.03
0.08
0.03
0.12
0.12
0.04
0.12
0.04
0.18
0.03
