GUESS    :WALKING
STARTTIME:1288001978802
ENDTIME  :1288001991800
LOCALSPD :0.0
LONGSPD  :0.0
LOCATION :org.peterstrand.service.LocationWrapper@44961da0
ADDRESS :

4.81
0.37
0.16
0.21
0.22
0.30
0.28
0.44
0.29
0.18
0.08
0.11
0.63
0.19
0.02
0.10
0.09
0.07
0.43
0.51
0.23
0.15
0.37
0.76
1.16
1.04
0.63
0.08
0.17
0.20
0.24
0.24
0.35
0.04
0.18
0.27
0.35
0.71
0.38
0.09
0.19
0.12
0.39
0.16
0.08
0.13
0.01
0.13
0.12
0.61
0.33
0.23
0.26
0.05
0.17
0.34
0.10
0.42
0.22
0.04
0.21
0.31
0.35
0.09
0.27
0.06
0.32
0.24
0.23
0.24
0.15
0.23
0.51
0.37
0.46
0.65
0.15
0.09
0.21
0.17
0.09
0.37
0.07
0.22
0.14
0.16
0.18
0.21
0.20
0.13
0.25
0.16
0.13
0.06
0.05
0.42
0.14
0.07
0.17
0.40
0.23
0.13
0.11
0.12
0.14
0.21
0.30
0.46
0.25
0.14
0.20
0.34
0.42
0.19
0.14
0.08
0.33
0.08
0.15
0.15
0.27
0.29
0.38
0.26
0.14
0.11
0.33
0.33
