GUESS    :MOVING_SM
STARTTIME:1288002713042
ENDTIME  :1288002726430
LOCALSPD :0.0
LONGSPD  :0.0
LOCATION :org.peterstrand.service.LocationWrapper@4491c618
ADDRESS :

0.77
0.32
0.22
0.08
0.31
0.16
0.13
0.26
0.19
0.24
0.10
0.19
0.13
0.13
0.10
0.16
0.19
0.10
0.14
0.13
0.15
0.04
0.04
0.08
0.08
0.07
0.02
0.09
0.09
0.06
0.01
0.09
0.14
0.05
0.02
0.06
0.01
0.04
0.04
0.04
0.03
0.07
0.04
0.02
0.06
0.02
0.03
0.07
0.04
0.05
0.04
0.08
0.05
0.03
0.04
0.02
0.02
0.04
0.03
0.03
0.03
0.04
0.03
0.02
0.05
0.05
0.03
0.01
0.07
0.03
0.06
0.05
0.08
0.01
0.04
0.04
0.03
0.01
0.01
0.06
0.05
0.04
0.02
0.05
0.04
0.01
0.03
0.07
0.12
0.09
0.06
0.04
0.04
0.01
0.02
0.09
0.07
0.11
0.03
0.08
0.04
0.02
0.06
0.08
0.01
0.02
0.08
0.13
0.04
0.04
0.04
0.03
0.05
0.02
0.04
0.07
0.05
0.07
0.08
0.05
0.04
0.06
0.07
0.05
0.02
0.05
0.07
0.03
