GUESS    :IDLE
STARTTIME:1288381145629
ENDTIME  :1288381159967
LOCALSPD :0.0
LONGSPD  :-1.0
LOCATION :Location[mProvider=network,mTime=1288381153594,mLatitude=55.58025056666667,mLongitude=13.428735833333334,mHasAltitude=false,mAltitude=0.0,mHasSpeed=false,mSpeed=0.0,mHasBearing=false,mBearing=0.0,mHasAccuracy=true,mAccuracy=75.0,mExtras=Bundle[mParcelledData.dataSize=148]]
ADDRESS :

0.08
0.08
0.08
0.29
0.20
0.20
0.08
0.16
0.04
0.12
0.16
0.20
0.12
0.20
0.27
0.15
0.08
0.08
0.08
0.12
0.12
0.08
0.08
0.08
0.12
0.08
0.16
0.25
0.20
0.25
0.12
0.12
0.20
0.12
0.12
0.12
0.12
0.12
0.16
0.12
0.16
0.08
0.25
0.27
0.23
0.25
0.16
0.16
0.27
0.15
0.19
0.30
0.45
0.63
0.60
0.48
0.60
0.31
0.20
0.16
0.04
0.12
0.08
0.04
0.12
0.04
0.08
0.16
0.12
0.08
0.16
0.12
0.08
0.12
0.12
0.12
0.20
0.12
0.11
0.11
0.04
0.04
0.04
0.12
0.04
0.04
0.08
0.12
0.04
0.16
0.16
0.12
0.08
0.12
0.08
0.30
0.27
0.39
0.25
0.35
0.19
0.20
0.25
0.16
0.16
0.20
0.16
0.08
0.04
0.04
0.16
0.12
0.12
0.08
0.08
0.12
0.04
0.08
0.12
0.04
0.08
0.08
0.16
0.08
0.12
0.08
0.08
0.04
0.08
0.12
0.04
0.04
0.08
0.16
0.12
0.08
0.04
0.08
0.08
0.16
0.20
0.04
0.12
0.08
0.04
0.04
0.04
0.08
0.12
0.08
0.04
0.08
0.04
0.08
0.12
0.04
0.08
0.12
0.04
0.12
0.12
0.08
0.12
0.20
0.25
0.08
0.12
0.12
0.04
0.04
0.12
0.12
0.08
0.08
0.04
0.04
0.04
0.04
0.12
0.12
0.08
0.04
0.08
0.08
0.08
0.04
0.04
0.08
0.12
0.08
0.04
0.04
0.12
0.08
0.08
0.04
0.16
0.08
0.04
0.08
0.12
0.04
0.08
0.04
0.04
0.04
0.08
0.04
0.08
0.04
0.04
0.08
0.08
0.04
0.08
0.08
0.12
0.08
0.08
0.12
0.08
0.08
0.04
0.04
0.04
0.08
0.08
0.04
0.04
0.16
0.16
0.12
0.08
0.04
0.08
0.16
0.08
0.16
0.08
0.08
0.12
0.04
0.04
0.04
0.04
0.08
0.04
0.08
0.08
0.04
0.08
0.04
0.08
0.04
0.12
0.16
