GUESS    :MOVING_ME
STARTTIME:1288794543914
ENDTIME  :1288794557329
LOCALSPD :0.0
LONGSPD  :0.053385284
LOCATION :Location[mProvider=network,mTime=1288794546986,mLatitude=55.75023515,mLongitude=12.378528750000001,mHasAltitude=false,mAltitude=0.0,mHasSpeed=false,mSpeed=0.0,mHasBearing=false,mBearing=0.0,mHasAccuracy=true,mAccuracy=78.0,mExtras=Bundle[mParcelledData.dataSize=148]]
ADDRESS :

1.83
0.62
0.59
0.20
0.24
0.12
0.35
0.11
0.09
0.14
0.14
0.26
0.17
0.10
0.36
0.14
0.23
0.16
0.48
0.17
0.51
0.27
0.42
0.45
0.32
0.34
0.30
0.06
0.14
0.13
0.09
0.06
0.16
0.14
0.14
0.14
0.05
0.09
0.24
0.07
0.17
0.13
0.10
0.09
0.23
0.03
0.13
0.09
0.08
0.09
0.04
0.06
0.14
0.01
0.04
0.05
0.05
0.14
0.17
0.13
0.11
0.05
0.15
0.13
0.08
0.18
0.31
0.18
0.16
0.07
0.04
0.10
0.10
0.12
0.06
0.10
0.07
0.07
0.07
0.04
0.16
0.06
0.02
0.09
0.13
0.17
0.25
0.08
0.24
0.14
0.06
0.20
0.19
0.14
0.10
0.04
0.05
0.08
0.08
0.12
0.06
0.15
0.11
0.17
0.09
0.03
0.14
0.08
0.05
0.23
0.13
0.17
0.27
0.13
0.05
0.10
0.17
0.05
0.05
0.08
0.11
0.11
0.06
0.10
0.09
0.14
0.13
0.15
