GUESS    :MOVING_HI
STARTTIME:1288794635310
ENDTIME  :1288794648243
LOCALSPD :0.0
LONGSPD  :0.06262602
LOCATION :Location[mProvider=network,mTime=1288794608757,mLatitude=55.75023515,mLongitude=12.378528750000001,mHasAltitude=false,mAltitude=0.0,mHasSpeed=false,mSpeed=0.0,mHasBearing=false,mBearing=0.0,mHasAccuracy=true,mAccuracy=78.0,mExtras=Bundle[mParcelledData.dataSize=148]]
ADDRESS :

3.09
0.61
0.52
0.82
0.63
0.52
0.57
0.59
0.45
0.30
0.47
0.12
0.53
0.54
0.51
0.44
0.38
0.68
0.71
0.50
0.64
0.64
0.27
0.82
0.36
0.27
0.05
0.02
0.51
0.20
0.23
0.44
0.29
0.12
0.21
0.12
0.23
0.10
0.21
0.29
0.29
0.28
0.26
0.14
0.18
0.21
0.28
0.18
0.18
0.20
0.20
0.20
0.07
0.45
0.05
0.17
0.11
0.40
0.39
0.33
0.19
0.28
0.13
0.08
0.34
0.28
0.26
0.30
0.14
0.39
0.07
0.25
0.18
0.38
0.03
0.14
0.27
0.20
0.09
0.11
0.20
0.13
0.14
0.13
0.07
0.13
0.13
0.33
0.12
0.11
0.12
0.24
0.32
0.27
0.16
0.19
0.13
0.22
0.16
0.10
0.19
0.23
0.30
0.10
0.15
0.19
0.24
0.08
0.08
0.26
0.48
0.19
0.05
0.38
0.30
0.23
0.22
0.12
0.29
0.22
0.10
0.25
0.36
0.29
0.41
0.17
0.58
0.55
