GUESS    :MOVING_HI
STARTTIME:1288793309945
ENDTIME  :1288793323944
LOCALSPD :0.0
LONGSPD  :-1.0
LOCATION :Location[mProvider=network,mTime=1288793270400,mLatitude=55.7495657,mLongitude=12.376724133333333,mHasAltitude=false,mAltitude=0.0,mHasSpeed=false,mSpeed=0.0,mHasBearing=false,mBearing=0.0,mHasAccuracy=true,mAccuracy=50.0,mExtras=Bundle[mParcelledData.dataSize=148]]
ADDRESS :

2.83
0.93
1.96
1.54
0.86
0.99
1.02
2.15
0.80
1.55
2.34
2.17
3.76
2.64
1.04
2.81
3.06
11.56
11.32
11.03
7.57
10.08
3.11
3.06
7.06
4.52
1.99
3.30
3.50
1.61
2.52
3.53
4.18
4.94
5.09
4.60
3.02
2.42
1.48
1.42
2.93
2.91
1.76
1.84
1.29
1.89
1.84
2.75
2.22
2.30
3.64
2.75
3.49
9.23
10.71
4.25
8.24
4.06
1.93
0.97
1.31
3.75
2.00
3.91
1.59
0.87
2.60
1.91
0.61
1.36
1.65
1.35
5.69
3.87
12.86
6.88
22.65
9.72
3.31
10.13
7.03
10.41
11.95
2.19
5.79
5.15
6.16
2.98
4.33
9.83
3.45
2.21
3.79
2.19
1.20
1.88
0.95
1.16
2.71
1.04
0.80
2.03
1.72
1.91
4.63
3.55
2.03
1.92
5.23
3.28
1.65
3.79
2.02
3.77
3.83
2.62
2.08
2.96
1.72
2.79
4.21
2.53
0.83
0.41
1.23
1.29
3.49
3.06
1.61
1.88
0.82
0.89
0.45
1.66
1.32
1.58
2.11
2.64
1.92
21.07
49.62
14.44
2.07
24.97
17.72
16.40
1.17
0.80
2.33
1.48
2.11
3.28
2.53
3.08
1.42
0.38
0.87
1.54
0.49
2.07
1.88
2.25
5.58
12.79
10.35
10.77
3.06
1.68
3.54
2.48
7.25
1.66
4.71
2.76
3.21
3.49
1.54
3.81
6.20
1.39
2.94
2.41
1.99
1.48
1.87
4.74
4.15
5.83
1.39
3.08
1.65
2.11
1.44
1.70
3.19
4.02
3.70
2.03
2.44
2.42
3.17
2.42
2.22
1.59
0.50
1.06
0.97
1.97
1.59
2.85
2.38
5.43
4.52
3.15
2.07
1.08
1.14
1.72
0.69
2.45
3.72
3.39
4.60
0.89
3.17
2.17
1.42
1.36
1.42
0.33
1.18
0.15
0.76
1.54
1.47
1.08
0.83
1.48
0.41
0.83
0.34
0.54
1.08
1.36
6.48
7.89
1.85
3.06
6.29
2.78
3.64
0.39
1.97
0.50
0.93
1.96
