GUESS    :MOVING_HI
STARTTIME:1288793351923
ENDTIME  :1288793365668
LOCALSPD :0.0
LONGSPD  :-1.0
LOCATION :Location[mProvider=network,mTime=1288793330548,mLatitude=55.7495595,mLongitude=12.3767152,mHasAltitude=false,mAltitude=0.0,mHasSpeed=false,mSpeed=0.0,mHasBearing=false,mBearing=0.0,mHasAccuracy=true,mAccuracy=50.0,mExtras=Bundle[mParcelledData.dataSize=148]]
ADDRESS :

11.56
10.69
8.31
7.53
6.61
3.91
3.60
6.93
4.74
4.90
2.22
6.48
10.38
5.13
1.31
11.67
12.53
7.97
5.54
10.04
4.97
4.79
5.28
3.55
2.34
3.17
4.39
6.97
4.93
4.86
7.41
7.19
1.18
6.59
10.11
4.58
9.28
8.81
3.61
13.09
5.01
3.70
6.85
7.00
2.75
7.89
4.86
3.61
13.12
7.98
4.05
5.03
7.78
23.79
15.53
10.88
4.32
9.53
13.29
13.59
3.72
8.28
4.22
3.75
5.94
4.51
5.01
8.28
3.36
2.56
8.31
14.03
7.48
12.69
4.21
2.29
13.38
10.15
1.76
9.72
5.75
2.22
9.15
4.86
11.99
10.04
3.34
2.18
7.55
11.71
2.74
10.96
4.56
6.70
8.51
7.95
2.57
5.16
4.06
5.30
4.48
7.29
2.40
10.65
8.91
2.38
3.23
10.77
6.73
7.94
10.96
2.48
10.04
3.34
5.19
3.91
3.65
4.84
4.05
7.95
4.93
5.13
9.79
7.10
1.23
2.70
10.07
4.47
6.05
12.79
7.01
4.54
4.39
0.72
4.52
4.17
5.53
7.27
6.58
6.66
7.25
5.52
1.76
5.52
8.89
2.71
8.16
10.31
6.05
7.91
5.28
3.94
4.10
3.32
3.42
8.81
4.63
8.43
8.46
4.60
2.89
2.81
9.00
5.82
6.17
12.37
6.20
6.85
3.00
2.57
3.47
4.33
3.49
8.46
4.41
6.46
8.17
5.37
2.07
5.39
8.28
1.54
7.46
12.11
2.86
13.09
9.94
3.28
3.42
5.08
5.52
3.34
9.52
4.41
5.24
7.78
6.89
2.19
3.68
9.40
4.78
3.99
8.38
7.18
8.13
8.88
4.49
1.66
5.04
5.41
3.84
5.60
4.90
0.54
6.66
9.15
4.49
0.61
5.37
9.89
2.64
6.86
10.38
4.92
10.54
5.13
6.97
3.34
4.85
5.54
3.26
7.14
9.68
8.54
7.74
5.37
3.08
1.05
6.93
8.70
0.95
9.25
11.26
5.37
7.55
8.73
3.06
3.17
4.18
4.41
3.28
7.07
1.88
8.54
11.71
4.69
