GUESS    :WALKING
STARTTIME:1288793644184
ENDTIME  :1288793658093
LOCALSPD :0.0
LONGSPD  :0.3309105
LOCATION :Location[mProvider=network,mTime=1288793631022,mLatitude=55.749666,mLongitude=12.3808557,mHasAltitude=false,mAltitude=0.0,mHasSpeed=false,mSpeed=0.0,mHasBearing=false,mBearing=0.0,mHasAccuracy=true,mAccuracy=51.0,mExtras=Bundle[mParcelledData.dataSize=148]]
ADDRESS :

1.86
0.24
0.42
0.22
0.37
0.20
0.04
0.27
0.03
0.16
0.09
0.11
0.24
0.13
0.15
0.15
0.18
0.15
0.28
0.27
0.23
0.40
0.82
0.45
0.31
0.22
0.22
0.28
0.16
0.13
0.15
0.08
0.16
0.10
0.19
0.12
0.15
0.12
0.15
0.06
0.09
0.05
0.11
0.09
0.16
0.23
0.09
0.05
0.05
0.07
0.05
0.04
0.08
0.02
0.08
0.03
0.05
0.05
0.03
0.05
0.11
0.07
0.05
0.02
0.09
0.21
0.12
0.01
0.07
0.13
0.15
0.15
0.11
0.09
0.20
0.08
0.16
0.20
0.11
0.09
0.11
0.06
0.12
0.06
0.15
0.10
0.21
0.17
0.05
0.07
0.05
0.09
0.13
0.19
0.20
0.21
0.17
0.10
0.11
0.14
0.11
0.11
0.05
0.04
0.20
0.15
0.10
0.05
0.21
0.10
0.11
0.09
0.07
0.02
0.08
0.19
0.07
0.13
0.07
0.08
0.12
0.20
0.08
0.10
0.11
0.09
0.17
0.13
