GUESS    :MOVING_ME
STARTTIME:1288793685884
ENDTIME  :1288793699743
LOCALSPD :0.0
LONGSPD  :0.29197985
LOCATION :Location[mProvider=network,mTime=1288793695135,mLatitude=55.749666,mLongitude=12.3808557,mHasAltitude=false,mAltitude=0.0,mHasSpeed=false,mSpeed=0.0,mHasBearing=false,mBearing=0.0,mHasAccuracy=true,mAccuracy=51.0,mExtras=Bundle[mParcelledData.dataSize=148]]
ADDRESS :

2.30
0.32
0.30
0.09
1.07
0.40
0.52
0.21
0.21
0.04
0.25
0.55
0.16
0.45
0.18
0.38
0.24
0.46
0.24
0.38
0.12
0.01
0.56
0.54
0.14
0.14
0.34
0.46
0.27
0.10
0.39
0.11
0.41
0.19
0.23
0.12
0.43
0.18
0.16
0.16
0.18
0.24
0.08
0.28
0.07
0.12
0.23
0.07
0.23
0.14
0.11
0.13
0.33
0.23
0.31
0.27
0.24
0.13
0.12
0.17
0.12
0.20
0.16
0.10
0.12
0.06
0.15
0.07
0.15
0.08
0.24
0.18
0.18
0.20
0.04
0.03
0.18
0.09
0.08
0.17
0.13
0.25
0.14
0.12
0.11
0.19
0.13
0.12
0.17
0.16
0.05
0.27
0.03
0.19
0.01
0.11
0.14
0.02
0.24
0.09
0.17
0.13
0.28
0.12
0.24
0.17
0.21
0.04
0.05
0.16
0.06
0.08
0.07
0.30
0.17
0.15
0.09
0.12
0.14
0.24
0.11
0.08
0.24
0.10
0.32
0.09
0.15
0.06
