GUESS    :MOVING_ME
STARTTIME:1288793979865
ENDTIME  :1288793993803
LOCALSPD :0.0
LONGSPD  :0.0
LOCATION :Location[mProvider=network,mTime=1288793979081,mLatitude=55.749666,mLongitude=12.3808557,mHasAltitude=false,mAltitude=0.0,mHasSpeed=false,mSpeed=0.0,mHasBearing=false,mBearing=0.0,mHasAccuracy=true,mAccuracy=51.0,mExtras=Bundle[mParcelledData.dataSize=148]]
ADDRESS :

2.71
1.31
1.99
2.02
1.72
0.74
1.38
1.50
0.46
0.99
1.42
1.68
1.14
1.10
0.56
1.31
1.65
1.65
0.98
1.68
0.72
1.42
1.88
2.83
3.76
1.96
1.42
2.37
1.08
1.54
0.99
1.92
1.50
1.43
2.86
4.06
2.91
1.48
1.55
0.54
0.76
0.79
1.05
0.98
0.75
0.68
0.50
0.69
2.34
3.34
4.18
2.97
2.22
0.86
1.04
1.14
0.86
0.84
0.79
1.16
0.44
0.69
0.57
1.42
4.63
1.38
2.96
3.26
3.02
1.23
1.10
1.57
2.18
2.17
2.26
3.41
6.32
3.61
3.60
3.06
1.61
1.20
2.21
1.68
0.99
0.78
2.91
6.54
4.09
1.48
4.67
1.39
1.31
1.33
1.31
0.38
0.78
1.33
1.69
1.23
2.06
3.32
2.91
2.34
2.70
2.42
1.20
2.68
2.89
1.55
3.90
6.10
4.59
3.96
1.96
3.84
3.95
3.91
6.28
2.07
6.95
1.38
3.21
8.76
4.75
5.16
5.75
4.03
3.26
2.06
1.40
2.14
6.44
6.27
2.33
7.85
5.38
2.55
3.32
2.14
3.15
1.48
3.95
7.44
2.49
4.94
2.10
1.23
0.69
0.52
2.27
2.71
8.14
7.86
1.84
3.43
3.65
0.53
2.89
5.03
4.93
5.58
2.38
2.27
1.74
1.20
1.10
1.04
3.23
5.27
7.00
7.01
2.62
2.85
2.71
1.76
1.17
0.83
0.72
1.08
0.76
0.87
0.30
1.06
1.08
0.76
0.91
0.78
0.98
1.06
0.87
1.39
1.08
1.33
0.89
1.02
1.24
0.90
2.23
1.69
1.27
0.56
1.54
3.04
1.33
1.29
1.12
0.80
0.84
0.42
0.80
0.89
0.80
0.72
0.38
0.86
0.61
1.04
0.74
1.99
0.52
0.45
0.74
0.49
0.61
0.57
0.94
0.91
1.10
1.28
0.60
0.87
1.04
5.60
3.60
1.51
3.38
1.73
0.84
0.99
0.83
0.80
0.89
1.33
1.48
1.84
1.33
1.53
1.46
2.37
3.08
4.47
4.49
2.79
5.26
2.19
