GUESS    :MOVING_ME
STARTTIME:1288794075041
ENDTIME  :1288794087944
LOCALSPD :0.0
LONGSPD  :0.0
LOCATION :Location[mProvider=network,mTime=1288794055646,mLatitude=55.749499766666666,mLongitude=12.3807849,mHasAltitude=false,mAltitude=0.0,mHasSpeed=false,mSpeed=0.0,mHasBearing=false,mBearing=0.0,mHasAccuracy=true,mAccuracy=51.0,mExtras=Bundle[mParcelledData.dataSize=148]]
ADDRESS :

6.05
2.30
2.71
2.56
3.84
3.26
4.14
6.51
5.20
5.22
3.61
4.18
2.07
3.99
2.22
1.65
1.74
1.08
1.46
2.66
4.51
5.26
8.54
1.92
4.99
2.48
1.77
1.20
0.87
1.06
2.30
3.38
3.70
1.63
5.38
4.03
2.64
3.45
1.92
0.95
1.08
0.44
2.71
0.74
3.91
3.30
7.75
4.03
3.79
1.76
1.61
1.72
1.10
0.80
0.86
2.70
4.49
3.06
1.69
3.65
3.70
5.28
2.37
3.79
0.67
2.25
0.46
1.87
2.91
1.61
4.13
5.03
4.88
1.36
4.48
0.76
2.18
0.86
0.78
0.76
0.59
3.73
2.79
2.38
2.75
4.88
3.80
5.52
3.60
3.83
0.27
1.84
1.27
1.16
0.86
2.49
1.27
2.60
1.92
0.53
1.72
0.87
2.00
0.35
0.46
0.99
0.34
0.95
1.18
1.36
1.70
1.14
1.35
1.92
0.53
2.64
2.19
1.10
0.71
2.11
1.46
1.53
0.78
0.69
1.77
2.07
1.14
1.81
0.93
2.66
2.21
1.44
1.80
0.68
0.69
0.63
0.60
1.29
1.42
1.20
0.45
0.91
0.30
1.28
0.82
1.06
1.16
1.04
0.87
0.63
1.21
1.50
0.99
0.52
0.56
0.87
0.52
0.31
0.26
0.91
1.28
1.48
0.76
1.27
0.76
1.72
0.50
0.53
1.23
0.75
1.09
1.53
1.46
1.39
0.84
0.82
0.42
0.65
0.69
0.34
0.37
1.25
0.82
0.95
1.65
1.99
2.27
0.65
1.06
2.38
2.11
2.94
1.20
4.21
0.84
2.34
2.98
1.96
4.86
4.79
6.09
3.95
3.83
2.11
1.77
1.27
1.80
1.72
1.44
0.46
0.94
0.46
0.74
2.38
1.08
1.69
0.83
1.57
1.23
1.31
0.27
3.02
0.76
1.10
0.49
0.19
0.38
0.33
0.49
0.27
0.34
0.49
0.25
0.91
0.45
0.93
0.69
2.68
1.29
1.99
1.09
1.31
0.95
1.51
1.35
0.50
0.93
0.45
0.78
1.69
1.02
0.07
0.45
0.35
0.27
0.57
