GUESS    :MOVING_ME
STARTTIME:1288794465414
ENDTIME  :1288794478903
LOCALSPD :0.0
LONGSPD  :0.039721776
LOCATION :Location[mProvider=network,mTime=1288794475922,mLatitude=55.7505181,mLongitude=12.3782946,mHasAltitude=false,mAltitude=0.0,mHasSpeed=false,mSpeed=0.0,mHasBearing=false,mBearing=0.0,mHasAccuracy=true,mAccuracy=113.0,mExtras=Bundle[mParcelledData.dataSize=148]]
ADDRESS :

1.95
1.78
0.53
1.50
1.14
1.31
0.93
1.13
0.26
0.74
0.57
0.65
0.34
0.74
0.34
0.57
0.90
1.27
1.17
0.97
1.39
1.09
1.46
0.95
1.97
1.69
0.46
2.75
3.11
3.01
2.68
3.94
1.38
1.57
1.43
2.07
2.03
1.09
2.11
1.20
1.92
0.68
0.87
1.08
0.80
1.06
1.06
0.80
0.59
0.65
0.69
1.20
0.87
1.38
0.64
1.31
0.91
1.53
2.68
1.80
1.39
1.23
2.34
1.61
0.86
1.92
1.31
1.50
1.39
1.09
1.42
1.38
1.53
1.18
2.21
1.02
1.77
0.50
0.80
2.22
1.24
2.14
0.74
2.00
0.87
0.99
1.46
1.14
0.89
1.10
0.59
1.84
1.08
0.74
1.29
0.61
2.02
1.01
1.47
2.57
2.19
1.76
1.42
1.18
1.23
2.07
0.22
2.11
2.53
1.04
1.39
1.38
2.17
0.97
1.35
1.61
2.89
2.18
4.22
4.14
5.97
4.02
2.52
1.77
2.96
2.71
3.77
2.66
1.91
2.89
4.62
9.70
18.59
28.15
10.96
1.95
11.77
6.89
5.90
4.26
2.41
2.53
1.95
1.28
1.04
1.65
1.80
1.99
0.59
1.01
0.84
0.64
1.73
1.69
0.84
1.35
0.65
1.31
1.53
3.79
2.12
3.32
1.73
2.91
1.35
2.86
3.87
5.20
6.12
1.68
3.06
1.80
2.48
2.71
1.76
1.04
0.78
0.53
0.54
0.76
0.69
0.80
0.80
1.09
0.80
1.04
0.97
0.46
0.18
0.23
0.67
0.99
0.84
0.68
0.95
2.79
1.92
6.52
3.11
1.76
3.26
1.42
2.55
1.50
2.57
2.48
2.06
2.04
1.14
1.23
0.95
0.50
1.99
2.30
0.99
1.42
1.18
1.44
1.18
0.50
0.99
1.58
1.08
1.88
0.84
0.98
1.16
0.50
0.80
1.09
0.34
0.98
0.60
0.12
0.30
0.08
0.20
0.72
0.19
0.25
0.22
0.34
0.49
0.50
0.68
0.99
0.74
0.99
0.56
0.38
2.56
1.68
3.28
1.54
3.58
1.35
