GUESS    :IDLE
STARTTIME:1287649176116
ENDTIME  :1287649191965
LOCATION :Location[mProvider=network,mTime=1287649170561,mLatitude=55.74960813333333,mLongitude=12.376808266666666,mHasAltitude=false,mAltitude=0.0,mHasSpeed=false,mSpeed=0.0,mHasBearing=false,mBearing=0.0,mHasAccuracy=true,mAccuracy=50.0,mExtras=Bundle[mParcelledData.dataSize=148]]
ADDRESS :

0.12
0.04
0.08
0.08
0.08
0.04
0.08
0.08
0.08
0.16
0.12
0.04
0.08
0.08
0.04
0.04
0.04
0.04
0.04
0.12
0.08
0.15
0.07
0.19
0.07
0.04
0.08
0.12
0.12
0.04
0.12
0.04
0.04
0.08
0.08
0.04
0.04
0.04
0.12
0.04
0.04
0.04
0.04
0.08
0.12
0.12
0.08
0.04
0.08
0.04
0.08
0.12
0.08
0.04
0.20
0.12
0.08
0.04
0.04
0.08
0.04
0.12
0.16
0.16
0.16
0.12
0.16
0.20
0.04
0.04
0.04
0.16
0.04
0.08
0.12
0.12
0.16
0.15
0.03
0.04
0.04
0.08
0.08
0.04
0.08
0.04
0.19
0.08
0.15
0.04
0.08
0.08
0.04
0.04
0.08
0.08
0.04
0.08
0.08
0.08
0.04
0.11
0.07
0.04
0.04
0.08
0.12
0.08
0.07
0.11
0.08
0.04
0.07
0.11
0.08
0.04
0.07
0.14
0.15
0.12
0.08
0.12
0.04
0.04
0.12
0.04
0.08
0.04
0.08
0.10
0.18
0.04
0.15
0.08
0.07
0.07
0.22
0.26
0.07
0.04
0.08
0.07
0.10
0.07
0.11
0.15
0.11
0.07
0.08
0.08
0.08
0.04
0.07
0.15
0.08
0.12
0.11
0.03
0.18
0.04
0.04
0.08
0.08
0.03
0.11
0.08
0.08
0.08
0.08
0.04
0.04
0.08
0.08
0.08
0.03
0.07
0.14
0.04
0.04
0.08
0.08
0.04
0.08
0.12
0.04
0.16
0.15
0.04
0.07
0.04
0.16
0.12
0.08
0.19
0.07
0.04
0.08
0.08
0.04
0.12
0.16
0.04
0.12
0.12
0.04
0.08
0.08
0.04
0.08
0.08
0.08
0.11
0.07
0.08
0.15
0.04
0.15
0.08
0.04
0.12
0.08
0.20
0.08
0.04
0.04
0.11
0.07
0.04
0.03
0.07
0.11
0.12
0.15
0.04
0.08
0.04
0.08
0.08
0.08
0.08
0.12
0.08
0.04
0.16
0.08
0.04
0.11
0.03
0.08
0.04
0.12
0.04
0.08
0.08
0.04
0.08
