GUESS    :MOVING_SM
STARTTIME:1290691720189
ENDTIME  :1290691735298
LOCALSPD :0.0
LONGSPD  :-1.0
LOCATION :Location[mProvider=network,mTime=1290691717527,mLatitude=55.783288,mLongitude=12.526421,mHasAltitude=false,mAltitude=0.0,mHasSpeed=false,mSpeed=0.0,mHasBearing=false,mBearing=0.0,mHasAccuracy=true,mAccuracy=781.0,mExtras=Bundle[mParcelledData.dataSize=148]]
ADDRESS :

0.15
0.19
0.15
0.12
0.08
0.08
0.11
0.04
0.07
0.07
0.08
0.11
0.08
0.08
0.12
0.04
0.08
0.08
0.16
0.08
0.11
0.76
1.65
2.48
0.14
1.09
0.15
0.68
0.76
0.46
1.80
0.61
1.35
1.05
0.57
0.04
0.15
0.08
0.11
0.11
0.11
0.04
0.04
0.07
0.04
0.07
0.15
0.08
0.11
0.11
0.08
0.12
0.15
1.08
1.84
0.89
0.11
0.04
1.48
2.17
0.45
0.38
0.12
0.08
0.04
0.16
0.04
0.12
0.04
0.04
0.08
0.08
0.18
0.31
0.11
0.16
0.16
0.08
0.16
0.11
0.15
0.08
0.08
0.12
0.04
0.12
0.12
0.11
0.07
0.03
0.03
0.04
0.12
0.20
0.08
0.08
0.08
0.04
0.04
0.12
0.08
0.08
0.08
0.12
0.12
0.08
0.04
0.08
0.04
0.08
0.12
0.04
0.04
0.08
0.08
0.04
0.04
0.04
0.04
0.08
0.08
0.04
0.07
0.15
0.04
0.11
0.11
0.04
0.04
0.04
0.04
0.04
0.04
0.08
0.12
0.04
0.04
0.12
0.08
0.04
0.12
0.16
0.08
0.04
0.08
0.08
0.12
0.12
0.08
0.08
0.08
0.11
0.11
0.16
0.20
0.04
0.04
0.04
0.12
0.04
0.08
0.04
0.04
0.04
0.04
0.16
0.08
0.04
0.04
0.04
0.12
0.15
0.15
0.08
0.04
0.08
0.12
0.08
0.16
0.08
0.04
0.04
0.08
0.04
0.12
0.04
0.04
0.08
0.08
0.04
0.15
0.11
0.04
0.04
0.12
0.12
0.08
0.04
0.04
0.08
0.04
0.12
0.07
0.07
0.08
0.08
0.11
0.07
0.04
0.08
0.12
0.04
0.04
0.04
0.12
0.12
0.08
0.08
0.12
0.12
0.12
0.08
0.04
0.12
0.08
0.04
0.08
0.04
0.08
0.04
0.04
0.16
0.08
0.04
0.08
0.08
0.08
0.04
0.12
0.04
0.04
0.04
0.04
0.04
0.16
0.16
0.08
0.12
0.04
0.08
0.08
0.04
0.08
0.16
0.08
0.04
