GUESS    :IDLE
STARTTIME:1290691780940
ENDTIME  :1290691795559
LOCALSPD :0.0
LONGSPD  :0.0
LOCATION :Location[mProvider=network,mTime=1290691781150,mLatitude=55.783288,mLongitude=12.526421,mHasAltitude=false,mAltitude=0.0,mHasSpeed=false,mSpeed=0.0,mHasBearing=false,mBearing=0.0,mHasAccuracy=true,mAccuracy=781.0,mExtras=Bundle[mParcelledData.dataSize=148]]
ADDRESS :

0.19
0.16
0.19
0.04
0.16
0.04
0.08
0.07
0.07
0.12
0.08
0.07
0.15
0.04
0.08
0.12
0.12
0.08
0.04
0.08
0.04
0.08
0.08
0.16
0.04
0.04
0.08
0.08
0.19
0.07
0.08
0.08
0.16
0.04
0.04
0.08
0.04
0.08
0.08
0.11
0.15
0.08
0.04
0.04
0.04
0.04
0.15
0.03
0.12
0.16
0.16
0.04
0.03
0.07
0.26
0.27
0.23
0.33
0.03
0.30
0.29
0.33
0.50
0.30
0.25
0.20
0.16
0.23
0.08
0.23
0.12
0.11
0.16
0.12
0.27
0.16
0.27
0.15
0.23
0.15
0.08
0.11
0.16
0.16
0.19
0.18
0.08
0.23
0.20
0.23
0.08
0.07
0.16
0.08
0.11
0.04
0.03
0.08
0.08
0.15
0.04
0.11
0.15
0.04
0.11
0.12
0.04
0.08
0.08
0.12
0.04
0.11
0.08
0.15
0.08
0.04
0.04
0.04
0.08
0.16
0.16
0.11
0.07
0.12
0.11
0.11
0.08
0.11
0.07
0.04
0.16
0.15
0.07
0.12
0.04
0.08
0.04
0.12
0.12
0.11
0.11
0.04
0.04
0.07
0.03
0.04
0.04
0.11
0.04
0.07
0.04
0.04
0.12
0.04
0.04
0.12
0.04
0.08
0.04
0.07
0.03
0.11
0.08
0.07
0.04
0.07
0.07
0.08
0.07
0.07
0.04
0.04
0.08
0.12
0.04
0.07
0.07
0.08
0.04
0.12
0.07
0.07
0.03
0.11
0.11
0.15
0.04
0.07
0.07
0.08
0.07
0.07
0.07
0.07
0.07
0.11
0.04
0.04
0.08
0.08
0.12
0.04
0.08
0.04
0.04
0.07
0.11
0.07
0.07
0.08
0.08
0.11
0.04
0.08
0.08
0.07
0.07
0.03
0.11
0.14
0.11
0.04
0.12
0.08
0.04
0.07
0.07
0.04
0.04
0.07
0.07
0.08
0.11
0.04
0.11
0.04
0.07
0.07
0.08
0.12
0.15
0.11
0.11
0.18
0.14
0.07
0.14
0.10
0.04
0.04
0.11
0.19
0.03
0.04
0.14
0.03
