GUESS    :MOVING_SM
STARTTIME:1290691644329
ENDTIME  :1290691659088
LOCALSPD :0.0
LONGSPD  :-1.0
LOCATION :Location[mProvider=network,mTime=1290691653068,mLatitude=55.783288,mLongitude=12.526421,mHasAltitude=false,mAltitude=0.0,mHasSpeed=false,mSpeed=0.0,mHasBearing=false,mBearing=0.0,mHasAccuracy=true,mAccuracy=781.0,mExtras=Bundle[mParcelledData.dataSize=148]]
ADDRESS :

0.22
0.29
0.24
0.20
0.15
0.09
0.07
0.09
0.12
0.13
0.13
0.11
0.09
0.06
0.02
0.02
0.03
0.04
0.04
0.03
0.02
0.03
0.03
0.05
0.06
0.05
0.04
0.02
0.01
0.03
0.05
0.06
0.07
0.06
0.05
0.05
0.03
0.02
0.03
0.04
0.05
0.06
0.05
0.04
0.03
0.02
0.01
0.01
0.02
0.02
0.03
0.02
0.02
0.02
0.01
0.00
0.01
0.01
0.02
0.02
0.02
0.02
0.03
0.02
0.01
0.01
0.01
0.01
0.01
0.02
0.02
0.02
0.02
0.02
0.01
0.02
0.02
0.02
0.02
0.02
0.02
0.01
0.01
0.01
0.01
0.02
0.02
0.02
0.02
0.03
0.03
0.02
0.02
0.03
0.02
0.01
0.01
0.00
0.01
0.01
0.02
0.02
0.02
0.02
0.02
0.02
0.01
0.01
0.01
0.01
0.01
0.01
0.01
0.01
0.00
0.00
0.01
0.01
0.01
0.01
0.02
0.03
0.02
0.03
0.02
0.02
0.01
0.01
