GUESS    :MOVING_SM
STARTTIME:1290930328440
ENDTIME  :1290930343586
LOCALSPD :-1.0
LONGSPD  :-1.0
LOCATION :Location[mProvider=network,mTime=1290930339519,mLatitude=55.74957875,mLongitude=12.376729950000001,mHasAltitude=false,mAltitude=0.0,mHasSpeed=false,mSpeed=0.0,mHasBearing=false,mBearing=0.0,mHasAccuracy=true,mAccuracy=50.0,mExtras=Bundle[mParcelledData.dataSize=148]]
ADDRESS :

14.26
0.20
0.19
0.19
0.19
0.15
0.12
0.08
0.12
0.25
0.19
0.08
0.16
0.22
0.27
0.15
0.14
0.19
0.26
0.53
0.63
0.61
0.53
0.52
0.50
0.59
0.61
0.42
0.39
0.80
0.64
0.72
0.15
0.44
0.34
0.57
0.97
0.83
0.56
0.56
0.57
1.08
0.26
0.23
0.35
0.19
0.26
0.11
0.42
0.57
0.87
1.96
0.89
0.99
0.56
0.18
0.45
0.35
0.42
0.93
0.11
0.57
0.29
0.54
0.31
0.23
0.27
0.20
0.15
0.39
0.56
0.25
0.19
0.23
0.16
0.15
0.16
0.42
0.20
0.31
0.37
0.41
0.15
0.15
0.07
0.33
0.25
0.19
0.27
0.12
0.31
0.39
0.39
0.46
0.22
0.44
0.34
0.12
0.12
0.16
0.23
0.27
0.12
0.08
0.23
0.23
0.29
0.86
3.17
4.88
3.09
3.83
3.42
4.97
2.98
1.18
1.13
1.73
1.53
5.82
5.60
2.22
3.06
3.84
6.40
2.72
3.95
2.33
2.60
1.88
0.46
0.61
0.08
0.04
0.04
0.08
0.16
0.08
0.11
0.07
0.07
0.07
0.04
0.08
0.04
0.07
0.03
0.04
0.04
0.08
0.08
0.12
0.08
0.07
0.11
0.04
0.04
0.07
0.04
0.04
0.07
0.03
0.08
0.07
0.03
0.11
0.12
0.08
0.12
0.11
0.11
0.07
0.12
0.08
0.04
0.07
0.07
0.07
0.11
0.04
0.04
0.04
0.08
0.04
0.08
0.07
0.04
0.11
0.11
0.03
0.07
0.11
0.04
0.11
0.08
0.07
0.04
0.07
0.07
0.03
0.07
0.11
0.14
0.11
0.12
0.15
0.11
0.08
0.08
0.04
0.08
0.04
0.12
0.12
0.08
0.04
0.08
0.16
0.12
0.08
0.12
0.11
0.03
0.08
0.15
0.11
0.16
0.12
0.15
0.19
0.04
0.04
0.16
0.16
0.16
0.04
0.12
0.04
0.11
0.11
0.03
0.03
0.03
0.04
0.08
0.04
0.04
0.07
0.08
0.07
0.07
0.11
0.12
0.07
0.07
0.07
