GUESS    :MOVING_SM
STARTTIME:1289166270571
ENDTIME  :1289166285949
LOCALSPD :-1.0
LONGSPD  :-1.0
LOCATION :Location[mProvider=network,mTime=1289166256841,mLatitude=55.74954665,mLongitude=12.376584424999999,mHasAltitude=false,mAltitude=0.0,mHasSpeed=false,mSpeed=0.0,mHasBearing=false,mBearing=0.0,mHasAccuracy=true,mAccuracy=50.0,mExtras=Bundle[mParcelledData.dataSize=148]]
ADDRESS :

1.05
0.42
0.39
0.35
0.54
0.72
0.38
0.46
0.65
0.41
0.65
0.91
0.87
0.25
0.42
0.35
0.41
0.68
0.39
0.35
0.74
1.65
2.85
2.37
4.94
5.26
5.37
4.77
1.57
3.88
4.82
4.18
0.84
4.70
3.53
2.98
3.98
1.33
0.18
0.07
0.08
0.15
0.22
0.10
0.08
0.08
0.12
0.16
0.19
0.11
0.07
0.19
0.20
0.12
0.12
0.12
0.04
0.16
0.16
0.19
0.12
0.07
0.04
0.11
0.15
0.04
0.08
0.08
0.08
0.16
0.15
0.11
0.12
0.04
0.12
0.08
0.11
0.11
0.08
0.04
0.08
0.04
0.07
0.11
0.08
0.04
0.04
0.16
0.15
0.03
0.12
0.08
0.12
0.12
0.04
0.04
0.08
0.12
0.04
0.08
0.04
0.08
0.16
0.04
0.12
0.18
0.14
0.11
0.11
0.12
0.08
0.11
0.07
0.12
0.08
0.08
0.04
0.08
0.08
0.08
0.03
0.04
0.11
0.04
0.12
0.08
0.04
0.04
0.08
0.12
0.08
0.07
0.07
0.08
0.04
0.04
0.04
0.04
0.08
0.15
0.07
0.04
0.04
0.04
0.08
0.08
0.11
0.18
0.11
0.07
0.03
0.12
0.08
0.04
0.12
0.08
0.12
0.04
0.08
0.12
0.08
0.12
0.04
0.08
0.04
0.08
0.08
0.08
0.04
0.08
0.08
0.03
0.15
0.07
0.07
0.08
0.04
0.08
0.04
0.12
0.16
0.12
0.04
0.11
0.14
0.04
0.15
0.08
0.08
0.12
0.04
0.08
0.08
0.07
0.11
0.04
0.04
0.12
0.12
0.08
0.12
0.08
0.08
0.08
0.04
0.07
0.19
0.11
0.15
0.04
0.12
0.08
0.08
0.08
0.04
0.04
0.08
0.04
0.04
0.08
0.16
0.11
0.07
0.12
0.08
0.12
0.08
0.08
0.08
0.08
0.04
0.04
0.08
0.08
0.07
0.07
0.08
0.12
0.12
0.12
0.11
0.03
0.04
0.07
0.08
0.15
0.04
0.07
0.07
0.04
0.12
0.08
0.07
0.08
0.11
0.11
