GUESS    :MOVING_SM
STARTTIME:1288777921915
ENDTIME  :1288777935583
LOCALSPD :-1.0
LONGSPD  :-1.0
LOCATION :Location[mProvider=network,mTime=1288777922750,mLatitude=55.74958615,mLongitude=12.3767289,mHasAltitude=false,mAltitude=0.0,mHasSpeed=false,mSpeed=0.0,mHasBearing=false,mBearing=0.0,mHasAccuracy=true,mAccuracy=50.0,mExtras=Bundle[mParcelledData.dataSize=148]]
ADDRESS :

0.69
0.38
0.35
0.16
0.25
0.19
0.31
0.53
1.04
0.57
0.19
0.04
0.34
0.42
0.12
0.31
0.19
0.16
0.37
0.94
0.53
0.59
1.12
1.04
1.20
0.50
0.12
0.19
0.31
0.50
0.30
0.23
0.11
0.50
0.48
0.20
0.08
0.12
0.23
0.04
0.19
0.23
0.16
0.12
0.16
0.08
0.16
0.25
0.16
0.68
1.35
1.27
0.76
0.45
0.34
0.11
0.12
0.08
0.20
0.20
0.07
0.34
0.76
0.38
0.22
0.16
0.12
0.04
0.25
0.30
0.25
0.26
0.20
0.20
0.31
0.12
0.04
0.12
0.20
0.12
0.12
0.08
0.08
0.22
0.15
0.16
0.08
0.08
0.12
0.15
0.18
0.54
0.82
1.16
1.73
1.85
0.98
3.98
6.91
4.39
1.58
0.38
0.68
0.89
0.64
0.19
0.19
0.11
0.72
0.45
0.19
0.27
0.15
0.33
0.11
0.19
0.53
0.38
0.07
0.27
0.27
0.04
0.39
0.19
0.65
0.72
1.18
0.50
0.46
0.38
0.54
0.14
0.08
0.93
0.26
0.44
1.04
0.42
0.46
0.49
0.61
0.76
0.15
0.69
0.76
0.39
0.38
0.35
0.20
0.16
0.08
0.08
0.16
0.30
0.30
0.03
0.04
0.15
0.34
0.35
0.19
0.15
0.23
0.26
0.07
0.30
0.27
0.38
0.34
0.27
0.27
0.38
0.42
0.44
0.61
0.41
0.34
0.46
0.83
0.61
3.42
4.99
4.36
0.19
1.69
0.90
0.95
2.52
0.67
0.89
0.67
0.29
1.12
1.12
1.44
1.50
1.10
1.10
0.23
0.65
0.26
0.27
0.16
0.26
0.46
0.46
0.31
0.74
0.49
0.19
0.61
0.72
0.67
0.54
0.53
0.72
1.14
0.84
0.48
0.68
0.53
0.38
0.91
0.69
1.20
0.90
0.27
1.04
1.48
1.01
1.04
0.45
0.27
0.87
0.46
0.19
0.61
0.61
0.35
0.38
0.31
0.23
0.15
0.23
0.38
0.26
0.27
0.12
0.27
0.19
0.14
0.44
0.46
0.23
0.39
0.23
