GUESS    :WALKING
STARTTIME:1287732667214
ENDTIME  :1287732680058
LOCATION :Location[mProvider=network,mTime=1287732627482,mLatitude=55.78192203750001,mLongitude=12.513731924999998,mHasAltitude=false,mAltitude=0.0,mHasSpeed=false,mSpeed=0.0,mHasBearing=false,mBearing=0.0,mHasAccuracy=true,mAccuracy=64.0,mExtras=Bundle[mParcelledData.dataSize=148]]
ADDRESS :

3.41
1.50
0.50
0.26
0.39
0.37
0.31
0.16
0.15
0.45
0.01
0.22
0.65
0.17
0.73
0.30
0.19
0.11
0.04
0.29
0.35
0.19
0.18
0.88
0.80
0.43
0.68
0.14
0.22
0.21
0.19
0.10
0.07
0.13
0.18
0.19
0.13
0.51
0.57
0.52
0.21
0.26
0.16
0.12
0.22
0.13
0.16
0.43
0.26
0.53
0.45
0.09
0.28
0.06
0.16
0.19
0.15
0.39
0.18
0.20
0.36
0.41
0.32
0.22
0.12
0.18
0.10
0.24
0.11
0.10
0.38
0.22
0.40
0.47
0.32
0.26
0.21
0.21
0.19
0.15
0.08
0.25
0.15
0.29
0.35
0.15
0.07
0.16
0.17
0.03
0.20
0.19
0.04
0.08
0.18
0.34
0.43
0.11
0.09
0.43
0.13
0.08
0.06
0.14
0.19
0.09
0.15
0.02
0.17
0.10
0.15
0.30
0.30
0.09
0.14
0.15
0.05
0.10
0.22
0.37
0.15
0.12
0.10
0.02
0.26
0.02
0.14
0.19
