GUESS    :IDLE
STARTTIME:1289229242274
ENDTIME  :1289229256673
LOCALSPD :0.0
LONGSPD  :-1.0
LOCATION :Location[mProvider=network,mTime=1289229228503,mLatitude=55.78250412,mLongitude=12.51393769,mHasAltitude=false,mAltitude=0.0,mHasSpeed=false,mSpeed=0.0,mHasBearing=false,mBearing=0.0,mHasAccuracy=true,mAccuracy=53.0,mExtras=Bundle[mParcelledData.dataSize=148]]
ADDRESS :

0.08
0.04
0.12
0.16
0.12
0.12
0.08
0.12
0.12
0.04
0.12
0.08
0.16
0.12
0.04
0.16
0.16
0.12
0.12
0.08
0.12
0.20
0.12
0.12
0.08
0.16
0.04
0.12
0.12
0.08
0.16
0.08
0.12
0.08
0.20
0.19
0.11
0.20
0.04
0.12
0.16
0.16
0.04
0.16
0.12
0.12
0.16
0.12
0.12
0.04
0.04
0.08
0.08
0.04
0.04
0.04
0.04
0.04
0.16
0.16
0.12
0.12
0.04
0.16
0.16
0.08
0.12
0.08
0.08
0.12
0.04
0.04
0.08
0.20
0.20
0.04
0.12
0.04
0.08
0.08
0.08
0.12
0.20
0.12
0.16
0.08
0.16
0.12
0.04
0.08
0.08
0.20
0.16
0.16
0.12
0.04
0.04
0.08
0.04
0.08
0.08
0.12
0.12
0.16
0.04
0.16
0.04
0.12
0.08
0.12
0.16
0.12
0.12
0.12
0.08
0.04
0.08
0.04
0.08
0.08
0.16
0.08
0.12
0.12
0.04
0.08
0.08
0.08
0.08
0.08
0.04
0.04
0.16
0.04
0.20
0.16
0.04
0.04
0.04
0.16
0.08
0.08
0.11
0.19
0.04
0.12
0.16
0.08
0.16
0.04
0.25
0.04
0.16
0.20
0.20
0.12
0.04
0.20
0.08
0.29
0.20
0.08
0.04
0.16
0.08
0.08
0.04
0.08
0.12
0.08
0.16
0.16
0.16
0.08
0.12
0.20
0.20
0.12
0.04
0.12
0.12
0.04
0.08
0.08
0.08
0.08
0.08
0.04
0.12
0.16
0.16
0.08
0.16
0.16
0.04
0.12
0.16
0.12
0.08
0.08
0.12
0.08
0.08
0.08
0.08
0.08
0.12
0.08
0.12
0.08
0.20
0.20
0.12
0.08
0.12
0.08
0.16
0.12
0.04
0.04
0.12
0.19
0.15
0.04
0.08
0.04
0.04
0.12
0.12
0.10
0.18
0.08
0.04
0.04
0.12
0.16
0.16
0.08
0.12
0.20
0.08
0.08
0.08
0.04
0.08
0.04
0.08
0.12
0.04
0.15
0.19
0.04
0.04
0.12
0.08
0.16
