GUESS    :WALKING
STARTTIME:1290330629024
ENDTIME  :1290330643598
LOCALSPD :0.0
LONGSPD  :-1.0
LOCATION :Location[mProvider=network,mTime=1290330633022,mLatitude=55.749203030000004,mLongitude=12.376829090000001,mHasAltitude=false,mAltitude=0.0,mHasSpeed=false,mSpeed=0.0,mHasBearing=false,mBearing=0.0,mHasAccuracy=true,mAccuracy=55.0,mExtras=Bundle[mParcelledData.dataSize=148]]
ADDRESS :

2.57
0.86
0.75
3.00
3.53
2.34
6.24
7.53
9.25
11.40
5.35
1.91
3.12
2.64
6.93
3.13
3.75
6.95
5.26
6.93
3.68
2.06
2.93
3.65
2.19
2.82
5.22
6.65
6.24
9.15
3.51
1.39
2.06
3.79
4.90
4.48
3.11
6.95
7.16
4.14
6.40
3.08
2.34
3.05
4.40
2.64
2.52
7.44
10.28
5.53
5.08
5.37
3.17
2.79
3.65
4.89
8.25
5.03
5.64
8.89
6.05
3.45
2.00
2.72
2.03
3.32
2.72
1.80
7.44
12.03
6.21
6.42
2.53
2.10
1.21
1.14
3.27
2.56
4.41
7.01
10.54
7.25
5.92
2.64
1.61
2.34
5.13
1.68
2.19
5.48
6.92
7.07
10.09
4.18
1.76
4.30
4.25
3.53
2.48
2.82
8.80
9.19
8.62
4.47
1.91
2.30
1.65
4.11
1.47
3.04
6.32
5.64
2.86
8.88
4.75
1.92
1.38
0.89
2.93
2.04
3.42
10.80
2.45
3.87
3.04
1.65
1.81
1.88
4.13
2.45
1.92
4.14
7.72
4.54
9.08
4.18
4.10
1.76
2.83
1.72
3.15
1.91
5.68
9.06
1.54
7.07
6.05
4.06
2.47
2.68
1.95
3.75
1.35
2.52
6.12
8.28
4.67
7.95
2.03
3.06
0.57
2.03
3.95
1.72
7.82
6.44
12.75
6.03
6.18
4.43
2.47
1.14
2.98
4.06
2.37
1.46
7.21
10.69
5.60
7.26
2.40
1.80
2.03
2.26
4.18
5.58
5.04
5.41
2.19
7.31
4.81
2.38
3.21
2.42
3.68
1.88
3.09
7.10
9.00
7.04
4.88
1.89
3.16
0.79
3.68
4.82
5.08
3.21
8.47
6.86
5.30
4.20
1.97
0.60
3.30
3.19
3.26
6.70
5.08
8.65
9.11
4.97
2.02
4.67
1.96
5.68
4.02
2.52
4.40
6.69
3.76
4.99
3.54
1.87
3.08
3.62
1.29
3.19
8.39
5.60
6.44
9.33
4.18
5.56
2.76
7.08
4.67
4.43
5.82
3.53
8.73
3.41
6.78
3.28
3.61
2.63
