GUESS    :WALKING
STARTTIME:1290330643599
ENDTIME  :1290330658217
LOCALSPD :0.0
LONGSPD  :-1.0
LOCATION :Location[mProvider=network,mTime=1290330633022,mLatitude=55.749203030000004,mLongitude=12.376829090000001,mHasAltitude=false,mAltitude=0.0,mHasSpeed=false,mSpeed=0.0,mHasBearing=false,mBearing=0.0,mHasAccuracy=true,mAccuracy=55.0,mExtras=Bundle[mParcelledData.dataSize=148]]
ADDRESS :

3.53
1.85
3.69
7.94
6.69
3.26
7.37
2.78
3.02
2.04
4.09
4.77
3.61
4.41
4.36
5.18
6.17
4.07
2.51
2.30
3.01
3.60
2.79
4.94
5.05
11.44
8.12
5.67
1.54
3.75
2.72
3.09
5.90
6.16
0.95
13.28
4.36
8.27
5.52
2.11
3.75
2.10
3.65
2.22
2.06
7.85
14.02
8.24
8.35
4.25
4.84
2.26
4.26
4.28
1.53
5.22
4.45
4.02
7.44
3.13
2.45
3.84
3.00
1.95
3.11
6.69
8.46
4.40
6.91
3.00
2.79
1.54
3.60
4.86
4.37
2.98
6.81
3.99
5.61
4.33
0.75
2.63
2.70
2.63
1.77
2.60
7.18
10.08
5.01
6.71
2.83
1.20
2.27
2.07
4.73
4.82
2.62
5.82
3.34
3.45
4.77
2.63
1.36
2.76
3.90
3.60
2.76
6.31
13.18
10.34
5.30
2.04
4.10
1.73
4.24
4.25
5.94
4.74
4.56
8.69
7.31
4.70
2.94
2.87
2.08
1.54
4.39
7.31
4.67
5.71
7.55
5.05
1.13
3.55
2.04
3.49
5.20
3.65
6.65
2.30
5.72
3.45
1.70
2.26
0.65
2.68
1.57
5.01
3.76
9.66
4.17
4.33
1.81
2.83
1.84
1.20
1.04
1.06
1.62
2.83
3.32
3.72
4.45
3.23
1.76
0.99
1.08
1.23
0.45
1.43
1.04
0.54
1.63
1.63
2.11
4.05
0.97
2.98
2.96
2.49
0.71
1.87
0.83
1.09
0.53
0.80
0.99
2.34
1.50
2.18
2.38
1.10
1.42
0.76
1.04
0.99
1.20
0.91
0.65
0.93
0.46
1.59
1.31
2.15
0.75
0.56
1.92
1.92
1.99
2.45
3.11
2.91
1.46
2.66
0.59
1.14
3.42
2.59
6.03
9.15
5.98
6.32
2.62
0.19
2.11
0.45
2.87
2.82
3.49
1.61
11.03
4.36
2.83
2.67
0.87
0.75
0.99
1.46
4.63
3.38
3.41
5.07
8.58
3.24
5.38
3.73
2.87
2.30
2.78
4.75
5.18
4.17
6.89
6.71
2.87
5.75
