GUESS    :WALKING
STARTTIME:1290330745668
ENDTIME  :1290330760147
LOCALSPD :0.06689096
LONGSPD  :-1.0
LOCATION :Location[mProvider=network,mTime=1290330757481,mLatitude=55.74809615999999,mLongitude=12.377397120000001,mHasAltitude=false,mAltitude=0.0,mHasSpeed=false,mSpeed=0.0,mHasBearing=false,mBearing=0.0,mHasAccuracy=true,mAccuracy=65.0,mExtras=Bundle[mParcelledData.dataSize=148]]
ADDRESS :

3.09
1.35
3.26
1.65
3.26
2.75
4.69
5.50
10.71
7.33
7.08
2.45
2.90
1.57
2.64
3.62
4.10
3.45
10.94
3.91
3.17
3.55
0.38
1.43
2.17
3.32
2.51
3.30
5.83
8.47
2.96
8.42
5.63
2.34
1.91
1.53
3.30
3.64
2.72
4.45
5.27
3.76
6.10
2.94
2.11
2.98
2.48
2.60
3.17
3.84
7.56
4.51
6.78
3.61
1.18
2.53
2.32
2.25
5.23
3.30
2.11
9.36
5.15
4.94
2.98
0.42
1.99
2.37
3.99
1.16
3.64
6.42
9.66
3.92
6.12
1.48
1.57
0.74
2.30
3.00
3.34
5.52
3.64
5.56
6.97
5.18
3.43
1.08
2.18
1.08
3.36
2.85
3.15
4.14
5.41
7.65
8.35
4.59
1.91
1.57
1.18
2.45
1.68
3.17
3.09
4.84
5.94
3.06
5.91
2.56
0.45
2.18
5.03
2.72
1.97
4.52
8.70
3.92
6.09
3.88
1.66
2.22
1.17
2.64
1.66
1.38
4.90
4.40
5.09
8.96
4.26
4.52
3.83
2.00
2.68
4.52
1.59
2.30
1.81
7.10
4.90
5.18
6.62
2.34
1.10
1.68
1.92
3.73
4.97
2.18
3.73
4.17
4.14
5.52
3.04
0.95
2.79
2.48
4.52
1.04
1.77
7.90
12.68
5.27
7.48
3.17
1.18
2.03
2.83
3.32
3.30
4.67
1.87
7.31
5.80
3.53
4.06
2.26
1.06
1.39
3.15
4.14
3.17
2.98
4.71
9.47
3.30
6.67
3.02
0.93
1.92
1.62
1.69
1.54
3.72
2.25
6.44
6.07
2.98
4.33
1.99
2.07
2.98
3.00
3.11
2.47
6.06
10.91
3.88
7.63
3.30
1.32
2.87
1.16
3.68
5.24
4.52
4.56
3.55
5.94
4.82
3.08
2.68
3.57
2.27
3.38
1.99
2.18
6.40
8.73
5.26
6.07
2.34
2.14
1.83
1.57
2.64
3.46
2.90
7.71
3.80
3.61
4.15
3.72
2.06
1.10
3.08
2.90
4.96
5.28
6.12
10.99
8.23
4.67
2.38
3.66
