GUESS    :WALKING
STARTTIME:1290331495518
ENDTIME  :1290331508417
LOCALSPD :0.0
LONGSPD  :0.0
LOCATION :Location[mProvider=network,mTime=1290331475136,mLatitude=55.74676259999999,mLongitude=12.379241033333335,mHasAltitude=false,mAltitude=0.0,mHasSpeed=false,mSpeed=0.0,mHasBearing=false,mBearing=0.0,mHasAccuracy=true,mAccuracy=58.0,mExtras=Bundle[mParcelledData.dataSize=148]]
ADDRESS :

4.66
2.45
4.78
3.61
4.10
6.20
2.96
2.52
5.01
2.52
2.55
2.62
0.75
2.87
3.17
3.21
5.49
5.79
8.09
4.71
6.91
3.64
2.76
3.84
2.10
6.27
2.71
2.81
4.45
3.45
2.11
5.84
3.39
2.30
1.84
2.18
3.83
1.66
2.68
5.26
6.10
5.99
4.44
7.56
4.60
2.62
3.02
2.10
5.08
4.24
2.93
5.69
3.95
2.48
6.84
3.53
1.76
3.35
2.60
4.10
2.25
3.23
7.10
3.80
10.88
8.39
4.84
3.17
1.77
5.16
2.37
5.56
3.75
3.60
7.06
5.16
4.10
6.32
2.98
2.75
2.14
2.23
3.94
3.30
4.82
6.91
8.05
6.03
6.67
3.26
3.85
4.86
5.56
5.63
4.44
4.28
6.16
4.22
3.13
4.24
3.20
1.55
1.91
2.49
5.58
2.93
5.23
8.39
3.45
6.01
6.51
3.72
3.09
3.09
4.97
4.32
4.77
3.19
3.68
3.26
6.85
2.29
3.51
3.55
2.02
2.33
0.89
3.98
2.45
3.95
6.55
4.78
7.76
6.35
7.64
3.46
2.93
3.45
2.33
5.90
2.67
5.09
5.26
2.21
3.64
4.17
3.26
1.72
2.64
1.62
3.76
1.39
3.41
5.82
5.24
7.93
6.22
6.37
2.83
2.57
3.57
2.10
5.52
2.68
3.53
6.05
1.89
2.38
4.70
2.75
2.68
2.29
3.72
4.40
3.32
4.41
6.62
3.96
4.97
7.85
3.61
2.83
2.76
2.26
4.02
2.36
4.03
3.15
6.54
2.63
3.92
1.16
3.64
2.96
1.88
2.26
1.08
1.47
2.27
1.23
1.29
9.49
7.90
3.30
2.72
5.45
4.93
2.10
3.45
2.94
2.90
5.19
4.54
4.41
3.95
2.33
3.57
3.95
1.73
2.22
2.23
3.00
3.13
3.95
4.63
8.16
5.39
2.11
7.27
4.79
2.29
3.34
2.07
4.75
4.56
4.07
6.02
3.81
1.16
7.64
3.99
2.30
3.11
1.92
3.98
2.22
3.42
5.61
4.03
7.72
4.48
6.13
2.98
2.30
4.78
0.97
