GUESS    :WALKING
STARTTIME:1290331534357
ENDTIME  :1290331547957
LOCALSPD :0.0
LONGSPD  :0.0
LOCATION :Location[mProvider=network,mTime=1290331538794,mLatitude=55.7467792,mLongitude=12.379217,mHasAltitude=false,mAltitude=0.0,mHasSpeed=false,mSpeed=0.0,mHasBearing=false,mBearing=0.0,mHasAccuracy=true,mAccuracy=75.0,mExtras=Bundle[mParcelledData.dataSize=148]]
ADDRESS :

2.03
3.20
3.55
0.63
2.29
1.46
1.58
2.75
1.83
0.50
3.02
1.44
1.08
1.50
0.86
0.90
0.35
1.50
0.99
1.06
2.25
1.61
1.27
2.87
1.02
2.90
2.53
3.55
3.21
0.50
1.50
0.46
2.30
2.90
1.23
1.23
1.46
1.62
0.87
0.82
0.84
1.08
0.63
0.63
0.99
1.77
1.29
2.15
2.72
2.83
2.87
3.47
3.23
1.63
4.02
3.57
3.02
2.25
1.61
3.23
4.28
5.50
2.75
5.24
3.73
2.57
3.15
2.38
0.79
1.10
0.50
1.81
0.37
0.50
0.84
3.27
1.57
6.17
7.86
3.91
7.48
3.06
2.11
1.12
3.04
0.86
1.47
1.58
3.02
3.95
5.13
7.38
3.88
2.07
4.17
1.69
1.04
1.29
1.21
2.45
2.26
3.76
3.98
5.42
10.68
5.09
5.92
3.79
0.90
2.42
0.63
2.66
3.36
4.06
5.33
6.78
0.91
3.36
4.60
3.02
2.25
0.65
2.25
1.47
2.02
3.21
2.07
6.51
8.01
5.15
4.32
1.28
1.69
1.14
1.42
1.36
2.57
3.13
5.94
5.92
7.25
2.72
2.79
1.77
0.60
1.53
1.57
2.04
1.02
0.89
0.30
1.31
1.29
1.27
1.32
0.50
0.89
0.20
0.42
0.46
0.15
0.26
0.12
0.33
0.19
0.29
0.20
0.08
0.31
0.29
0.15
0.37
0.23
0.12
0.23
0.18
0.52
1.18
0.80
0.34
0.80
0.74
0.69
0.68
0.57
1.85
0.61
1.13
1.42
0.57
0.82
0.75
0.50
0.72
0.65
1.21
1.23
1.13
0.97
1.80
2.66
1.95
2.37
0.84
0.78
0.87
1.42
0.30
1.06
0.95
1.76
3.20
2.03
5.33
1.50
5.90
3.49
3.98
2.66
1.80
1.62
0.75
2.03
3.02
4.06
1.38
6.70
10.91
6.25
4.66
2.33
0.54
1.23
1.06
0.69
1.69
1.61
4.69
3.72
6.40
4.82
7.52
6.35
4.36
3.87
1.89
1.88
4.59
3.90
1.72
7.16
7.18
5.09
6.89
3.83
2.41
