GUESS    :WALKING
STARTTIME:1290331586578
ENDTIME  :1290331599837
LOCALSPD :0.27759615
LONGSPD  :0.28041625
LOCATION :Location[mProvider=network,mTime=1290331595217,mLatitude=55.747766549999994,mLongitude=12.3775011,mHasAltitude=false,mAltitude=0.0,mHasSpeed=false,mSpeed=0.0,mHasBearing=false,mBearing=0.0,mHasAccuracy=true,mAccuracy=65.0,mExtras=Bundle[mParcelledData.dataSize=148]]
ADDRESS :

6.70
2.96
4.88
8.24
4.22
1.44
3.53
0.89
4.48
5.43
5.49
4.71
4.82
1.69
2.37
4.90
1.88
1.84
2.25
1.27
4.55
2.53
4.00
8.85
1.04
11.37
11.41
5.28
3.28
3.57
2.75
4.25
4.22
5.33
3.60
8.69
1.28
2.59
3.72
2.02
0.93
1.27
1.35
3.87
2.53
3.55
7.12
5.30
5.99
5.31
5.64
4.15
3.38
3.36
3.60
3.80
5.86
4.88
4.70
2.03
2.89
5.43
3.32
4.09
1.46
1.88
3.88
4.29
4.14
6.66
3.49
5.05
8.31
3.99
0.50
2.57
2.64
2.72
4.71
4.78
2.91
5.84
3.20
1.42
5.11
2.57
2.11
1.33
1.04
2.87
2.64
2.96
4.84
5.18
8.85
3.13
6.43
3.83
1.57
3.79
1.92
4.22
4.78
4.63
5.48
4.25
5.11
2.87
5.33
2.25
1.23
2.03
1.42
3.87
3.06
3.76
6.17
1.72
8.57
11.37
3.70
3.32
1.87
2.62
4.49
4.14
7.15
7.50
6.05
3.75
4.59
4.40
2.03
3.42
1.10
2.49
3.75
4.49
3.23
7.25
4.58
3.87
7.21
4.33
1.61
3.61
0.69
3.87
4.79
3.84
2.27
9.96
4.29
2.18
4.25
1.65
1.92
1.87
3.53
2.72
6.57
5.09
7.97
5.20
5.98
2.07
4.44
2.67
5.28
5.80
3.16
9.38
4.02
2.74
5.30
2.34
3.34
2.38
4.22
2.30
2.62
7.56
8.35
4.09
6.20
2.59
1.18
3.62
2.56
4.79
4.86
3.76
9.25
6.05
3.08
5.91
1.65
2.96
1.04
3.36
2.76
3.57
3.19
5.16
4.78
4.26
7.82
4.17
1.69
3.66
1.44
4.02
4.45
3.87
3.36
6.48
3.00
1.91
5.75
2.79
1.69
2.82
1.61
3.21
2.49
3.64
5.90
4.41
11.29
6.13
6.71
2.78
1.66
3.95
1.23
4.59
2.22
4.37
5.76
4.86
5.52
5.41
5.71
2.60
1.02
0.99
2.56
1.65
4.32
4.52
8.06
5.28
0.69
6.97
3.02
1.16
