GUESS    :MOVING_ME
STARTTIME:1288353250495
ENDTIME  :1288353264372
LOCALSPD :0.0
LONGSPD  :-1.0
LOCATION :Location[mProvider=network,mTime=1288353240388,mLatitude=55.78249398571428,mLongitude=12.514066999999999,mHasAltitude=false,mAltitude=0.0,mHasSpeed=false,mSpeed=0.0,mHasBearing=false,mBearing=0.0,mHasAccuracy=true,mAccuracy=53.0,mExtras=Bundle[mParcelledData.dataSize=148]]
ADDRESS :

0.04
0.16
0.16
0.04
0.08
0.08
0.16
0.16
0.14
0.03
0.11
0.04
0.16
0.19
0.12
0.07
0.12
0.26
0.23
0.27
0.19
0.11
0.12
0.12
0.14
0.15
0.31
0.69
0.57
0.18
0.82
1.29
2.47
2.94
1.54
1.08
1.04
1.18
7.16
8.16
0.99
4.63
4.59
1.04
1.21
1.39
0.50
1.40
1.14
1.81
1.12
0.61
0.31
0.26
0.82
0.50
0.91
2.79
1.33
1.77
1.59
1.61
0.61
3.00
2.41
0.87
1.91
1.09
1.58
1.18
4.14
2.93
7.30
3.36
1.76
1.80
1.04
1.16
0.75
0.78
1.76
0.65
3.19
2.40
0.82
0.84
2.60
1.62
2.75
2.85
3.50
0.53
3.66
5.20
2.98
3.91
4.77
2.48
1.91
1.99
0.93
1.31
1.27
0.61
0.76
1.08
1.02
2.11
1.53
3.04
1.02
1.27
1.50
2.14
0.46
0.76
1.14
0.79
0.80
0.80
2.30
3.16
3.04
2.03
2.02
3.84
2.81
2.86
1.81
1.38
2.23
1.18
1.54
0.33
1.50
3.23
3.77
0.61
2.00
0.97
6.09
3.17
2.04
1.31
3.13
1.08
1.09
4.03
1.27
2.62
1.96
2.00
1.33
0.86
0.61
1.43
1.59
0.93
1.70
0.89
1.32
2.63
1.40
0.75
0.50
1.42
1.48
0.60
1.46
1.81
0.56
1.31
0.87
0.91
0.65
0.56
0.69
0.23
0.19
0.54
0.91
0.95
0.84
0.80
0.39
1.18
0.46
1.06
0.95
0.71
1.08
1.14
0.84
1.08
1.14
0.80
1.02
0.61
1.08
0.72
0.99
1.10
2.17
1.29
1.53
1.53
1.50
0.65
1.12
1.38
0.65
0.76
0.74
1.13
0.50
0.42
0.80
2.30
2.29
0.57
2.14
1.80
1.12
1.87
0.65
0.99
1.25
0.87
1.38
1.51
3.30
1.23
2.26
1.99
2.18
0.86
0.48
1.55
1.18
1.72
2.45
3.21
2.26
5.99
2.67
3.36
1.68
2.19
4.82
3.23
3.15
2.00
4.30
3.57
4.55
5.37
