GUESS    :MOVING_SM
STARTTIME:1288353278561
ENDTIME  :1288353293498
LOCALSPD :0.0
LONGSPD  :-1.0
LOCATION :Location[mProvider=network,mTime=1288353240388,mLatitude=55.78249398571428,mLongitude=12.514066999999999,mHasAltitude=false,mAltitude=0.0,mHasSpeed=false,mSpeed=0.0,mHasBearing=false,mBearing=0.0,mHasAccuracy=true,mAccuracy=53.0,mExtras=Bundle[mParcelledData.dataSize=148]]
ADDRESS :

0.84
0.53
1.61
1.69
1.80
1.12
0.53
2.10
1.50
2.49
2.52
1.88
5.07
13.29
7.04
10.49
4.84
4.40
3.26
5.99
5.71
5.84
5.60
3.70
6.32
2.21
3.53
4.89
5.48
3.02
1.61
1.25
1.95
1.01
0.04
0.11
0.11
0.04
0.03
0.08
0.08
0.08
0.12
0.11
0.19
0.11
0.11
0.10
0.07
0.19
0.04
0.18
0.05
0.08
0.08
0.08
0.04
0.11
0.15
0.15
0.04
0.12
0.08
0.07
0.04
0.14
0.10
0.07
0.08
0.19
0.03
0.08
0.04
0.04
0.10
0.14
0.08
0.03
0.04
0.07
0.15
0.11
0.07
0.22
0.19
0.03
0.16
0.16
0.03
0.11
0.12
0.07
0.07
0.14
0.08
0.07
0.11
0.14
0.04
0.04
0.14
0.18
0.22
0.15
0.07
0.08
0.07
0.10
0.11
0.11
0.07
0.04
0.11
0.11
0.16
0.12
0.08
0.03
0.11
0.15
0.11
0.11
0.07
0.04
0.04
0.11
0.04
0.03
0.11
0.05
0.15
0.08
0.08
0.12
0.08
0.08
0.08
0.07
0.14
0.11
0.18
0.18
0.11
0.10
0.20
0.04
0.03
0.07
0.04
0.07
0.12
0.08
0.08
0.19
0.22
0.15
0.14
0.04
0.08
0.11
0.10
0.14
0.10
0.04
0.11
0.07
0.03
0.03
0.04
0.07
0.08
0.11
0.07
0.07
0.04
0.08
0.04
0.04
0.04
0.07
0.10
0.08
0.11
0.03
0.03
0.08
0.19
0.15
0.07
0.11
0.11
0.05
0.03
0.07
0.11
0.03
0.04
0.11
0.15
0.07
0.04
0.04
0.04
0.14
0.05
0.04
0.04
0.14
0.18
0.12
0.07
0.03
0.07
0.11
0.04
0.11
0.15
0.07
0.07
0.07
0.07
0.04
0.04
0.07
0.08
0.03
0.10
0.14
0.04
0.07
0.11
0.12
0.19
0.11
0.08
0.07
0.07
0.04
0.08
0.04
0.08
0.04
0.04
0.07
0.14
0.07
0.04
0.04
0.08
0.07
0.11
0.04
0.04
0.07
0.11
0.08
