GUESS    :MOVING_SM
STARTTIME:1288970596489
ENDTIME  :1288970609468
LOCALSPD :0.0
LONGSPD  :5.70046
LOCATION :Location[mProvider=network,mTime=1288970577376,mLatitude=55.7510255,mLongitude=12.4037662,mHasAltitude=false,mAltitude=0.0,mHasSpeed=false,mSpeed=0.0,mHasBearing=false,mBearing=0.0,mHasAccuracy=true,mAccuracy=413.0,mExtras=Bundle[mParcelledData.dataSize=148]]
ADDRESS :

0.08
0.15
0.12
0.16
0.12
0.04
0.07
0.15
0.12
0.20
0.04
0.08
0.16
0.08
0.16
0.04
0.12
0.20
0.16
0.12
0.04
0.12
0.12
0.04
0.12
0.11
0.11
0.08
0.15
0.03
0.11
0.08
0.23
0.08
0.08
0.16
0.11
0.15
0.41
0.29
0.35
0.12
0.04
0.12
0.04
0.08
0.16
0.12
0.08
0.08
1.02
0.41
0.23
0.75
0.23
0.30
0.38
0.35
0.61
0.64
0.57
0.75
0.26
0.03
0.25
0.33
0.20
0.18
0.20
0.23
0.35
0.12
0.12
0.27
0.19
0.20
0.16
0.11
0.23
0.30
0.27
0.42
0.48
0.64
0.79
0.31
0.23
0.12
0.11
0.84
1.72
0.86
0.98
0.27
1.24
0.80
0.45
0.37
1.46
0.46
1.08
0.31
0.49
0.30
0.12
0.15
0.22
0.16
0.04
0.26
0.23
0.19
0.15
0.39
0.39
0.30
0.46
0.23
0.16
0.50
0.15
0.19
0.16
0.22
0.57
0.41
0.59
0.19
0.38
0.65
0.54
0.42
0.54
0.25
0.23
0.23
0.23
0.46
0.14
0.35
0.35
0.42
0.23
0.38
0.22
0.12
0.30
0.18
0.16
0.11
0.11
0.42
0.12
0.41
0.11
0.30
0.15
0.37
0.35
0.23
0.08
0.26
0.27
0.45
0.45
0.23
0.34
0.42
0.44
0.23
0.08
0.23
0.46
0.48
1.25
1.08
1.33
0.42
1.54
0.65
0.97
0.98
0.42
0.95
1.14
0.89
1.23
0.26
0.93
0.04
0.60
0.84
0.56
0.39
0.46
0.38
0.16
0.46
0.30
0.26
0.30
0.18
0.12
0.49
1.47
0.42
0.26
0.82
0.59
0.91
0.34
0.03
1.02
0.19
0.38
0.27
0.72
0.22
0.42
0.87
0.39
0.20
0.23
0.05
0.12
0.79
0.35
0.46
0.61
0.69
0.27
0.61
0.57
0.50
0.50
0.49
0.57
0.18
0.34
0.86
0.75
0.23
0.50
0.65
0.65
0.90
1.06
0.53
0.57
0.69
0.69
0.61
0.89
0.57
0.19
0.61
