GUESS    :MOVING_SM
STARTTIME:1288970740169
ENDTIME  :1288970753228
LOCALSPD :6.218236
LONGSPD  :3.8447757
LOCATION :Location[mProvider=network,mTime=1288970714627,mLatitude=55.7478639,mLongitude=12.3833599,mHasAltitude=false,mAltitude=0.0,mHasSpeed=false,mSpeed=0.0,mHasBearing=false,mBearing=0.0,mHasAccuracy=true,mAccuracy=64.0,mExtras=Bundle[mParcelledData.dataSize=148]]
ADDRESS :

1.08
1.12
0.64
0.19
0.38
0.34
0.14
0.19
0.46
1.61
2.53
3.58
1.02
1.73
1.33
1.88
1.13
1.99
1.04
0.91
0.65
1.01
0.61
0.54
0.79
0.76
0.50
0.41
0.42
0.35
0.26
0.37
0.26
0.08
0.31
0.15
0.23
0.42
0.42
0.53
0.15
0.08
0.57
0.42
0.15
0.50
0.39
0.07
0.11
0.15
0.30
0.19
0.31
0.25
0.16
0.22
0.34
0.78
0.49
0.46
0.19
0.42
0.15
0.19
0.34
0.53
0.54
0.69
0.95
1.21
0.63
1.38
1.23
0.71
0.94
0.46
1.23
0.86
0.26
0.42
0.23
0.50
0.15
0.46
0.53
0.61
0.63
0.35
0.59
0.57
0.72
0.93
0.53
0.11
0.76
0.19
0.80
1.53
1.39
0.65
0.26
0.59
0.60
0.41
0.59
0.38
0.69
0.59
0.19
0.57
0.45
0.34
0.30
0.37
0.08
0.37
0.84
0.45
0.42
0.49
0.27
0.22
0.30
0.38
0.23
0.46
0.05
0.23
0.31
0.27
0.12
0.67
0.38
0.23
0.71
0.79
0.15
0.11
0.48
0.39
0.44
0.38
0.16
0.07
0.30
0.15
0.23
0.20
0.50
0.67
0.42
0.49
0.64
0.45
0.42
0.23
0.38
0.45
0.33
0.20
0.54
0.35
0.20
0.35
0.39
0.11
0.22
0.15
0.23
0.18
0.15
0.22
0.19
0.11
0.20
0.74
0.27
0.29
0.19
0.15
0.18
0.04
0.16
0.27
0.38
0.31
0.35
0.08
0.68
1.31
0.90
0.80
0.46
0.45
0.95
0.39
0.42
0.19
0.38
0.31
0.07
0.34
1.13
1.14
0.23
0.35
0.72
0.64
2.64
0.94
2.38
2.49
0.64
2.52
1.40
2.12
1.84
0.86
1.04
1.29
1.80
1.69
0.74
1.20
1.80
2.10
1.01
1.08
1.55
0.35
1.99
0.98
1.08
1.33
0.42
1.08
1.23
0.35
0.38
1.36
0.97
1.09
0.76
1.36
0.76
1.76
0.53
0.80
0.65
0.68
1.91
1.14
2.68
2.11
0.80
0.78
