GUESS    :WALKING
STARTTIME:1288969406830
ENDTIME  :1288969419738
LOCALSPD :0.0
LONGSPD  :-1.0
LOCATION :Location[mProvider=network,mTime=1288969376504,mLatitude=55.78248648,mLongitude=12.51398433,mHasAltitude=false,mAltitude=0.0,mHasSpeed=false,mSpeed=0.0,mHasBearing=false,mBearing=0.0,mHasAccuracy=true,mAccuracy=53.0,mExtras=Bundle[mParcelledData.dataSize=148]]
ADDRESS :

4.71
0.74
0.27
0.10
0.25
0.22
0.21
0.39
0.17
0.21
0.21
0.27
0.38
0.22
0.21
0.60
0.23
0.48
0.04
0.30
0.32
0.39
0.02
0.35
0.84
1.26
0.43
0.21
0.18
0.32
0.37
0.47
0.17
0.10
0.33
0.24
0.12
0.28
0.08
0.07
0.44
0.13
0.14
0.05
0.10
0.18
0.24
0.13
0.21
0.23
0.40
0.07
0.21
0.12
0.34
0.10
0.11
0.33
0.10
0.19
0.05
0.29
0.28
0.29
0.34
0.44
0.19
0.05
0.24
0.30
0.02
0.21
0.13
0.30
0.63
0.41
0.09
0.50
0.36
0.37
0.22
0.20
0.38
0.04
0.42
0.07
0.19
0.03
0.18
0.15
0.24
0.25
0.22
0.15
0.30
0.07
0.17
0.19
0.03
0.50
0.21
0.28
0.51
0.39
0.27
0.14
0.14
0.31
0.24
0.40
0.06
0.21
0.28
0.13
0.51
0.25
0.27
0.35
0.08
0.41
0.05
0.11
0.11
0.09
0.10
0.23
0.20
0.14
