GUESS    :MOVING_SM
STARTTIME:1288969497618
ENDTIME  :1288969510888
LOCALSPD :0.20564763
LONGSPD  :-1.0
LOCATION :Location[mProvider=network,mTime=1288969503753,mLatitude=55.781540725,mLongitude=12.512634875,mHasAltitude=false,mAltitude=0.0,mHasSpeed=false,mSpeed=0.0,mHasBearing=false,mBearing=0.0,mHasAccuracy=true,mAccuracy=56.0,mExtras=Bundle[mParcelledData.dataSize=148]]
ADDRESS :

0.64
1.27
0.99
1.55
0.87
1.54
1.24
0.64
1.35
0.91
0.93
1.50
0.67
0.60
0.87
0.69
0.68
0.86
1.17
0.84
0.25
1.51
1.50
0.72
0.71
1.12
0.16
0.44
0.46
0.34
0.95
0.57
0.35
0.44
0.26
0.93
0.69
0.63
0.98
0.50
0.37
0.53
1.08
0.48
1.57
0.27
0.95
0.95
0.41
0.89
0.69
0.50
0.67
0.76
1.01
0.75
0.80
0.95
0.57
0.65
0.53
0.27
0.49
1.12
0.50
0.68
1.39
2.07
1.04
1.58
0.97
0.83
1.63
1.33
2.10
1.65
0.53
1.59
0.68
0.31
1.16
1.01
0.71
0.14
1.12
1.12
0.69
1.16
0.57
0.53
0.64
0.78
0.63
0.69
0.20
1.54
0.64
1.10
1.29
1.33
1.57
1.06
1.59
1.20
0.59
1.54
0.38
0.46
0.74
0.83
0.42
0.93
0.63
0.46
1.27
0.79
1.27
0.80
0.61
0.98
0.74
1.33
1.61
1.20
1.42
1.12
0.89
0.74
0.95
0.98
2.14
1.39
1.16
1.27
0.63
0.44
0.49
0.69
0.23
0.42
0.48
0.82
0.15
0.34
1.08
0.69
0.86
0.74
1.04
0.30
0.84
0.34
1.35
0.45
1.68
0.68
1.21
1.24
1.01
0.80
0.27
0.46
0.61
0.80
1.88
1.20
0.42
0.83
2.29
0.68
1.63
0.59
1.27
0.99
0.68
0.72
0.72
0.65
0.57
0.44
0.34
0.19
0.57
0.56
0.57
0.57
1.23
1.01
0.74
0.65
0.52
0.16
0.87
0.69
0.49
0.12
0.42
0.69
0.63
0.97
0.86
0.93
0.95
0.46
1.33
0.42
0.16
0.64
0.99
0.15
0.31
0.89
0.68
0.67
0.82
0.46
1.18
1.50
0.72
0.76
0.56
0.53
0.94
0.84
0.74
0.99
1.47
0.42
0.65
0.42
0.27
0.50
0.63
0.41
0.18
0.89
0.48
0.72
0.37
0.65
0.67
0.15
0.41
0.41
0.33
0.57
0.65
0.93
3.21
2.18
2.78
1.39
1.81
2.87
1.55
0.95
