GUESS    :MOVING_SM
STARTTIME:1288970021749
ENDTIME  :1288970034788
LOCALSPD :8.825205
LONGSPD  :5.434221
LOCATION :Location[mProvider=network,mTime=1288969979822,mLatitude=55.7647228,mLongitude=12.47691425,mHasAltitude=false,mAltitude=0.0,mHasSpeed=false,mSpeed=0.0,mHasBearing=false,mBearing=0.0,mHasAccuracy=true,mAccuracy=66.0,mExtras=Bundle[mParcelledData.dataSize=148]]
ADDRESS :

0.42
0.27
0.22
0.11
0.19
0.23
0.23
0.12
0.30
0.23
0.07
0.42
0.12
0.15
0.30
0.31
0.38
0.33
0.65
0.31
0.11
0.30
0.19
0.08
0.31
0.38
0.46
0.16
0.30
0.44
0.30
0.31
0.72
0.16
0.27
0.97
0.39
0.29
0.72
0.29
0.38
0.27
0.45
0.15
0.12
0.12
0.12
0.46
0.15
0.35
0.38
0.25
0.57
0.76
0.59
0.53
0.23
0.34
0.22
0.19
0.34
0.16
0.42
0.31
0.34
0.48
0.19
0.30
0.11
0.27
0.16
0.18
0.34
0.23
0.42
0.23
0.22
0.23
0.29
0.14
0.18
0.26
0.12
0.29
0.11
0.39
0.35
0.34
0.33
0.15
0.11
0.22
0.16
0.19
0.38
0.18
0.59
0.30
0.26
0.26
0.16
0.35
0.25
0.07
0.33
0.22
0.39
0.38
0.14
0.39
0.27
0.53
0.31
0.69
0.27
0.38
0.25
0.23
0.22
0.07
0.07
0.16
0.11
0.23
0.46
0.29
0.12
0.33
0.14
0.33
0.50
0.27
0.34
0.11
0.30
0.30
0.37
0.08
0.29
0.08
0.34
0.30
0.39
0.56
0.19
0.34
0.31
0.54
0.46
0.23
0.12
0.35
0.08
0.39
0.39
0.22
0.46
0.15
0.23
0.38
0.30
0.25
0.49
0.31
0.59
0.57
0.15
0.30
0.14
0.15
0.20
0.15
0.08
0.39
0.50
0.38
0.15
0.19
0.30
0.49
0.25
0.15
0.27
0.23
0.42
0.16
0.35
0.30
0.30
0.33
0.04
0.29
0.50
0.54
0.60
0.39
0.23
0.44
0.15
0.34
0.38
0.25
0.50
0.23
0.44
0.20
0.12
0.27
0.20
0.27
0.22
0.33
0.64
0.23
0.49
0.26
0.20
0.65
0.53
0.30
0.64
0.42
0.33
0.35
0.16
0.25
0.57
0.19
0.27
0.35
0.27
0.29
0.41
0.56
0.27
0.35
0.38
0.53
0.23
0.12
0.31
0.39
0.11
0.38
0.37
0.39
0.69
0.08
0.31
0.26
0.65
0.20
0.23
0.53
0.69
0.23
