GUESS    :MOVING_SM
STARTTIME:1288970297819
ENDTIME  :1288970310702
LOCALSPD :9.944655
LONGSPD  :10.50012
LOCATION :Location[mProvider=network,mTime=1288970280883,mLatitude=55.7580611,mLongitude=12.424742766666666,mHasAltitude=false,mAltitude=0.0,mHasSpeed=false,mSpeed=0.0,mHasBearing=false,mBearing=0.0,mHasAccuracy=true,mAccuracy=64.0,mExtras=Bundle[mParcelledData.dataSize=148]]
ADDRESS :

0.87
0.72
0.64
0.53
0.94
0.31
0.76
0.84
0.34
1.21
0.46
1.04
0.50
0.97
0.42
0.57
0.31
0.57
0.30
0.33
0.27
0.54
0.12
0.38
0.39
0.26
0.26
0.25
0.27
0.46
0.42
0.53
0.18
0.33
0.38
0.42
0.15
0.44
0.54
0.89
0.48
0.41
0.57
0.19
0.19
0.27
0.56
0.45
0.27
0.54
0.67
0.12
0.34
0.46
0.20
0.33
0.38
0.63
0.38
0.23
0.30
0.27
0.27
0.26
0.44
0.45
0.35
0.53
0.11
0.37
0.37
0.64
0.67
0.79
0.45
0.30
0.59
0.42
0.63
0.54
0.65
0.64
0.76
0.29
0.42
0.61
0.31
0.04
0.42
0.34
0.27
0.31
0.27
0.38
0.42
0.26
0.34
0.54
0.31
0.50
0.29
0.34
0.34
0.23
0.25
0.15
0.57
0.42
0.35
0.22
0.18
0.34
0.63
0.20
0.38
0.19
0.31
0.46
0.31
0.19
0.27
0.19
0.16
0.20
0.38
0.38
0.23
0.15
0.19
0.15
0.11
0.30
0.26
0.26
0.26
0.35
0.27
0.31
0.31
0.59
0.35
0.04
0.41
0.35
0.46
0.20
0.11
0.33
0.59
0.34
0.19
0.16
0.31
0.46
0.38
0.53
0.87
0.26
0.75
0.35
0.57
0.23
0.19
0.34
0.27
0.29
0.35
0.46
0.20
0.52
0.26
0.19
0.22
0.31
0.44
0.25
0.42
0.29
0.46
0.38
0.23
0.27
0.35
0.11
0.23
0.19
0.20
0.50
0.35
0.29
0.27
0.19
0.37
0.84
0.78
0.38
0.19
0.49
0.49
0.42
0.46
0.23
0.29
0.27
0.25
0.48
0.33
0.19
0.18
0.12
0.49
0.68
0.41
0.39
0.50
0.56
0.64
0.80
0.49
0.61
0.59
0.46
0.53
0.45
0.64
0.42
0.44
0.90
0.42
0.33
1.02
0.34
0.69
0.27
0.38
0.90
0.46
0.41
0.31
0.45
0.38
0.72
0.34
0.57
0.76
0.61
1.04
0.44
0.93
0.46
0.53
1.14
0.57
1.10
1.40
0.79
