GUESS    :MOVING_SM
STARTTIME:1288678713308
ENDTIME  :1288678727932
LOCALSPD :0.0
LONGSPD  :-1.0
LOCATION :Location[mProvider=network,mTime=1288678700027,mLatitude=55.74958615,mLongitude=12.3767289,mHasAltitude=false,mAltitude=0.0,mHasSpeed=false,mSpeed=0.0,mHasBearing=false,mBearing=0.0,mHasAccuracy=true,mAccuracy=50.0,mExtras=Bundle[mParcelledData.dataSize=148]]
ADDRESS :

0.08
0.08
0.12
0.04
0.08
0.08
0.16
0.16
0.04
0.04
0.16
0.04
0.08
0.08
0.08
0.04
0.12
0.04
0.08
0.12
0.04
0.12
0.08
0.12
0.16
0.16
0.12
0.08
0.12
0.08
0.08
0.12
0.04
0.08
0.12
0.08
0.08
0.04
0.08
0.04
0.12
0.12
0.04
0.08
0.08
0.12
0.04
0.08
0.08
0.08
0.08
0.16
0.04
0.04
0.08
0.08
0.12
0.04
0.04
0.08
0.16
0.04
0.16
0.08
0.04
0.12
0.08
0.12
0.12
0.08
0.08
0.04
0.08
0.04
0.04
0.04
0.04
0.04
0.08
0.04
0.12
0.12
0.12
0.08
0.04
0.12
0.04
0.12
0.16
0.12
0.04
0.08
0.08
0.08
0.16
0.16
0.20
0.16
0.12
0.08
0.04
0.04
0.04
0.04
0.08
0.04
0.08
0.08
0.08
0.04
0.08
0.08
0.04
0.04
0.16
0.12
0.08
0.12
0.08
0.16
0.20
0.19
0.45
1.10
0.76
0.64
0.95
2.56
1.35
2.18
0.76
1.10
3.30
0.63
1.48
3.60
4.62
5.98
2.63
3.53
6.81
3.34
7.33
9.85
2.37
0.42
3.34
3.65
4.79
1.91
4.67
2.22
1.40
0.12
0.11
0.11
0.11
0.07
0.08
0.12
0.16
0.16
0.07
0.07
0.07
0.07
0.04
0.07
0.03
0.07
0.12
0.15
0.14
0.08
0.11
0.11
0.05
0.03
0.10
0.07
0.04
0.04
0.16
0.08
0.03
0.11
0.04
0.12
0.07
0.07
0.03
0.07
0.07
0.15
0.04
0.11
0.05
0.03
0.05
0.05
0.05
0.10
0.07
0.07
0.11
0.11
0.14
0.07
0.08
0.08
0.03
0.10
0.03
0.05
0.07
0.11
0.11
0.04
0.04
0.11
0.04
0.15
0.11
0.05
0.03
0.07
0.07
0.07
0.07
0.08
0.08
0.03
0.07
0.04
0.04
0.11
0.10
0.10
0.07
0.04
0.04
0.08
0.12
0.12
0.04
0.07
0.07
0.07
0.03
0.07
0.03
0.07
0.10
0.11
0.08
0.04
