GUESS    :MOVING_SM
STARTTIME:1289905761299
ENDTIME  :1289905774208
LOCALSPD :0.0
LONGSPD  :3.9902294
LOCATION :Location[mProvider=network,mTime=1289905736543,mLatitude=55.730272400000004,mLongitude=12.35834515,mHasAltitude=false,mAltitude=0.0,mHasSpeed=false,mSpeed=0.0,mHasBearing=false,mBearing=0.0,mHasAccuracy=true,mAccuracy=60.0,mExtras=Bundle[mParcelledData.dataSize=148]]
ADDRESS :

1.20
0.99
0.39
0.10
0.12
0.31
0.44
0.45
0.35
0.23
0.18
0.11
0.04
0.39
0.14
0.38
0.24
0.18
0.18
0.09
0.12
0.15
0.19
0.09
0.07
0.06
0.19
0.14
0.26
0.15
0.09
0.06
0.06
0.10
0.16
0.21
0.17
0.08
0.17
0.07
0.03
0.05
0.05
0.14
0.13
0.07
0.03
0.06
0.05
0.05
0.11
0.11
0.04
0.03
0.06
0.02
0.17
0.10
0.06
0.06
0.03
0.01
0.02
0.12
0.05
0.09
0.07
0.05
0.02
0.14
0.09
0.09
0.07
0.03
0.08
0.06
0.04
0.06
0.12
0.16
0.06
0.11
0.12
0.10
0.01
0.06
0.06
0.07
0.09
0.02
0.04
0.04
0.08
0.10
0.09
0.02
0.06
0.06
0.01
0.05
0.06
0.12
0.05
0.06
0.07
0.06
0.02
0.04
0.05
0.04
0.03
0.03
0.06
0.06
0.04
0.07
0.04
0.03
0.08
0.12
0.10
0.03
0.06
0.08
0.08
0.03
0.08
0.06
