GUESS    :MOVING_SM
STARTTIME:1289906276432
ENDTIME  :1289906289578
LOCALSPD :8.146048
LONGSPD  :8.262909
LOCATION :Location[mProvider=network,mTime=1289906234158,mLatitude=55.717095,mLongitude=12.438855,mHasAltitude=false,mAltitude=0.0,mHasSpeed=false,mSpeed=0.0,mHasBearing=false,mBearing=0.0,mHasAccuracy=true,mAccuracy=1076.0,mExtras=Bundle[mParcelledData.dataSize=148]]
ADDRESS :

0.05
0.11
0.04
0.15
0.08
0.10
0.26
0.08
0.26
0.16
0.04
0.15
0.07
0.11
0.08
0.08
0.20
0.20
0.12
0.15
0.19
0.08
0.12
0.15
0.15
0.60
0.34
0.22
0.41
0.19
0.12
0.12
0.11
0.12
0.11
0.16
0.23
0.18
0.16
0.12
0.27
0.27
0.16
0.31
0.23
0.11
0.38
0.20
0.23
0.16
0.08
0.27
0.29
0.39
0.42
0.23
0.29
0.08
0.19
0.27
0.15
0.42
0.12
0.27
0.19
0.29
0.12
0.08
0.27
0.60
0.19
0.27
0.15
0.12
0.23
0.12
0.39
0.25
0.11
0.26
0.12
0.27
0.16
0.15
0.37
0.23
0.23
0.12
0.12
0.08
0.11
0.14
0.08
0.11
0.08
0.12
0.30
0.27
0.20
0.10
0.11
0.07
0.23
0.16
0.16
0.07
0.15
0.23
0.04
0.31
0.11
0.12
0.11
0.11
0.16
0.08
0.12
0.07
0.12
0.08
0.12
0.12
0.12
0.12
0.12
0.16
0.12
0.30
0.10
0.12
0.19
0.12
0.07
0.18
0.12
0.19
0.22
0.08
0.30
0.16
0.19
0.15
0.12
0.11
0.12
0.26
0.22
0.34
0.18
0.12
0.25
0.50
0.20
0.14
0.16
0.08
0.30
0.26
0.15
0.39
0.26
0.16
0.11
0.19
0.15
0.15
0.31
0.26
0.49
0.29
0.20
0.07
0.20
0.31
0.42
0.42
0.39
0.42
0.12
0.38
0.42
0.56
0.45
0.31
0.44
0.15
0.34
0.54
0.64
0.44
0.57
0.23
0.08
0.19
0.48
0.57
0.57
0.38
0.25
0.23
0.20
0.46
0.61
0.46
0.23
0.15
0.34
0.22
0.16
0.38
0.34
0.42
0.45
0.15
0.19
0.04
0.19
0.31
0.61
0.42
0.11
0.08
0.11
0.35
0.46
0.46
0.34
0.04
0.08
0.19
0.30
0.35
0.23
0.08
0.08
0.07
0.08
0.16
0.04
0.38
0.18
0.12
0.23
0.12
0.12
0.08
0.53
0.16
0.22
0.08
0.18
0.15
0.20
0.07
0.05
0.19
