GUESS    :MOVING_SM
STARTTIME:1289906289579
ENDTIME  :1289906302498
LOCALSPD :8.146048
LONGSPD  :8.262909
LOCATION :Location[mProvider=network,mTime=1289906234158,mLatitude=55.717095,mLongitude=12.438855,mHasAltitude=false,mAltitude=0.0,mHasSpeed=false,mSpeed=0.0,mHasBearing=false,mBearing=0.0,mHasAccuracy=true,mAccuracy=1076.0,mExtras=Bundle[mParcelledData.dataSize=148]]
ADDRESS :

0.22
0.02
0.05
0.04
0.02
0.01
0.03
0.03
0.01
0.01
0.02
0.01
0.01
0.01
0.02
0.01
0.01
0.00
0.02
0.01
0.01
0.01
0.00
0.01
0.00
0.01
0.02
0.01
0.02
0.03
0.01
0.01
0.02
0.03
0.01
0.01
0.01
0.00
0.01
0.01
0.01
0.01
0.00
0.01
0.01
0.02
0.02
0.01
0.01
0.01
0.01
0.02
0.00
0.02
0.02
0.02
0.03
0.00
0.01
0.03
0.01
0.01
0.03
0.00
0.01
0.02
0.00
0.01
0.01
0.02
0.03
0.00
0.01
0.01
0.03
0.02
0.03
0.01
0.01
0.01
0.00
0.02
0.00
0.01
0.01
0.01
0.02
0.02
0.00
0.01
0.00
0.01
0.01
0.01
0.00
0.01
0.01
0.00
0.02
0.01
0.02
0.02
0.01
0.01
0.01
0.01
0.01
0.02
0.01
0.02
0.01
0.01
0.01
0.01
0.01
0.02
0.01
0.01
0.00
0.01
0.01
0.02
0.02
0.01
0.01
0.01
0.01
0.01
