GUESS    :MOVING_SM
STARTTIME:1289906315369
ENDTIME  :1289906328492
LOCALSPD :0.0
LONGSPD  :7.0382533
LOCATION :Location[mProvider=network,mTime=1289906321377,mLatitude=55.717095,mLongitude=12.438855,mHasAltitude=false,mAltitude=0.0,mHasSpeed=false,mSpeed=0.0,mHasBearing=false,mBearing=0.0,mHasAccuracy=true,mAccuracy=1076.0,mExtras=Bundle[mParcelledData.dataSize=148]]
ADDRESS :

0.20
0.03
0.04
0.01
0.00
0.02
0.01
0.01
0.02
0.02
0.00
0.01
0.00
0.01
0.01
0.01
0.00
0.01
0.01
0.02
0.02
0.01
0.00
0.01
0.01
0.01
0.01
0.02
0.01
0.01
0.01
0.03
0.01
0.03
0.02
0.00
0.01
0.01
0.01
0.01
0.01
0.02
0.00
0.02
0.01
0.01
0.01
0.01
0.01
0.01
0.01
0.01
0.01
0.01
0.01
0.01
0.02
0.02
0.01
0.01
0.01
0.00
0.01
0.02
0.01
0.01
0.01
0.02
0.02
0.02
0.01
0.01
0.01
0.00
0.01
0.01
0.01
0.01
0.00
0.02
0.01
0.01
0.01
0.01
0.01
0.01
0.00
0.00
0.01
0.01
0.01
0.01
0.01
0.01
0.01
0.01
0.01
0.00
0.01
0.02
0.00
0.01
0.02
0.01
0.01
0.01
0.01
0.02
0.02
0.02
0.02
0.01
0.02
0.01
0.01
0.01
0.01
0.01
0.01
0.01
0.01
0.02
0.01
0.01
0.01
0.00
0.01
0.01
