GUESS    :WALKING
STARTTIME:1289904413169
ENDTIME  :1289904426068
LOCALSPD :0.0
LONGSPD  :0.0
LOCATION :Location[mProvider=network,mTime=1289904396364,mLatitude=55.749562383333334,mLongitude=12.376833066666668,mHasAltitude=false,mAltitude=0.0,mHasSpeed=false,mSpeed=0.0,mHasBearing=false,mBearing=0.0,mHasAccuracy=true,mAccuracy=50.0,mExtras=Bundle[mParcelledData.dataSize=148]]
ADDRESS :

5.84
0.65
0.49
0.27
0.42
0.27
0.14
0.29
0.33
0.33
0.16
0.14
0.35
0.68
0.70
0.25
0.14
0.20
0.18
0.19
0.16
0.19
0.08
0.36
0.39
0.54
0.48
2.08
0.69
0.51
0.18
0.25
0.21
0.05
0.31
0.24
0.26
0.13
0.07
0.43
0.21
0.18
0.35
0.24
0.04
0.23
0.21
0.09
0.02
0.36
0.26
0.04
0.29
0.33
0.37
0.07
0.23
0.08
0.05
0.17
0.19
0.02
0.27
0.17
0.04
0.12
0.10
0.47
0.27
0.33
0.22
0.08
0.19
0.16
0.08
0.35
0.32
0.18
0.29
0.49
0.39
1.33
0.78
0.28
0.26
0.23
0.13
0.11
0.11
0.21
0.46
0.28
0.34
0.22
0.49
0.10
0.23
0.11
0.26
0.01
0.20
0.17
0.26
0.20
0.10
0.19
0.60
0.59
1.08
0.68
0.25
0.17
0.30
0.11
0.22
0.06
0.03
0.25
0.18
0.36
0.48
0.34
0.17
0.27
0.02
0.20
0.25
0.20
