GUESS    :MOVING_SM
STARTTIME:1289906593429
ENDTIME  :1289906606698
LOCALSPD :47.370956
LONGSPD  :10.328253
LOCATION :Location[mProvider=network,mTime=1289906591719,mLatitude=55.690796,mLongitude=12.478683,mHasAltitude=false,mAltitude=0.0,mHasSpeed=false,mSpeed=0.0,mHasBearing=false,mBearing=0.0,mHasAccuracy=true,mAccuracy=559.0,mExtras=Bundle[mParcelledData.dataSize=148]]
ADDRESS :

0.17
0.05
0.03
0.03
0.03
0.01
0.01
0.03
0.01
0.01
0.02
0.01
0.01
0.02
0.02
0.01
0.01
0.01
0.01
0.02
0.01
0.02
0.01
0.01
0.01
0.01
0.01
0.00
0.01
0.01
0.01
0.00
0.01
0.01
0.01
0.01
0.01
0.01
0.00
0.01
0.01
0.01
0.01
0.01
0.01
0.00
0.00
0.01
0.01
0.00
0.02
0.01
0.01
0.00
0.00
0.00
0.01
0.00
0.00
0.01
0.00
0.00
0.00
0.01
0.01
0.01
0.01
0.01
0.01
0.01
0.01
0.01
0.01
0.01
0.01
0.01
0.01
0.01
0.00
0.01
0.01
0.01
0.01
0.01
0.01
0.01
0.01
0.01
0.01
0.01
0.00
0.01
0.01
0.01
0.00
0.01
0.00
0.01
0.01
0.01
0.02
0.02
0.02
0.02
0.01
0.01
0.02
0.02
0.01
0.01
0.00
0.00
0.01
0.01
0.02
0.01
0.02
0.00
0.01
0.01
0.01
0.01
0.01
0.00
0.01
0.01
0.01
0.01
