GUESS    :MOVING_SM
STARTTIME:1289906619589
ENDTIME  :1289906632458
LOCALSPD :47.370956
LONGSPD  :10.112358
LOCATION :Location[mProvider=network,mTime=1289906591719,mLatitude=55.690796,mLongitude=12.478683,mHasAltitude=false,mAltitude=0.0,mHasSpeed=false,mSpeed=0.0,mHasBearing=false,mBearing=0.0,mHasAccuracy=true,mAccuracy=559.0,mExtras=Bundle[mParcelledData.dataSize=148]]
ADDRESS :

0.27
0.19
0.15
0.14
0.20
0.19
0.11
0.25
0.19
0.07
0.11
0.14
0.07
0.04
0.15
0.19
0.10
0.18
0.18
0.22
0.33
0.12
0.37
0.19
0.23
0.11
0.35
0.37
0.12
0.23
0.35
0.11
0.15
0.30
0.15
0.15
0.16
0.08
0.15
0.23
0.16
0.18
0.49
0.34
0.15
0.35
0.18
0.45
0.99
0.59
0.23
0.35
0.34
0.38
0.45
0.60
1.14
1.04
1.46
0.72
1.01
1.04
1.23
0.50
0.68
0.57
0.72
0.59
0.45
0.42
0.78
0.84
0.95
0.69
2.14
1.50
2.23
1.38
2.38
1.57
1.78
1.29
2.29
1.08
2.11
2.19
0.97
0.80
2.49
0.54
1.72
1.33
1.80
4.86
2.34
1.39
2.48
1.31
3.20
3.47
5.12
2.33
4.79
3.06
1.85
4.41
1.96
2.11
2.23
2.56
4.10
5.07
3.57
1.70
1.77
1.88
3.62
4.90
1.04
2.11
1.81
0.69
0.53
0.80
0.34
0.50
1.08
2.45
0.98
0.93
1.04
1.38
1.76
1.20
1.58
0.99
0.76
1.50
1.36
0.65
1.44
1.10
0.50
0.84
1.43
0.64
1.43
2.06
1.57
0.86
0.84
2.34
1.69
0.91
1.18
1.08
0.08
1.20
1.04
1.46
1.06
1.53
3.72
1.50
1.72
0.89
0.80
0.31
1.04
1.01
0.74
0.91
0.48
1.54
0.79
0.68
0.71
0.74
1.20
1.18
0.74
1.24
1.46
0.75
1.17
1.51
0.93
0.71
1.42
1.40
1.18
1.10
0.76
0.68
0.76
2.18
1.38
3.49
2.00
1.35
1.38
1.20
1.46
2.03
1.04
3.09
3.36
1.29
2.89
2.45
1.36
1.77
0.93
0.65
1.18
1.48
1.61
1.04
0.45
2.29
2.94
1.33
2.10
2.87
1.61
1.35
0.95
0.65
1.77
2.56
4.54
0.57
2.48
2.41
1.46
1.84
1.14
1.88
1.88
2.74
1.16
1.09
1.54
3.34
0.34
3.46
3.55
2.26
0.75
2.38
2.75
2.22
0.93
1.61
4.25
2.22
