GUESS    :IDLE
STARTTIME:1289907436761
ENDTIME  :1289907451088
LOCALSPD :0.0
LONGSPD  :2.2221797
LOCATION :Location[mProvider=network,mTime=1289907436023,mLatitude=55.678917,mLongitude=12.557254,mHasAltitude=false,mAltitude=0.0,mHasSpeed=false,mSpeed=0.0,mHasBearing=false,mBearing=0.0,mHasAccuracy=true,mAccuracy=2236.0,mExtras=Bundle[mParcelledData.dataSize=148]]
ADDRESS :

0.46
0.35
0.25
0.04
0.12
0.12
0.22
0.33
0.31
0.31
0.11
0.12
0.12
0.15
0.12
0.38
0.27
0.46
0.46
0.15
0.12
0.15
0.26
0.07
0.22
0.04
0.25
0.08
0.14
0.33
0.07
0.15
0.14
0.25
0.08
0.16
0.29
0.23
0.12
0.16
0.08
0.12
0.12
0.16
0.14
0.25
0.12
0.08
0.12
0.18
0.11
0.19
0.20
0.20
0.11
0.12
0.11
0.16
0.12
0.08
0.08
0.16
0.12
0.08
0.12
0.04
0.20
0.15
0.11
0.20
0.12
0.08
0.14
0.07
0.11
0.08
0.04
0.12
0.04
0.08
0.22
0.20
0.16
0.11
0.15
0.12
0.38
0.12
0.16
0.16
0.03
0.11
0.04
0.12
0.03
0.08
0.08
0.20
0.04
0.23
0.07
0.15
0.12
0.16
0.12
0.16
0.27
0.04
0.07
0.12
0.11
0.08
0.23
0.16
0.08
0.12
0.12
0.12
0.16
0.12
0.20
0.25
0.20
0.12
0.16
0.16
0.12
0.12
0.16
0.08
0.08
0.04
0.04
0.35
0.10
0.15
0.16
0.19
0.08
0.11
0.04
0.12
0.08
0.16
0.08
0.04
0.20
0.11
0.15
0.12
0.11
0.16
0.15
0.11
0.04
0.04
0.03
0.11
0.07
0.14
0.27
0.20
0.16
0.08
0.11
0.03
0.04
0.08
0.18
0.15
0.25
0.12
0.10
0.14
0.07
0.41
0.12
0.15
0.04
0.18
0.23
0.31
0.12
0.19
0.22
0.15
0.19
0.23
0.35
0.19
0.15
0.23
0.04
0.26
0.12
0.15
0.19
0.22
0.07
0.16
0.08
0.25
0.16
0.16
0.20
0.12
0.04
0.08
0.11
0.03
0.20
0.12
0.15
0.11
0.16
0.08
0.16
0.08
0.07
0.03
0.19
0.16
0.08
0.12
0.07
0.08
0.12
0.14
0.18
0.19
0.35
0.12
0.15
0.04
0.11
0.12
0.04
0.23
0.30
0.07
0.19
0.11
0.15
0.18
0.15
0.26
0.18
0.11
0.23
0.14
0.15
0.26
0.15
0.15
0.07
0.23
