GUESS    :MOVING_SM
STARTTIME:1289907479069
ENDTIME  :1289907492973
LOCALSPD :0.0
LONGSPD  :1.945877
LOCATION :Location[mProvider=network,mTime=1289907482826,mLatitude=55.678917,mLongitude=12.557254,mHasAltitude=false,mAltitude=0.0,mHasSpeed=false,mSpeed=0.0,mHasBearing=false,mBearing=0.0,mHasAccuracy=true,mAccuracy=2236.0,mExtras=Bundle[mParcelledData.dataSize=148]]
ADDRESS :

0.18
0.16
0.19
0.27
0.16
0.15
0.33
0.23
0.44
0.38
0.12
0.16
0.15
0.26
0.15
0.25
0.08
0.14
0.27
0.14
0.19
0.41
0.33
0.12
0.26
0.12
0.12
0.15
0.20
0.34
0.16
0.34
0.14
0.15
0.39
0.23
0.27
0.26
0.50
0.57
0.30
0.30
0.34
0.15
0.14
0.12
0.37
0.27
0.34
0.19
0.30
0.08
0.10
0.18
0.07
0.16
0.23
0.19
0.18
0.34
0.23
0.60
0.45
0.15
0.39
0.31
0.27
0.26
0.27
0.26
0.46
0.54
0.14
0.68
0.18
0.19
0.30
0.23
0.08
0.27
0.34
0.39
0.50
0.34
0.26
0.19
0.23
0.19
0.20
0.35
0.26
0.19
0.25
0.39
0.12
0.08
0.12
0.08
0.19
0.30
0.33
0.18
0.42
0.20
0.18
0.22
0.38
0.27
0.25
0.27
0.42
0.11
0.22
0.42
0.49
0.14
0.57
0.22
0.11
0.11
0.19
0.23
0.10
0.26
0.03
0.12
0.38
0.56
0.11
0.18
0.37
0.35
0.11
0.29
0.42
0.04
0.35
0.20
0.08
0.38
0.22
0.44
0.15
0.34
0.57
0.50
0.15
0.11
0.22
0.23
0.34
0.04
0.11
0.37
0.26
0.12
0.15
0.15
0.16
0.23
0.18
0.35
0.16
0.19
0.15
0.44
0.07
0.53
0.35
0.22
0.46
0.15
0.23
0.34
0.11
0.18
0.22
0.18
0.23
0.27
0.16
0.33
0.26
0.12
0.11
0.30
0.30
0.26
0.16
0.23
0.23
0.27
0.30
0.04
0.15
0.23
0.15
0.11
0.25
0.12
0.41
0.30
0.16
0.29
0.34
0.27
0.08
0.23
0.27
0.19
0.34
0.11
0.19
0.07
0.12
0.19
0.27
0.18
0.23
0.04
0.31
0.11
0.26
0.04
0.15
0.11
0.19
0.20
0.20
0.12
0.34
0.12
0.23
0.16
0.07
0.34
0.15
0.26
0.49
0.31
0.12
0.46
0.12
0.34
0.25
0.42
0.16
0.27
0.27
0.12
0.16
0.12
0.22
0.15
0.35
0.27
