GUESS    :MOVING_SM
STARTTIME:1289907589499
ENDTIME  :1289907602538
LOCALSPD :0.0
LONGSPD  :1.5420158
LOCATION :Location[mProvider=network,mTime=1289907581764,mLatitude=55.678917,mLongitude=12.557254,mHasAltitude=false,mAltitude=0.0,mHasSpeed=false,mSpeed=0.0,mHasBearing=false,mBearing=0.0,mHasAccuracy=true,mAccuracy=2236.0,mExtras=Bundle[mParcelledData.dataSize=148]]
ADDRESS :

0.16
0.31
0.35
0.04
0.16
0.19
0.20
0.19
0.14
0.16
0.18
0.10
0.30
0.19
0.27
0.34
0.15
0.19
0.38
0.19
0.16
0.23
0.27
0.16
0.16
0.25
0.08
0.15
0.12
0.08
0.11
0.11
0.11
0.27
0.27
0.14
0.26
0.11
0.52
0.50
0.23
0.34
0.30
0.19
0.27
0.23
0.27
0.26
0.22
0.23
0.16
0.35
0.35
0.29
0.19
0.53
0.27
0.27
0.23
0.41
0.15
0.26
0.11
0.22
0.26
0.26
0.18
0.37
0.10
0.20
0.41
0.49
0.19
0.22
0.23
0.22
0.39
0.26
0.22
0.23
0.46
0.27
0.23
0.15
0.53
0.26
0.11
0.16
0.11
0.31
0.31
0.37
0.18
0.22
0.27
0.08
0.19
0.54
0.31
0.22
0.26
0.34
0.30
0.31
0.11
0.22
0.14
0.35
0.34
0.38
0.27
0.35
0.22
0.19
0.38
0.11
0.23
0.08
0.35
0.19
0.12
0.20
0.34
0.08
0.34
0.41
0.15
0.07
0.26
0.27
0.27
0.44
0.08
0.11
0.15
0.27
0.08
0.16
0.31
0.31
0.08
0.11
0.23
0.11
0.04
0.26
0.18
0.33
0.18
0.35
0.20
0.08
0.15
0.34
0.23
0.42
0.19
0.16
0.29
0.20
0.34
0.19
0.26
0.22
0.46
0.23
0.15
0.23
0.12
0.31
0.20
0.23
0.29
0.15
0.35
0.07
0.19
0.35
0.19
0.38
0.31
0.34
0.23
0.23
0.12
0.31
0.19
0.95
0.38
0.30
0.30
0.49
0.29
0.07
0.23
0.33
0.61
0.65
1.57
1.66
0.42
1.12
1.08
0.61
1.39
0.99
0.37
0.38
0.69
0.44
0.59
0.23
0.23
0.30
0.42
0.22
0.56
0.11
0.18
0.49
0.33
0.27
0.38
0.12
0.30
0.19
0.16
0.50
0.15
0.14
0.60
0.38
0.12
0.46
0.12
0.19
0.22
0.15
0.19
0.33
0.31
0.11
0.11
0.12
0.23
0.27
0.23
0.11
0.07
0.08
0.19
0.22
0.05
0.27
0.12
0.12
