GUESS    :MOVING_SM
STARTTIME:1289907870159
ENDTIME  :1289907883348
LOCALSPD :0.0
LONGSPD  :3.7544649
LOCATION :Location[mProvider=network,mTime=1289907881015,mLatitude=55.664692,mLongitude=12.598025,mHasAltitude=false,mAltitude=0.0,mHasSpeed=false,mSpeed=0.0,mHasBearing=false,mBearing=0.0,mHasAccuracy=true,mAccuracy=2150.0,mExtras=Bundle[mParcelledData.dataSize=148]]
ADDRESS :

0.23
0.06
0.04
0.05
0.03
0.03
0.03
0.03
0.02
0.04
0.02
0.01
0.01
0.01
0.01
0.01
0.02
0.01
0.02
0.02
0.02
0.01
0.00
0.02
0.02
0.02
0.02
0.00
0.00
0.01
0.02
0.02
0.02
0.01
0.01
0.01
0.00
0.01
0.01
0.00
0.02
0.01
0.01
0.01
0.01
0.01
0.02
0.00
0.00
0.01
0.01
0.01
0.00
0.03
0.01
0.01
0.01
0.01
0.02
0.01
0.00
0.00
0.02
0.00
0.01
0.01
0.01
0.02
0.02
0.02
0.02
0.02
0.01
0.01
0.01
0.01
0.02
0.00
0.01
0.00
0.01
0.01
0.02
0.03
0.02
0.02
0.02
0.00
0.01
0.00
0.02
0.01
0.02
0.02
0.00
0.02
0.01
0.02
0.01
0.02
0.01
0.02
0.00
0.00
0.02
0.01
0.01
0.03
0.01
0.01
0.01
0.01
0.01
0.01
0.01
0.02
0.01
0.01
0.01
0.02
0.02
0.01
0.01
0.01
0.01
0.00
0.01
0.01
