GUESS    :MOVING_SM
STARTTIME:1289908211539
ENDTIME  :1289908224388
LOCALSPD :7.3772535
LONGSPD  :2.929328
LOCATION :Location[mProvider=network,mTime=1289908191601,mLatitude=55.655811400000005,mLongitude=12.6323339,mHasAltitude=false,mAltitude=0.0,mHasSpeed=false,mSpeed=0.0,mHasBearing=false,mBearing=0.0,mHasAccuracy=true,mAccuracy=60.0,mExtras=Bundle[mParcelledData.dataSize=148]]
ADDRESS :

0.19
0.12
0.12
0.12
0.20
0.11
0.10
0.11
0.16
0.15
0.16
0.15
0.12
0.16
0.07
0.10
0.14
0.19
0.08
0.31
0.16
0.04
0.19
0.14
0.10
0.15
0.16
0.04
0.15
0.04
0.23
0.10
0.11
0.16
0.16
0.07
0.08
0.19
0.16
0.41
0.23
0.41
0.25
0.35
0.49
0.23
0.38
0.27
0.22
0.52
0.27
0.46
0.25
0.34
0.20
0.26
0.15
0.07
0.11
0.16
0.04
0.12
0.16
0.08
0.29
0.12
0.26
0.30
0.04
0.15
0.31
0.27
0.19
0.42
0.23
0.46
0.59
0.26
0.46
0.04
0.23
0.46
0.15
0.31
0.26
0.22
0.23
0.22
0.14
0.14
0.11
0.15
0.16
0.41
0.57
0.15
0.50
0.53
0.19
0.31
0.50
0.53
0.31
0.60
0.45
0.29
0.93
0.50
0.22
0.31
0.54
0.31
0.30
0.53
0.56
0.23
0.49
0.63
0.35
0.37
0.35
0.50
0.26
0.35
0.35
0.46
0.29
0.27
0.26
0.53
0.53
0.53
0.26
0.72
0.60
0.30
0.44
0.34
0.57
0.44
0.22
0.34
0.49
0.34
0.19
0.18
0.50
0.52
0.19
0.20
0.42
0.31
0.35
0.25
0.16
0.11
0.35
0.30
0.31
0.30
0.23
0.34
0.42
0.31
0.31
0.37
0.16
0.12
0.25
0.15
0.12
0.25
0.12
0.15
0.10
0.41
0.31
0.56
0.23
0.16
0.25
0.16
0.04
0.56
0.20
0.19
0.35
0.22
0.33
0.23
0.33
0.30
0.16
0.22
0.26
0.27
0.08
0.12
0.12
0.15
0.20
0.08
0.20
0.26
0.27
0.04
0.11
0.37
0.12
0.08
0.23
0.31
0.04
0.15
0.23
0.27
0.27
0.19
0.19
0.22
0.38
0.27
0.11
0.15
0.16
0.12
0.34
0.34
0.30
0.31
0.38
0.49
0.46
0.90
0.99
0.53
0.39
0.54
0.44
0.23
0.25
0.72
0.26
0.16
0.30
0.33
0.23
0.30
0.59
0.69
0.86
0.93
0.27
0.65
0.12
0.54
