GUESS    :MOVING_SM
STARTTIME:1289909423889
ENDTIME  :1289909436878
LOCALSPD :0.0
LONGSPD  :0.0
LOCATION :Location[mProvider=network,mTime=1289909428191,mLatitude=55.62950544285714,mLongitude=12.648679385714287,mHasAltitude=false,mAltitude=0.0,mHasSpeed=false,mSpeed=0.0,mHasBearing=false,mBearing=0.0,mHasAccuracy=true,mAccuracy=60.0,mExtras=Bundle[mParcelledData.dataSize=148]]
ADDRESS :

0.19
0.15
0.53
0.53
0.27
0.86
0.19
0.50
0.20
0.19
0.20
0.08
0.08
0.22
0.42
0.61
0.83
0.45
0.29
0.41
0.19
0.46
0.78
0.61
0.67
0.84
0.61
0.44
1.27
1.14
0.57
1.10
0.68
0.41
0.46
0.46
0.59
0.33
0.11
0.46
0.42
0.23
0.35
0.86
0.68
0.76
0.38
0.27
0.11
0.45
0.30
0.19
0.08
0.12
0.19
0.07
0.16
0.08
0.12
0.12
0.34
0.26
0.23
0.20
0.84
0.72
0.61
0.33
1.04
0.78
0.69
0.38
0.42
0.34
0.34
0.30
0.42
0.16
0.29
0.45
0.44
0.89
0.49
0.49
0.99
0.69
0.52
0.46
1.44
0.74
1.68
1.04
0.78
0.80
0.97
0.65
0.23
0.39
0.53
0.61
1.08
0.74
0.80
0.59
0.50
2.22
1.80
3.00
2.66
0.87
1.04
1.88
1.87
0.93
0.53
0.18
0.82
0.22
0.46
0.45
0.34
0.38
0.72
0.64
0.80
0.72
1.13
1.38
0.49
0.80
1.08
1.62
1.89
1.16
0.48
0.19
1.87
0.84
0.89
2.76
2.45
2.22
1.58
2.75
1.17
0.89
0.38
0.44
1.48
0.87
1.48
1.29
1.04
0.64
0.61
0.61
0.78
0.91
0.46
1.51
0.80
0.30
0.80
1.36
0.94
2.21
0.83
1.23
1.16
0.89
0.41
0.50
0.49
0.14
0.80
0.46
0.46
0.76
0.27
0.68
0.53
0.74
0.74
0.78
0.15
0.71
0.52
0.38
0.35
0.23
0.27
0.26
0.34
0.20
0.46
0.37
0.59
0.60
0.54
1.04
0.38
0.19
0.22
0.38
0.42
0.38
0.49
0.35
0.31
0.31
0.16
0.25
0.33
0.19
0.15
0.30
0.27
0.26
0.87
0.76
0.90
1.08
0.38
0.68
0.80
0.46
0.54
0.25
0.16
0.53
0.57
0.42
0.67
0.31
0.50
0.42
0.30
0.50
0.45
0.45
0.30
0.33
0.30
0.23
0.68
0.42
0.34
0.57
0.44
0.39
0.54
0.60
0.61
0.15
0.80
0.84
