GUESS    :MOVING_SM
STARTTIME:1289909774929
ENDTIME  :1289909787867
LOCALSPD :0.0
LONGSPD  :0.0
LOCATION :Location[mProvider=network,mTime=1289909743385,mLatitude=55.629520500000005,mLongitude=12.64868447142857,mHasAltitude=false,mAltitude=0.0,mHasSpeed=false,mSpeed=0.0,mHasBearing=false,mBearing=0.0,mHasAccuracy=true,mAccuracy=60.0,mExtras=Bundle[mParcelledData.dataSize=148]]
ADDRESS :

1.23
0.30
0.80
0.42
0.97
0.23
0.69
0.11
0.45
0.30
0.46
0.19
0.18
0.84
0.53
0.42
0.61
0.78
0.42
0.30
0.46
0.84
0.26
0.20
1.04
1.08
1.25
0.35
1.31
1.57
1.06
1.61
3.02
2.03
2.37
1.46
0.61
1.36
0.57
0.69
1.84
1.88
0.99
2.03
0.76
1.33
0.67
0.39
0.57
1.38
1.08
0.95
0.90
0.99
0.38
1.59
0.64
2.07
0.04
3.17
5.24
2.60
1.38
3.02
1.84
3.06
1.32
0.69
0.74
0.20
0.56
1.81
0.95
1.46
0.57
0.45
0.93
0.25
0.57
0.63
0.50
1.25
1.10
0.93
0.84
0.97
0.35
0.52
0.63
0.30
0.46
0.65
0.44
0.30
0.23
0.86
0.83
0.76
2.10
1.48
1.68
1.54
0.33
0.42
0.61
0.87
1.35
1.10
0.72
0.80
0.72
0.44
0.39
0.54
0.16
0.50
0.50
0.84
1.61
0.97
0.39
0.71
0.69
1.18
0.75
1.33
0.68
1.77
0.72
1.18
1.04
0.50
0.54
0.10
0.30
0.46
0.27
0.49
0.34
0.16
0.37
0.61
0.22
0.42
0.42
0.34
0.15
0.30
0.34
0.19
0.35
0.42
0.15
0.25
0.59
0.35
0.30
0.65
1.63
0.42
0.84
0.31
0.41
0.65
0.42
0.57
0.42
0.23
0.29
0.31
0.11
0.23
0.16
0.57
0.31
0.27
0.29
0.15
0.41
0.34
0.34
0.14
0.23
0.34
0.59
0.61
0.30
0.35
0.68
0.76
0.27
0.34
0.52
0.27
0.54
0.45
0.23
0.49
0.57
0.08
0.41
0.57
0.45
0.39
0.95
0.38
1.04
0.95
0.90
1.20
0.60
0.90
0.26
0.31
1.38
0.82
1.73
1.31
1.08
1.99
1.04
1.57
0.99
1.06
1.50
0.45
0.38
1.35
0.98
0.38
0.44
0.22
0.56
0.23
0.64
0.99
0.27
0.60
0.22
0.65
0.64
0.93
0.50
1.13
0.50
0.34
0.27
0.41
0.27
0.42
0.22
0.45
0.19
0.23
0.37
0.52
