GUESS    :MOVING_SM
STARTTIME:1289904751729
ENDTIME  :1289904765078
LOCALSPD :0.0
LONGSPD  :0.072476834
LOCATION :Location[mProvider=network,mTime=1289904756703,mLatitude=55.75063798,mLongitude=12.378137480000001,mHasAltitude=false,mAltitude=0.0,mHasSpeed=false,mSpeed=0.0,mHasBearing=false,mBearing=0.0,mHasAccuracy=true,mAccuracy=58.0,mExtras=Bundle[mParcelledData.dataSize=148]]
ADDRESS :

1.39
0.69
0.46
0.39
0.67
0.19
0.27
0.16
0.54
0.39
0.38
0.18
0.39
0.07
0.48
0.19
0.69
0.33
0.20
0.20
0.08
0.20
0.12
0.08
0.19
0.31
0.23
0.15
0.08
0.16
0.27
0.04
0.22
0.26
0.38
0.41
0.30
0.50
0.27
0.23
0.20
0.27
0.18
0.11
0.12
0.08
0.12
0.08
0.08
0.08
0.04
0.11
0.12
0.25
0.08
0.07
0.12
0.19
0.23
0.04
0.12
0.12
0.12
0.16
0.20
0.08
0.08
0.08
0.04
0.04
0.08
0.04
0.23
0.08
0.19
0.12
0.16
0.27
0.25
0.20
0.16
0.20
0.15
0.12
0.29
0.04
0.08
0.08
0.25
0.20
0.15
0.19
0.12
0.16
0.12
0.11
0.14
0.22
0.07
0.07
0.04
0.14
0.14
0.26
0.20
1.08
0.71
0.25
0.39
0.16
0.12
0.08
0.12
0.12
0.31
0.53
0.08
0.53
0.91
0.84
0.82
0.95
0.95
0.45
0.60
1.27
2.68
0.42
1.87
1.02
0.49
0.60
0.94
0.59
2.18
1.48
1.09
1.72
1.46
0.56
0.95
0.34
0.19
2.94
2.85
0.95
1.63
2.25
1.47
0.89
2.26
1.21
1.39
0.52
0.49
0.27
0.27
0.39
0.12
0.19
0.07
0.18
0.30
0.84
0.26
0.95
0.99
0.38
0.57
0.16
0.37
0.49
0.54
0.15
0.45
0.49
0.35
0.35
0.29
0.23
0.27
0.12
0.12
0.16
0.31
0.50
0.07
0.08
0.27
0.22
0.04
0.33
0.54
0.38
0.39
0.99
0.72
0.82
0.35
0.25
0.69
0.84
0.45
0.75
0.54
0.67
0.37
0.46
0.75
1.04
0.53
0.61
0.57
0.60
0.27
0.80
1.18
0.19
0.38
0.30
0.97
0.59
0.59
0.11
0.80
0.57
1.95
0.34
1.83
1.20
0.27
0.15
0.26
0.19
0.20
0.08
0.16
0.12
0.12
0.19
0.12
0.80
0.42
0.31
0.04
0.25
0.11
0.23
0.16
0.08
0.16
0.23
0.26
0.18
0.19
0.12
