GUESS    :MOVING_SM
STARTTIME:1289910060944
ENDTIME  :1289910074338
LOCALSPD :0.0
LONGSPD  :0.0
LOCATION :Location[mProvider=network,mTime=1289910060745,mLatitude=55.6295084125,mLongitude=12.648680975,mHasAltitude=false,mAltitude=0.0,mHasSpeed=false,mSpeed=0.0,mHasBearing=false,mBearing=0.0,mHasAccuracy=true,mAccuracy=60.0,mExtras=Bundle[mParcelledData.dataSize=148]]
ADDRESS :

0.08
0.07
0.04
0.08
0.08
0.08
0.12
0.07
0.03
0.11
0.15
0.20
0.12
0.12
0.16
0.04
0.08
0.12
0.08
0.07
0.11
0.04
0.16
0.08
0.19
0.12
0.27
0.12
0.23
0.11
0.07
0.07
0.11
0.12
0.08
0.27
0.23
0.07
0.11
0.31
0.30
0.29
0.31
0.11
0.15
0.25
0.34
0.49
1.02
1.65
0.59
1.65
0.69
1.73
0.89
0.93
0.23
0.54
0.91
1.08
2.85
0.61
0.74
0.37
0.56
1.42
0.22
0.30
0.33
1.42
0.49
2.38
4.29
1.24
2.78
0.69
1.95
2.04
0.78
1.68
1.12
1.29
3.42
1.73
2.83
1.25
2.91
2.02
3.26
1.87
1.58
1.84
2.47
2.45
0.76
1.53
0.27
0.93
0.64
1.42
1.62
0.46
0.80
0.46
0.46
0.19
0.12
0.15
0.27
0.07
0.11
0.16
0.19
0.23
0.25
0.15
0.37
0.15
0.18
0.16
0.08
0.25
0.19
0.34
0.29
0.12
0.46
0.50
0.30
0.14
0.42
0.19
0.16
0.08
0.15
0.38
0.11
0.08
0.08
0.16
0.04
0.20
0.16
0.07
0.11
0.08
0.04
0.07
0.10
0.14
0.11
0.07
0.11
0.04
0.12
0.08
0.08
0.08
0.04
0.11
0.15
0.08
0.07
0.03
0.12
0.12
0.11
0.04
0.07
0.04
0.11
0.08
0.08
0.07
0.08
0.12
0.08
0.07
0.16
0.12
0.08
0.08
0.12
0.08
0.07
0.27
0.80
0.95
0.84
0.61
0.45
0.44
0.23
0.82
0.50
0.33
0.30
0.16
0.33
0.31
0.33
0.16
0.34
0.22
0.08
0.12
0.16
0.15
0.12
0.08
0.23
0.19
0.08
0.11
0.23
0.20
0.23
0.25
0.23
0.16
0.15
0.16
0.11
0.10
0.11
0.08
0.16
0.08
0.11
0.08
0.11
0.04
0.11
0.12
0.11
0.11
0.15
0.08
0.07
0.19
0.11
0.07
0.03
0.12
0.16
0.15
0.08
0.11
0.19
0.22
0.11
0.12
0.11
0.03
0.08
0.15
