GUESS    :MOVING_SM
STARTTIME:1289910087229
ENDTIME  :1289910100078
LOCALSPD :0.0
LONGSPD  :0.0
LOCATION :Location[mProvider=network,mTime=1289910060745,mLatitude=55.6295084125,mLongitude=12.648680975,mHasAltitude=false,mAltitude=0.0,mHasSpeed=false,mSpeed=0.0,mHasBearing=false,mBearing=0.0,mHasAccuracy=true,mAccuracy=60.0,mExtras=Bundle[mParcelledData.dataSize=148]]
ADDRESS :

0.23
0.89
0.35
0.34
0.46
0.46
0.97
1.16
0.54
0.16
0.18
1.08
0.49
0.27
0.38
0.50
0.27
0.45
0.34
0.84
0.53
0.42
0.38
0.22
0.84
0.38
0.16
0.69
1.35
0.97
0.76
0.34
0.83
1.33
1.20
0.74
0.23
0.72
1.06
0.38
0.57
0.53
1.35
0.29
1.70
1.27
0.35
1.08
0.53
1.63
0.49
1.58
1.50
2.00
1.58
1.53
0.54
0.29
1.46
2.38
1.12
1.04
1.01
1.18
0.65
0.75
0.26
0.89
0.95
1.35
0.23
1.01
0.69
0.57
0.57
0.89
0.34
0.84
0.57
0.33
0.46
0.53
0.34
0.91
0.76
0.31
0.64
0.26
0.38
0.30
0.87
0.90
0.39
1.72
0.46
0.80
1.33
0.27
0.61
0.84
0.53
0.67
0.54
0.42
0.46
0.16
0.23
0.19
0.30
0.31
0.15
0.23
0.22
0.44
0.64
1.06
1.65
1.57
1.27
0.80
0.75
0.53
0.18
0.19
0.27
0.93
0.57
0.31
0.16
0.18
0.41
0.19
0.12
0.76
1.29
0.98
0.42
0.39
0.82
0.54
0.54
0.97
0.68
1.08
0.74
1.01
0.89
0.63
0.48
0.49
0.37
0.75
0.45
0.57
0.64
0.75
0.98
0.82
1.31
1.39
2.45
1.32
1.38
1.10
0.84
0.61
0.74
1.08
1.77
0.64
1.81
1.96
1.80
0.99
1.40
2.07
3.02
1.18
2.33
0.87
1.83
0.95
1.76
1.10
1.01
1.42
2.56
1.27
0.93
0.68
0.45
0.18
0.99
0.38
0.50
1.36
0.57
0.84
1.23
1.80
1.88
2.33
1.38
0.59
1.53
0.42
1.18
0.49
1.96
1.57
1.57
1.69
1.95
0.53
0.22
0.90
2.66
5.71
1.95
1.38
2.71
1.16
4.14
2.52
1.66
5.31
5.87
2.96
6.44
6.10
1.68
4.40
1.91
0.95
3.12
1.47
2.96
1.40
1.12
0.53
0.38
1.08
0.74
1.93
0.57
0.80
1.14
0.44
0.46
0.95
0.34
0.46
0.57
0.20
0.46
0.35
