GUESS    :MOVING_SM
STARTTIME:1289910508779
ENDTIME  :1289910521648
LOCALSPD :0.0
LONGSPD  :0.0
LOCATION :Location[mProvider=network,mTime=1289910489224,mLatitude=55.62949285,mLongitude=12.648733083333333,mHasAltitude=false,mAltitude=0.0,mHasSpeed=false,mSpeed=0.0,mHasBearing=false,mBearing=0.0,mHasAccuracy=true,mAccuracy=60.0,mExtras=Bundle[mParcelledData.dataSize=148]]
ADDRESS :

1.15
0.81
0.03
0.24
0.24
0.10
0.09
0.16
0.17
0.22
0.21
0.14
0.10
0.18
0.09
0.18
0.14
0.10
0.22
0.53
0.16
0.07
0.10
0.12
0.14
0.02
0.09
0.12
0.07
0.18
0.08
0.15
0.10
0.06
0.12
0.12
0.11
0.14
0.17
0.11
0.08
0.10
0.10
0.08
0.04
0.12
0.07
0.09
0.09
0.05
0.14
0.04
0.16
0.03
0.04
0.01
0.12
0.11
0.04
0.10
0.02
0.08
0.10
0.04
0.02
0.08
0.15
0.04
0.04
0.08
0.05
0.05
0.06
0.08
0.04
0.07
0.05
0.09
0.06
0.03
0.09
0.06
0.09
0.04
0.11
0.04
0.01
0.07
0.05
0.11
0.05
0.06
0.04
0.08
0.09
0.07
0.07
0.04
0.06
0.06
0.08
0.03
0.09
0.06
0.11
0.07
0.10
0.04
0.04
0.07
0.12
0.07
0.10
0.10
0.12
0.15
0.09
0.06
0.02
0.05
0.05
0.03
0.05
0.05
0.12
0.20
0.06
0.03
