GUESS    :WALKING
STARTTIME:1289911172589
ENDTIME  :1289911185559
LOCALSPD :0.0
LONGSPD  :0.0
LOCATION :Location[mProvider=network,mTime=1289911139852,mLatitude=55.6295514,mLongitude=12.6484452,mHasAltitude=false,mAltitude=0.0,mHasSpeed=false,mSpeed=0.0,mHasBearing=false,mBearing=0.0,mHasAccuracy=true,mAccuracy=75.0,mExtras=Bundle[mParcelledData.dataSize=148]]
ADDRESS :

0.82
2.78
0.89
2.37
1.35
4.60
3.19
2.60
4.86
2.03
1.08
1.77
1.29
2.70
2.67
5.34
4.37
4.90
3.94
1.80
2.60
2.11
0.83
0.89
0.35
2.64
1.93
4.66
5.43
3.46
3.84
4.03
1.91
1.88
0.86
0.74
1.72
4.06
3.87
2.32
5.22
2.49
2.03
3.58
2.49
2.02
0.48
0.37
1.88
1.83
3.58
1.38
3.28
2.79
2.98
4.21
2.38
0.95
0.76
0.41
3.26
1.58
3.42
2.22
2.78
4.21
3.16
1.31
3.41
3.75
1.27
1.50
0.95
1.42
0.78
0.29
0.42
2.41
2.64
2.08
1.92
2.12
2.45
0.19
2.19
0.72
0.46
1.06
0.16
0.57
0.38
0.78
0.59
0.57
1.43
0.57
0.42
0.25
0.30
0.87
0.72
0.35
0.98
0.35
1.85
2.06
3.26
2.33
0.31
1.38
1.47
2.57
4.18
1.55
2.22
2.11
2.47
2.64
2.03
1.28
1.65
2.64
0.42
0.15
0.15
1.14
1.88
2.42
4.09
2.98
2.22
3.00
3.20
2.18
2.62
0.38
0.53
1.04
1.06
2.86
2.15
1.88
2.98
3.72
3.68
2.68
4.44
2.10
1.88
1.57
1.27
4.36
4.86
6.47
7.44
2.67
3.21
3.04
2.66
4.21
1.65
1.35
1.69
2.53
3.45
2.07
6.62
6.01
2.44
3.50
2.64
1.80
1.24
2.70
4.79
5.34
3.84
6.52
5.35
1.50
3.99
2.60
1.42
1.14
2.30
2.66
2.94
2.45
5.01
2.18
2.17
2.45
2.49
3.46
0.63
1.97
5.50
4.07
4.56
5.91
1.42
2.45
3.23
3.53
0.49
1.54
1.02
3.21
3.66
2.68
4.86
3.87
2.63
4.96
2.81
2.03
2.96
2.56
3.08
7.85
9.34
5.22
1.95
2.38
3.06
1.53
1.89
2.75
3.19
2.45
6.21
8.01
4.03
3.13
4.14
2.04
2.53
3.23
3.04
4.93
3.41
4.70
1.65
3.91
3.91
7.34
0.60
1.46
3.01
3.08
4.25
8.05
5.07
4.40
1.36
3.72
