GUESS    :WALKING
STARTTIME:1289911185560
ENDTIME  :1289911198908
LOCALSPD :0.0
LONGSPD  :0.0
LOCATION :Location[mProvider=network,mTime=1289911187028,mLatitude=55.6295514,mLongitude=12.6484452,mHasAltitude=false,mAltitude=0.0,mHasSpeed=false,mSpeed=0.0,mHasBearing=false,mBearing=0.0,mHasAccuracy=true,mAccuracy=75.0,mExtras=Bundle[mParcelledData.dataSize=148]]
ADDRESS :

3.46
0.17
0.06
0.17
0.37
0.27
0.35
0.15
0.13
0.32
0.31
0.51
0.46
0.72
0.23
0.09
0.11
0.25
0.05
0.12
0.43
0.07
0.16
0.62
1.40
0.31
0.28
0.26
0.18
0.17
0.15
0.09
0.13
0.33
0.17
0.50
0.34
0.47
0.09
0.12
0.11
0.18
0.12
0.21
0.32
0.08
0.03
0.35
0.13
0.34
0.30
0.16
0.04
0.02
0.08
0.05
0.19
0.29
0.12
0.10
0.08
0.37
0.02
0.03
0.20
0.17
0.27
0.18
0.18
0.28
0.22
0.19
0.21
0.09
0.36
0.19
0.21
0.11
0.23
0.03
0.22
0.18
0.08
0.14
0.04
0.19
0.11
0.10
0.08
0.25
0.19
0.20
0.18
0.29
0.22
0.18
0.27
0.02
0.20
0.16
0.08
0.40
0.10
0.29
0.19
0.26
0.24
0.01
0.13
0.09
0.25
0.24
0.24
0.15
0.09
0.22
0.27
0.17
0.11
0.10
0.14
0.21
0.26
0.14
0.19
0.06
0.21
0.20
