GUESS    :MOVING_SM
STARTTIME:1289911289579
ENDTIME  :1289911302638
LOCALSPD :0.26198325
LONGSPD  :0.18813348
LOCATION :Location[mProvider=network,mTime=1289911274874,mLatitude=55.629065425,mLongitude=12.64525065,mHasAltitude=false,mAltitude=0.0,mHasSpeed=false,mSpeed=0.0,mHasBearing=false,mBearing=0.0,mHasAccuracy=true,mAccuracy=98.0,mExtras=Bundle[mParcelledData.dataSize=148]]
ADDRESS :

0.23
0.11
0.11
0.04
0.04
0.07
0.03
0.03
0.01
0.04
0.04
0.05
0.06
0.06
0.03
0.05
0.06
0.03
0.03
0.01
0.03
0.05
0.05
0.01
0.04
0.04
0.01
0.02
0.02
0.03
0.01
0.02
0.00
0.03
0.02
0.01
0.01
0.02
0.02
0.00
0.01
0.01
0.01
0.01
0.01
0.01
0.01
0.02
0.01
0.01
0.02
0.03
0.02
0.02
0.01
0.01
0.02
0.02
0.02
0.01
0.01
0.00
0.00
0.02
0.02
0.03
0.02
0.01
0.01
0.01
0.01
0.01
0.01
0.00
0.00
0.01
0.00
0.01
0.01
0.01
0.02
0.01
0.01
0.01
0.02
0.01
0.02
0.01
0.00
0.02
0.01
0.03
0.01
0.01
0.01
0.01
0.01
0.02
0.02
0.01
0.03
0.02
0.02
0.03
0.02
0.01
0.01
0.01
0.01
0.02
0.02
0.01
0.01
0.01
0.01
0.02
0.01
0.02
0.01
0.00
0.01
0.01
0.01
0.01
0.02
0.03
0.01
0.02
