GUESS    :IDLE
STARTTIME:1289911633229
ENDTIME  :1289911646828
LOCALSPD :0.0
LONGSPD  :0.18696435
LOCATION :Location[mProvider=network,mTime=1289911605475,mLatitude=55.629065425,mLongitude=12.645250650000001,mHasAltitude=false,mAltitude=0.0,mHasSpeed=false,mSpeed=0.0,mHasBearing=false,mBearing=0.0,mHasAccuracy=true,mAccuracy=98.0,mExtras=Bundle[mParcelledData.dataSize=148]]
ADDRESS :

0.10
0.00
0.00
0.01
0.01
0.01
0.00
0.01
0.00
0.01
0.01
0.01
0.01
0.00
0.01
0.00
0.00
0.01
0.00
0.01
0.01
0.01
0.01
0.01
0.01
0.00
0.01
0.00
0.01
0.00
0.00
0.01
0.01
0.01
0.00
0.01
0.01
0.00
0.01
0.01
0.00
0.00
0.01
0.00
0.00
0.00
0.00
0.01
0.01
0.00
0.01
0.01
0.00
0.00
0.00
0.00
0.01
0.00
0.00
0.00
0.00
0.01
0.01
0.00
0.00
0.00
0.00
0.00
0.00
0.00
0.00
0.01
0.01
0.01
0.01
0.00
0.01
0.00
0.01
0.00
0.00
0.00
0.01
0.00
0.00
0.01
0.00
0.00
0.01
0.01
0.01
0.00
0.00
0.00
0.01
0.00
0.01
0.01
0.00
0.00
0.00
0.01
0.00
0.00
0.00
0.00
0.00
0.01
0.00
0.01
0.01
0.01
0.01
0.01
0.01
0.01
0.00
0.01
0.01
0.00
0.00
0.00
0.00
0.00
0.01
0.01
0.01
0.01
