GUESS    :WALKING
STARTTIME:1289911888269
ENDTIME  :1289911901148
LOCALSPD :0.0
LONGSPD  :0.0
LOCATION :Location[mProvider=network,mTime=1289911877785,mLatitude=55.628932,mLongitude=12.6457262,mHasAltitude=false,mAltitude=0.0,mHasSpeed=false,mSpeed=0.0,mHasBearing=false,mBearing=0.0,mHasAccuracy=true,mAccuracy=90.0,mExtras=Bundle[mParcelledData.dataSize=148]]
ADDRESS :

2.49
4.37
3.06
0.71
1.20
2.62
7.50
3.45
3.87
7.22
1.76
2.07
2.18
1.31
0.75
1.12
2.25
3.04
3.68
2.81
6.32
1.55
5.05
4.17
1.23
1.70
2.86
5.99
3.13
3.38
4.56
1.69
1.55
3.50
2.94
0.93
1.10
2.79
4.29
3.15
2.79
8.13
1.53
1.88
4.14
1.54
2.00
3.41
3.49
3.72
5.64
4.48
6.44
1.20
2.98
1.16
0.84
1.27
1.42
2.60
2.07
2.00
1.84
5.67
1.04
2.14
3.95
1.50
2.04
2.03
5.54
3.42
4.25
5.03
2.34
1.48
3.81
3.17
1.05
1.31
2.30
4.48
3.49
2.55
5.50
4.03
1.88
3.27
2.62
1.12
2.26
3.53
4.82
4.29
4.41
3.00
2.07
4.40
2.91
0.90
0.89
1.46
3.49
4.10
3.11
3.21
6.05
1.42
2.82
3.04
1.35
1.29
1.85
4.45
3.20
4.32
4.86
1.62
2.60
4.03
2.49
1.44
1.24
1.72
3.08
3.00
3.41
4.17
4.86
1.50
3.35
3.17
1.27
1.53
1.99
4.41
3.21
3.41
4.79
1.39
2.19
3.98
2.91
0.69
1.39
2.22
3.58
2.04
2.52
5.79
3.75
2.79
4.07
3.94
1.42
1.50
2.12
6.33
2.86
5.19
6.55
0.84
2.38
4.54
1.83
0.68
1.40
1.80
3.95
2.53
2.91
4.86
3.50
1.62
3.99
2.87
1.35
1.99
2.42
5.12
3.83
4.45
6.77
0.65
2.38
2.94
1.92
0.61
1.23
2.87
4.09
2.34
1.54
4.40
1.84
3.46
3.98
1.04
1.92
1.88
3.45
4.41
5.82
7.00
1.92
3.79
3.26
1.72
0.61
1.38
2.63
4.48
2.96
2.38
4.51
3.38
1.61
4.03
2.68
1.46
2.30
2.30
5.60
3.90
3.46
4.51
1.53
4.55
3.91
1.08
1.76
2.90
3.95
2.38
1.95
2.70
3.70
1.83
2.79
3.11
1.29
1.53
2.94
6.06
1.40
3.73
5.98
1.80
2.75
4.54
1.91
0.76
1.38
1.88
4.40
3.35
