GUESS    :IDLE
STARTTIME:1288785239335
ENDTIME  :1288785253914
LOCALSPD :-1.0
LONGSPD  :-1.0
LOCATION :Location[mProvider=network,mTime=1288785211224,mLatitude=55.74958615,mLongitude=12.3767289,mHasAltitude=false,mAltitude=0.0,mHasSpeed=false,mSpeed=0.0,mHasBearing=false,mBearing=0.0,mHasAccuracy=true,mAccuracy=50.0,mExtras=Bundle[mParcelledData.dataSize=148]]
ADDRESS :

0.16
0.15
0.27
0.03
0.11
0.12
0.16
0.12
0.11
0.07
0.19
0.15
0.16
0.29
0.20
0.23
0.15
0.29
0.08
0.23
0.15
0.04
0.11
0.03
0.12
0.11
0.27
0.16
0.19
0.15
0.16
0.08
0.12
0.07
0.03
0.12
0.16
0.16
0.16
0.12
0.08
0.04
0.04
0.08
0.12
0.08
0.11
0.23
0.12
0.08
0.08
0.04
0.04
0.08
0.15
0.11
0.12
0.04
0.08
0.16
0.16
0.08
0.04
0.12
0.08
0.08
0.04
0.08
0.08
0.04
0.08
0.04
0.04
0.12
0.08
0.12
0.04
0.07
0.03
0.08
0.08
0.08
0.08
0.08
0.08
0.07
0.07
0.11
0.15
0.04
0.04
0.27
0.27
0.12
0.11
0.07
0.08
0.08
0.16
0.08
0.08
0.07
0.15
0.04
0.08
0.16
0.07
0.23
0.16
0.08
0.11
0.07
0.11
0.11
0.04
0.04
0.04
0.11
0.15
0.12
0.16
0.08
0.08
0.04
0.08
0.07
0.07
0.12
0.16
0.04
0.08
0.20
0.16
0.11
0.07
0.19
0.15
0.04
0.08
0.08
0.12
0.08
0.15
0.27
0.04
0.20
0.12
0.20
0.15
0.08
0.18
0.23
0.15
0.15
0.12
0.23
0.15
0.08
0.23
0.19
0.08
0.16
0.16
0.12
0.07
0.18
0.19
0.15
0.10
0.23
0.11
0.22
0.15
0.15
0.07
0.08
0.08
0.07
0.11
0.08
0.07
0.11
0.11
0.19
0.20
0.08
0.12
0.19
0.19
0.12
0.08
0.03
0.07
0.04
0.11
0.03
0.08
0.08
0.11
0.23
0.16
0.08
0.07
0.19
0.12
0.07
0.19
0.29
0.08
0.11
0.19
0.12
0.04
0.08
0.08
0.04
0.08
0.11
0.11
0.08
0.04
0.12
0.11
0.07
0.04
0.08
0.08
0.04
0.04
0.15
0.07
0.04
0.04
0.11
0.11
0.08
0.19
0.11
0.16
0.16
0.19
0.19
0.04
0.04
0.12
0.04
0.16
0.04
0.08
0.12
0.16
0.16
0.12
0.04
0.08
0.08
