GUESS    :MOVING_SM
STARTTIME:1288097541541
ENDTIME  :1288097555540
LOCALSPD :-1.0
LONGSPD  :-1.0
LOCATION :Location[mProvider=network,mTime=1288097531425,mLatitude=55.78250515,mLongitude=12.513997462499999,mHasAltitude=false,mAltitude=0.0,mHasSpeed=false,mSpeed=0.0,mHasBearing=false,mBearing=0.0,mHasAccuracy=true,mAccuracy=53.0,mExtras=Bundle[mParcelledData.dataSize=148]]
ADDRESS :

0.15
0.08
0.09
0.10
0.11
0.10
0.09
0.09
0.08
0.10
0.10
0.09
0.11
0.09
0.10
0.10
0.09
0.09
0.10
0.09
0.10
0.09
0.09
0.09
0.09
0.10
0.10
0.10
0.09
0.10
0.10
0.09
0.09
0.10
0.09
0.09
0.09
0.10
0.09
0.10
0.09
0.09
0.10
0.09
0.10
0.10
0.09
0.10
0.10
0.09
0.10
0.09
0.10
0.09
0.09
0.10
0.09
0.09
0.10
0.10
0.10
0.09
0.10
0.10
0.10
0.10
0.10
0.09
0.10
0.09
0.11
0.09
0.09
0.10
0.10
0.10
0.09
0.10
0.10
0.09
0.09
0.09
0.10
0.09
0.09
0.10
0.09
0.10
0.10
0.10
0.10
0.09
0.11
0.09
0.09
0.10
0.10
0.09
0.09
0.09
0.10
0.09
0.10
0.10
0.09
0.09
0.09
0.10
0.10
0.09
0.10
0.09
0.10
0.09
0.10
0.09
0.09
0.09
0.10
0.10
0.09
0.09
0.09
0.10
0.10
0.09
0.09
0.10
