GUESS    :IDLE
STARTTIME:1287993341922
ENDTIME  :1287993357611
LOCALSPD :-1.0
LONGSPD  :-1.0
LOCATION :org.peterstrand.service.LocationWrapper@44999e98
ADDRESS :

0.11
0.03
0.02
0.02
0.01
0.02
0.01
0.01
0.02
0.01
0.01
0.01
0.01
0.01
0.00
0.01
0.01
0.02
0.01
0.00
0.01
0.01
0.01
0.01
0.01
0.00
0.01
0.02
0.01
0.00
0.00
0.01
0.01
0.01
0.01
0.01
0.01
0.00
0.00
0.01
0.00
0.01
0.01
0.01
0.01
0.00
0.01
0.00
0.01
0.00
0.01
0.01
0.01
0.01
0.01
0.01
0.01
0.01
0.01
0.00
0.01
0.01
0.00
0.01
0.01
0.01
0.00
0.01
0.01
0.01
0.01
0.01
0.01
0.00
0.01
0.00
0.01
0.01
0.01
0.00
0.00
0.00
0.01
0.00
0.00
0.00
0.01
0.00
0.01
0.00
0.00
0.01
0.01
0.00
0.00
0.01
0.00
0.00
0.01
0.01
0.00
0.01
0.00
0.00
0.01
0.00
0.01
0.01
0.02
0.00
0.01
0.01
0.01
0.00
0.00
0.00
0.00
0.00
0.01
0.01
0.00
0.01
0.01
0.00
0.00
0.00
0.00
0.01
