GUESS    :IDLE
STARTTIME:1287993389252
ENDTIME  :1287993404482
LOCALSPD :0.0
LONGSPD  :-1.0
LOCATION :org.peterstrand.service.LocationWrapper@4495ed38
ADDRESS :

0.11
0.02
0.01
0.02
0.01
0.03
0.02
0.00
0.01
0.03
0.01
0.01
0.01
0.01
0.01
0.02
0.01
0.01
0.02
0.01
0.01
0.01
0.01
0.02
0.02
0.02
0.01
0.01
0.02
0.01
0.01
0.01
0.01
0.02
0.01
0.00
0.01
0.01
0.01
0.01
0.01
0.01
0.02
0.01
0.01
0.01
0.02
0.02
0.01
0.01
0.01
0.01
0.01
0.01
0.00
0.01
0.01
0.01
0.01
0.00
0.01
0.01
0.02
0.00
0.01
0.02
0.01
0.01
0.01
0.01
0.01
0.01
0.01
0.01
0.01
0.01
0.00
0.01
0.01
0.01
0.01
0.00
0.00
0.01
0.01
0.00
0.00
0.01
0.01
0.00
0.00
0.00
0.00
0.01
0.01
0.00
0.01
0.00
0.01
0.01
0.01
0.00
0.00
0.01
0.01
0.00
0.01
0.00
0.00
0.00
0.00
0.00
0.01
0.01
0.00
0.00
0.00
0.00
0.00
0.00
0.00
0.00
0.00
0.00
0.00
0.00
0.00
0.00
