GUESS    :IDLE
STARTTIME:1288012632581
ENDTIME  :1288012648263
LOCALSPD :0.0
LONGSPD  :0.0
LOCATION :org.peterstrand.service.LocationWrapper@4491c640
ADDRESS :

0.13
0.04
0.01
0.02
0.04
0.02
0.01
0.03
0.02
0.02
0.01
0.03
0.04
0.02
0.01
0.02
0.03
0.02
0.02
0.03
0.02
0.02
0.00
0.03
0.02
0.01
0.03
0.01
0.02
0.01
0.02
0.03
0.02
0.02
0.02
0.03
0.01
0.02
0.01
0.01
0.01
0.02
0.02
0.01
0.02
0.01
0.01
0.01
0.02
0.02
0.01
0.02
0.01
0.01
0.01
0.01
0.01
0.00
0.01
0.01
0.02
0.01
0.01
0.01
0.00
0.01
0.01
0.01
0.01
0.00
0.01
0.01
0.01
0.00
0.00
0.01
0.01
0.01
0.00
0.00
0.00
0.01
0.01
0.00
0.00
0.01
0.01
0.01
0.01
0.00
0.01
0.01
0.01
0.01
0.00
0.01
0.00
0.00
0.00
0.01
0.01
0.00
0.00
0.00
0.00
0.00
0.00
0.00
0.00
0.00
0.00
0.00
0.00
0.00
0.01
0.01
0.00
0.00
0.00
0.00
0.00
0.01
0.00
0.00
0.00
0.00
0.00
0.01
