GUESS    :MOVING_SM
STARTTIME:1288012155362
ENDTIME  :1288012170191
LOCALSPD :0.0
LONGSPD  :-1.0
LOCATION :org.peterstrand.service.LocationWrapper@449b6b40
ADDRESS :

0.31
0.27
0.69
0.78
0.61
0.26
0.39
0.50
0.53
0.22
0.38
0.45
0.27
0.19
0.35
0.16
0.08
0.12
0.20
0.12
0.16
0.16
0.08
0.08
0.12
0.16
0.31
0.49
0.34
0.38
0.49
0.16
0.29
0.23
0.19
0.15
0.08
0.23
0.04
0.12
0.07
0.11
0.20
0.27
0.19
0.08
0.08
0.08
0.12
0.04
0.04
0.04
0.08
0.04
0.04
0.12
0.08
0.23
0.12
0.11
0.12
0.26
0.16
0.22
0.19
0.31
0.30
0.20
0.16
0.07
0.11
0.15
0.19
0.04
0.12
0.19
0.53
1.04
0.38
0.68
2.68
5.11
11.33
11.44
6.52
19.80
11.22
30.93
17.76
2.91
1.85
1.04
3.49
4.06
0.53
2.22
2.02
0.65
1.09
0.95
0.46
0.50
0.45
0.72
0.57
0.48
0.48
0.23
0.08
0.19
0.31
0.54
0.45
0.22
0.30
0.31
0.23
0.41
0.80
0.97
2.36
1.25
0.35
0.83
1.02
2.14
0.89
1.80
2.71
2.30
1.97
1.12
1.04
0.46
0.42
0.15
0.31
0.12
0.11
0.11
0.12
0.07
0.15
0.16
0.19
0.07
0.07
0.35
0.12
0.20
0.35
0.27
0.57
0.74
0.57
0.56
0.37
0.12
0.15
0.34
0.22
0.23
0.15
0.23
0.33
0.11
0.12
0.11
0.23
0.35
0.56
0.53
0.44
0.41
0.27
0.34
0.30
0.15
0.30
0.15
0.30
0.74
0.42
0.80
0.39
0.46
0.39
0.29
0.49
0.42
0.27
0.25
0.34
0.07
0.07
0.08
0.25
0.29
0.31
0.08
0.16
0.23
0.04
0.26
0.19
0.23
0.11
0.23
0.69
0.38
0.84
0.27
0.76
1.14
0.78
0.59
0.78
1.54
0.63
0.64
0.41
0.42
0.18
0.45
0.34
0.30
0.30
0.45
0.68
0.46
0.65
0.41
0.63
0.74
0.57
0.38
0.11
0.15
0.18
0.12
0.15
0.11
0.31
0.15
0.16
0.23
0.15
0.08
0.07
0.16
0.16
0.08
0.03
0.04
0.16
0.07
