GUESS    :IDLE
STARTTIME:1287952689818
ENDTIME  :1287952705807
LOCALSPD :0.0
LONGSPD  :-1.0
LOCATION :org.peterstrand.service.LocationWrapper@449336d0
ADDRESS :

0.04
0.07
0.11
0.08
0.04
0.08
0.08
0.08
0.04
0.08
0.08
0.15
0.07
0.03
0.07
0.04
0.12
0.08
0.08
0.07
0.11
0.04
0.08
0.08
0.04
0.12
0.04
0.04
0.12
0.04
0.07
0.04
0.11
0.08
0.11
0.15
0.08
0.07
0.04
0.15
0.04
0.04
0.08
0.08
0.12
0.04
0.08
0.04
0.04
0.07
0.07
0.08
0.12
0.04
0.08
0.16
0.08
0.08
0.15
0.11
0.04
0.08
0.04
0.08
0.04
0.11
0.11
0.15
0.15
0.08
0.07
0.11
0.08
0.04
0.12
0.08
0.07
0.07
0.04
0.04
0.12
0.16
0.04
0.12
0.19
0.19
0.04
0.04
0.04
0.08
0.12
0.04
0.08
0.04
0.11
0.15
0.08
0.07
0.08
0.10
0.18
0.16
0.22
0.11
0.07
0.16
0.03
0.07
0.11
0.18
0.03
0.10
0.04
0.08
0.04
0.12
0.08
0.08
0.08
0.04
0.08
0.16
0.04
0.08
0.16
0.16
0.04
0.04
0.08
0.03
0.10
0.15
0.14
0.14
0.12
0.04
0.11
0.14
0.03
0.08
0.08
0.04
0.04
0.07
0.10
0.07
0.08
0.04
0.11
0.04
0.07
0.08
0.07
0.18
0.03
0.04
0.08
0.10
0.14
0.04
0.04
0.08
0.18
0.18
0.12
0.08
0.08
0.12
0.04
0.08
0.11
0.15
0.12
0.08
0.12
0.12
0.04
0.04
0.12
0.05
0.05
0.15
0.07
0.04
0.11
0.11
0.12
0.16
0.08
0.08
0.08
0.12
0.07
0.11
0.12
0.12
0.04
0.08
0.08
0.19
0.07
0.08
0.08
0.04
0.04
0.11
0.11
0.04
0.08
0.04
0.12
0.11
0.07
0.04
0.08
0.04
0.12
0.04
0.04
0.08
0.04
0.12
0.12
0.04
0.04
0.08
0.12
0.08
0.12
0.04
0.12
0.04
0.08
0.04
0.03
0.11
0.04
0.11
0.11
0.04
0.04
0.16
0.12
0.16
0.16
0.07
0.07
0.11
0.07
0.04
0.07
0.07
0.11
0.11
0.04
0.07
