GUESS    :MOVING_ME
STARTTIME:1289641975663
ENDTIME  :1289641988731
LOCALSPD :0.0
LONGSPD  :0.0
LOCATION :Location[mProvider=network,mTime=1289641979614,mLatitude=55.7498447,mLongitude=12.3749897,mHasAltitude=false,mAltitude=0.0,mHasSpeed=false,mSpeed=0.0,mHasBearing=false,mBearing=0.0,mHasAccuracy=true,mAccuracy=145.0,mExtras=Bundle[mParcelledData.dataSize=148]]
ADDRESS :

2.34
1.01
1.53
0.78
0.38
0.71
0.47
0.66
0.56
0.18
0.40
0.35
0.28
0.55
0.57
0.42
0.54
0.36
0.09
0.16
0.30
0.71
0.28
0.40
0.43
0.02
0.43
0.40
0.12
0.17
0.14
0.21
0.19
0.12
0.14
0.28
0.20
0.21
0.15
0.16
0.10
0.12
0.19
0.25
0.03
0.29
0.25
0.11
0.09
0.16
0.09
0.11
0.21
0.07
0.15
0.05
0.11
0.14
0.08
0.24
0.11
0.09
0.04
0.12
0.13
0.10
0.04
0.08
0.08
0.09
0.18
0.16
0.27
0.15
0.15
0.12
0.14
0.12
0.12
0.11
0.14
0.01
0.04
0.06
0.14
0.19
0.03
0.15
0.06
0.15
0.17
0.02
0.24
0.09
0.14
0.11
0.19
0.17
0.25
0.19
0.20
0.04
0.22
0.16
0.04
0.12
0.29
0.18
0.23
0.17
0.12
0.26
0.13
0.27
0.17
0.14
0.15
0.12
0.10
0.06
0.12
0.06
0.15
0.03
0.10
0.12
0.18
0.30
