GUESS    :MOVING_ME
STARTTIME:1289642131271
ENDTIME  :1289642144120
LOCALSPD :0.0
LONGSPD  :0.0
LOCATION :Location[mProvider=network,mTime=1289642114688,mLatitude=55.75008823333334,mLongitude=12.375116666666665,mHasAltitude=false,mAltitude=0.0,mHasSpeed=false,mSpeed=0.0,mHasBearing=false,mBearing=0.0,mHasAccuracy=true,mAccuracy=60.0,mExtras=Bundle[mParcelledData.dataSize=148]]
ADDRESS :

2.66
1.24
0.44
0.94
0.91
0.27
1.54
0.91
1.04
0.68
0.57
0.75
1.14
1.17
1.87
1.53
2.36
3.05
4.86
1.62
1.43
0.94
0.80
0.42
1.14
0.69
0.34
1.02
0.89
0.27
0.49
0.35
0.42
0.42
0.39
0.19
0.27
0.33
0.34
0.33
0.25
0.20
0.15
0.57
0.42
0.65
0.53
0.33
0.37
0.46
0.84
0.26
0.26
0.26
0.86
0.38
0.20
0.30
0.11
0.64
0.93
0.50
0.65
0.80
0.61
0.53
0.54
0.49
0.78
0.65
0.65
0.69
0.75
0.46
0.46
1.20
0.75
0.49
1.23
0.23
0.91
0.80
1.38
0.61
0.42
0.63
0.35
0.75
0.42
1.18
1.33
0.61
1.14
0.30
0.63
0.27
0.53
0.89
0.68
0.65
0.91
1.62
1.18
1.73
1.48
1.72
1.43
0.72
0.79
1.20
2.74
2.18
1.88
1.85
0.91
0.59
0.91
1.54
3.45
1.81
1.54
1.73
1.24
1.53
1.84
1.78
3.41
2.38
2.34
2.66
0.90
2.74
0.95
0.35
2.03
1.61
1.28
2.29
2.29
1.65
1.24
0.60
0.91
2.23
1.12
3.49
1.63
4.32
1.50
3.13
0.50
1.58
2.41
3.73
3.51
3.06
2.07
1.38
2.57
2.56
5.20
2.97
2.25
1.95
1.10
2.82
1.65
0.69
0.63
0.57
1.31
1.76
1.84
0.61
5.45
4.64
8.89
3.76
2.87
2.75
4.25
5.98
2.42
4.05
1.61
1.88
4.62
4.10
0.78
1.57
4.84
4.10
1.33
3.06
2.94
3.49
2.81
3.72
9.87
3.21
5.01
4.44
4.14
5.48
2.23
3.06
4.82
2.63
3.16
5.45
1.99
2.06
4.06
2.06
1.53
2.81
4.32
4.29
3.27
6.40
3.49
5.67
3.53
5.97
5.64
3.30
2.71
3.46
2.55
5.01
4.44
8.12
3.15
3.70
3.72
1.61
1.12
2.37
5.90
3.91
2.44
6.06
4.81
5.75
5.83
5.64
5.58
4.21
2.83
4.71
1.96
4.44
4.88
1.48
2.82
6.27
