GUESS    :MOVING_SM
STARTTIME:1289643534851
ENDTIME  :1289643548361
LOCALSPD :0.0
LONGSPD  :0.0
LOCATION :Location[mProvider=network,mTime=1289643543924,mLatitude=55.74888565,mLongitude=12.3761573125,mHasAltitude=false,mAltitude=0.0,mHasSpeed=false,mSpeed=0.0,mHasBearing=false,mBearing=0.0,mHasAccuracy=true,mAccuracy=60.0,mExtras=Bundle[mParcelledData.dataSize=148]]
ADDRESS :

0.67
0.64
0.44
0.41
0.36
0.26
0.23
0.12
0.18
0.12
0.09
0.08
0.07
0.10
0.10
0.12
0.10
0.09
0.10
0.09
0.09
0.09
0.11
0.05
0.07
0.05
0.05
0.07
0.05
0.02
0.07
0.06
0.07
0.07
0.05
0.08
0.08
0.08
0.12
0.13
0.11
0.05
0.01
0.02
0.06
0.08
0.09
0.07
0.06
0.01
0.04
0.04
0.05
0.07
0.05
0.02
0.02
0.04
0.02
0.05
0.02
0.02
0.03
0.04
0.04
0.06
0.01
0.03
0.07
0.04
0.04
0.04
0.05
0.05
0.07
0.05
0.06
0.03
0.05
0.05
0.06
0.09
0.08
0.07
0.06
0.07
0.06
0.04
0.01
0.05
0.06
0.04
0.06
0.07
0.07
0.07
0.07
0.04
0.03
0.04
0.03
0.08
0.03
0.06
0.03
0.05
0.06
0.07
0.04
0.05
0.05
0.04
0.06
0.03
0.07
0.02
0.03
0.06
0.07
0.02
0.02
0.03
0.03
0.01
0.02
0.06
0.03
0.02
