GUESS    :MOVING_SM
STARTTIME:1289643845551
ENDTIME  :1289643858770
LOCALSPD :0.0
LONGSPD  :0.0
LOCATION :Location[mProvider=network,mTime=1289643857186,mLatitude=55.749067866666664,mLongitude=12.376093177777781,mHasAltitude=false,mAltitude=0.0,mHasSpeed=false,mSpeed=0.0,mHasBearing=false,mBearing=0.0,mHasAccuracy=true,mAccuracy=63.0,mExtras=Bundle[mParcelledData.dataSize=148]]
ADDRESS :

3.04
1.12
1.85
1.06
1.33
1.23
1.61
0.72
0.76
2.26
1.65
1.40
2.08
1.95
2.72
1.50
2.86
1.65
0.84
0.38
0.54
0.69
0.84
2.33
3.79
6.28
2.53
3.36
1.85
1.55
0.69
0.68
0.26
0.63
1.84
0.89
0.83
1.28
1.24
1.10
1.58
1.27
1.08
1.09
1.46
0.83
0.27
1.18
1.09
1.42
0.61
0.97
0.90
0.86
1.40
0.74
1.18
0.31
0.48
1.17
1.05
1.29
0.54
1.09
0.74
0.63
0.50
0.82
0.54
0.53
0.45
0.45
0.23
0.46
0.46
0.48
0.12
0.27
0.42
0.11
0.41
0.23
0.42
0.26
0.20
0.16
0.20
0.23
0.54
0.38
0.59
0.94
0.38
0.22
0.25
0.07
0.15
0.29
0.34
0.31
0.20
0.37
0.18
0.23
0.33
0.14
0.11
0.23
0.30
0.04
0.38
0.35
0.61
0.42
0.65
1.33
0.68
1.04
0.59
1.14
1.29
0.83
0.99
0.52
0.52
0.87
0.60
1.27
1.20
1.12
2.49
3.15
3.35
1.87
3.53
1.95
1.10
1.76
1.72
0.83
1.53
1.04
0.94
1.17
1.93
2.45
3.60
1.96
2.53
1.81
2.22
4.24
1.12
3.06
1.95
0.95
1.27
0.79
1.31
1.16
1.10
1.21
0.46
1.80
3.65
2.03
1.48
3.69
3.38
1.14
2.64
1.43
1.73
2.52
1.38
1.25
1.06
1.35
2.81
1.69
2.53
3.36
2.60
2.30
0.93
1.48
0.87
2.56
0.54
2.75
2.53
1.61
1.89
0.64
0.57
1.54
1.08
0.83
0.34
0.38
0.93
0.72
1.50
0.84
1.28
1.44
1.39
0.91
1.23
0.91
0.97
0.60
2.55
0.46
1.47
0.93
1.39
0.34
1.09
0.57
0.50
0.74
0.54
0.39
0.72
0.34
0.64
0.57
0.49
0.53
0.27
0.56
0.42
0.19
0.33
0.57
0.50
0.27
0.15
0.19
0.34
0.23
0.27
0.69
0.35
0.30
0.15
0.39
0.19
0.33
0.37
0.57
0.38
0.20
0.71
0.52
