GUESS    :MOVING_HI
STARTTIME:1289640779446
ENDTIME  :1289640793430
LOCALSPD :0.0
LONGSPD  :0.0
LOCATION :Location[mProvider=network,mTime=1289640789788,mLatitude=55.749540599999996,mLongitude=12.376636466666668,mHasAltitude=false,mAltitude=0.0,mHasSpeed=false,mSpeed=0.0,mHasBearing=false,mBearing=0.0,mHasAccuracy=true,mAccuracy=50.0,mExtras=Bundle[mParcelledData.dataSize=148]]
ADDRESS :

0.84
2.18
1.39
3.38
2.93
12.07
3.26
3.30
2.48
1.73
1.46
3.57
2.63
1.66
3.54
3.38
2.66
1.83
1.12
1.31
0.54
0.68
0.97
0.14
1.16
0.45
1.14
1.62
0.29
1.62
1.31
1.50
4.45
3.72
4.10
3.49
1.33
1.38
5.79
1.81
1.88
2.71
1.95
1.85
3.21
2.07
1.84
2.15
6.48
6.97
4.90
2.21
2.83
0.68
3.81
3.17
10.27
3.21
3.05
1.91
2.40
3.70
2.48
2.33
2.94
1.76
1.53
2.07
3.24
5.09
8.31
2.60
11.10
12.26
6.65
10.30
10.39
8.59
7.19
8.31
2.81
12.46
20.16
9.77
4.92
11.37
7.55
9.98
2.52
5.03
5.09
3.38
4.29
5.63
4.18
5.46
5.00
5.53
3.72
6.51
6.44
9.45
3.12
5.79
7.57
7.27
19.45
21.34
14.98
9.96
32.21
24.73
6.13
5.37
3.54
8.16
14.98
9.58
21.77
10.01
7.93
4.40
3.17
3.45
1.27
2.91
2.98
3.08
3.64
2.40
5.94
0.99
3.30
2.10
1.76
2.40
1.33
1.14
2.30
1.27
0.98
1.44
2.49
3.31
1.27
2.79
1.76
1.31
0.53
1.95
0.95
0.57
1.14
0.76
1.14
1.92
1.18
1.78
1.81
3.21
3.53
0.74
2.37
2.74
1.08
1.92
0.76
0.75
1.06
1.47
2.33
5.09
7.23
1.61
2.40
4.88
4.10
0.61
1.14
1.62
1.99
1.16
2.33
4.93
4.14
4.63
1.12
3.36
2.86
3.41
1.42
2.87
1.33
1.62
2.56
4.89
5.19
3.98
0.76
1.12
0.61
1.17
0.69
2.68
2.07
1.76
3.34
4.82
1.40
3.61
1.96
1.99
0.91
1.29
0.89
2.33
2.23
1.84
7.93
4.18
1.46
6.54
3.95
2.07
2.34
0.53
4.17
3.26
3.02
2.02
7.55
3.60
1.44
3.08
1.33
0.74
1.12
3.99
2.75
4.06
6.66
6.02
2.40
5.31
4.41
3.28
1.88
1.42
1.84
2.79
4.17
3.60
6.44
5.24
2.26
2.48
