GUESS    :WALKING
STARTTIME:1289645006511
ENDTIME  :1289645019341
LOCALSPD :0.0
LONGSPD  :0.13503815
LOCATION :Location[mProvider=network,mTime=1289644995668,mLatitude=55.74956847999999,mLongitude=12.3768598,mHasAltitude=false,mAltitude=0.0,mHasSpeed=false,mSpeed=0.0,mHasBearing=false,mBearing=0.0,mHasAccuracy=true,mAccuracy=50.0,mExtras=Bundle[mParcelledData.dataSize=148]]
ADDRESS :

0.59
2.11
2.00
3.19
2.64
0.65
3.38
1.31
2.60
2.10
0.97
2.45
1.05
1.48
1.06
1.06
1.88
0.99
1.25
0.87
0.07
0.08
0.56
0.34
0.46
0.80
0.94
0.30
0.78
0.68
0.75
1.09
1.84
1.65
2.45
3.49
1.99
1.10
3.42
4.09
1.87
2.62
3.60
2.76
2.44
2.03
0.50
0.78
1.88
2.96
3.31
3.91
5.64
3.95
2.25
2.87
1.21
1.01
1.04
2.45
1.87
2.76
1.39
1.39
0.84
0.93
0.49
1.38
0.45
1.12
0.64
1.59
0.50
0.79
1.84
1.58
1.62
0.80
0.87
0.97
0.37
1.61
0.30
1.33
1.04
1.25
0.59
1.33
0.68
2.51
3.64
4.48
1.85
3.47
2.00
3.16
2.06
1.84
2.67
0.94
1.65
1.57
1.23
2.45
3.30
1.21
2.11
1.08
1.27
2.21
3.34
1.93
0.86
1.02
1.10
2.66
2.49
3.04
6.17
3.32
5.00
2.87
0.72
1.42
2.08
1.88
2.14
2.11
2.07
1.85
1.33
5.46
11.39
2.44
6.74
2.70
3.26
2.60
1.12
0.98
1.78
1.57
2.66
2.27
6.46
4.29
9.15
10.80
4.71
0.99
4.18
1.54
0.89
1.54
0.89
1.69
0.69
1.81
3.11
2.47
2.52
2.71
1.68
2.22
1.36
0.97
1.12
2.12
1.29
2.98
1.17
1.74
1.43
1.10
1.10
0.75
0.79
1.23
0.23
1.70
0.80
1.76
1.02
0.61
0.46
0.72
1.57
0.46
0.78
0.50
0.74
0.53
0.93
0.74
0.52
1.35
1.33
2.02
0.61
0.93
1.28
1.23
2.36
2.38
1.27
4.55
2.67
1.81
0.69
1.06
1.33
0.37
0.39
0.16
0.26
2.56
3.98
2.03
0.91
1.57
1.44
0.89
1.23
1.33
0.38
0.54
0.72
0.97
1.18
0.84
1.99
3.79
3.95
2.67
1.88
1.57
1.73
1.65
2.68
1.69
1.68
0.84
0.46
0.63
0.84
0.76
1.38
4.52
0.87
3.34
1.38
1.73
1.68
0.35
1.31
1.04
