GUESS    :MOVING_SM
STARTTIME:1289645019342
ENDTIME  :1289645032170
LOCALSPD :0.0
LONGSPD  :0.13503815
LOCATION :Location[mProvider=network,mTime=1289644995668,mLatitude=55.74956847999999,mLongitude=12.3768598,mHasAltitude=false,mAltitude=0.0,mHasSpeed=false,mSpeed=0.0,mHasBearing=false,mBearing=0.0,mHasAccuracy=true,mAccuracy=50.0,mExtras=Bundle[mParcelledData.dataSize=148]]
ADDRESS :

1.08
0.95
0.43
0.39
0.26
0.06
0.05
0.07
0.13
0.12
0.14
0.22
0.12
0.09
0.11
0.20
0.37
0.34
0.22
0.23
0.20
0.24
0.21
0.12
0.13
0.12
0.14
0.07
0.11
0.07
0.07
0.13
0.06
0.15
0.21
0.16
0.17
0.23
0.20
0.19
0.15
0.14
0.09
0.12
0.14
0.04
0.07
0.14
0.11
0.03
0.08
0.10
0.07
0.06
0.08
0.14
0.15
0.07
0.15
0.10
0.09
0.10
0.07
0.04
0.08
0.02
0.04
0.08
0.06
0.07
0.06
0.09
0.07
0.02
0.03
0.10
0.14
0.15
0.13
0.08
0.06
0.08
0.07
0.06
0.02
0.08
0.08
0.10
0.04
0.03
0.13
0.12
0.10
0.18
0.17
0.10
0.12
0.11
0.10
0.13
0.07
0.04
0.05
0.05
0.05
0.08
0.08
0.04
0.05
0.09
0.03
0.09
0.15
0.04
0.02
0.07
0.05
0.07
0.13
0.03
0.04
0.05
0.02
0.05
0.02
0.07
0.02
0.04
