GUESS    :MOVING_HI
STARTTIME:1289641431462
ENDTIME  :1289641444301
LOCALSPD :0.0
LONGSPD  :0.0
LOCATION :Location[mProvider=network,mTime=1289641408924,mLatitude=55.750038149999995,mLongitude=12.375149500000001,mHasAltitude=false,mAltitude=0.0,mHasSpeed=false,mSpeed=0.0,mHasBearing=false,mBearing=0.0,mHasAccuracy=true,mAccuracy=60.0,mExtras=Bundle[mParcelledData.dataSize=148]]
ADDRESS :

3.93
3.64
2.73
2.32
1.17
0.53
0.23
0.17
0.88
0.73
0.62
0.49
0.21
0.17
0.33
0.44
0.43
0.78
0.71
0.40
0.31
0.48
0.36
0.76
0.34
0.52
0.65
0.29
0.32
0.35
0.26
0.71
0.75
0.73
0.75
0.80
0.75
0.63
0.55
0.56
0.28
0.27
0.24
0.17
0.28
0.43
0.29
0.14
0.36
0.34
0.33
0.24
0.48
0.22
0.17
0.35
0.27
0.17
0.34
0.22
0.03
0.22
0.06
0.14
0.22
0.41
0.49
0.54
0.63
0.44
0.46
0.55
0.34
0.10
0.37
0.36
0.02
0.25
0.26
0.13
0.11
0.04
0.29
0.49
0.30
0.29
0.36
0.42
0.33
0.22
0.27
0.21
0.19
0.21
0.11
0.14
0.25
0.15
0.25
0.43
0.38
0.39
0.29
0.46
0.58
0.25
0.17
0.39
0.16
0.09
0.25
0.14
0.19
0.10
0.14
0.08
0.13
0.10
0.03
0.38
0.16
0.09
0.42
0.26
0.21
0.25
0.08
0.02
