GUESS    :MOVING_SM
STARTTIME:1289641717662
ENDTIME  :1289641730550
LOCALSPD :0.0
LONGSPD  :0.0
LOCATION :Location[mProvider=network,mTime=1289641709424,mLatitude=55.749954124999995,mLongitude=12.375736275,mHasAltitude=false,mAltitude=0.0,mHasSpeed=false,mSpeed=0.0,mHasBearing=false,mBearing=0.0,mHasAccuracy=true,mAccuracy=49.0,mExtras=Bundle[mParcelledData.dataSize=148]]
ADDRESS :

1.39
0.82
0.74
0.87
1.46
1.33
1.77
1.80
0.57
2.14
0.54
0.82
0.63
2.49
0.75
0.31
1.24
0.57
1.18
0.57
0.31
0.76
0.42
0.89
0.65
0.39
0.44
0.42
2.57
2.03
0.38
1.12
1.77
0.46
2.38
2.19
5.43
0.38
0.61
1.69
0.46
1.38
2.33
1.83
2.36
1.68
2.10
1.72
2.11
2.03
1.35
2.33
1.93
1.92
1.99
1.23
2.26
0.46
1.77
0.72
1.65
0.95
0.82
0.95
0.93
1.42
2.57
3.21
0.93
1.04
1.50
0.87
0.67
0.33
0.46
0.39
0.34
0.76
0.53
0.52
0.34
0.69
0.41
0.31
0.35
1.14
0.42
0.68
0.38
0.78
0.68
0.46
0.78
0.45
1.33
0.84
1.16
0.52
0.83
1.35
0.86
1.81
0.84
2.34
1.42
2.18
0.84
1.99
1.42
3.02
3.83
0.89
1.95
0.49
1.72
0.57
0.22
1.08
0.64
0.71
0.76
0.38
1.20
0.60
0.56
0.64
0.63
0.35
1.08
0.95
0.65
0.49
0.93
0.97
1.73
0.54
0.60
0.31
0.89
0.19
0.93
0.27
0.34
0.65
0.39
0.54
0.38
0.91
0.15
0.27
0.53
0.46
0.61
0.38
0.45
0.42
0.61
0.19
0.54
0.50
0.78
0.42
0.19
0.04
0.23
0.45
0.16
0.49
0.59
0.46
0.49
0.46
0.69
0.72
0.57
0.31
0.61
0.27
0.54
0.52
0.34
0.27
0.27
0.23
0.57
0.48
0.79
0.63
0.65
0.31
0.38
0.54
0.18
0.64
0.14
0.63
0.33
0.23
0.38
0.26
0.86
1.06
0.93
0.93
1.05
0.53
0.67
1.14
0.23
1.27
1.31
0.49
1.01
0.37
0.22
0.26
0.42
0.19
0.38
0.19
0.42
0.22
0.39
0.49
0.07
0.39
0.23
0.67
0.11
0.19
0.31
0.27
0.48
0.54
0.49
0.07
0.61
0.08
0.49
0.31
0.12
0.46
0.20
0.50
0.69
0.19
0.49
0.22
0.39
0.23
0.34
0.29
0.34
0.11
0.65
0.23
