GUESS    :MOVING_SM
STARTTIME:1290840154787
ENDTIME  :1290840168586
LOCALSPD :0.0
LONGSPD  :-1.0
LOCATION :Location[mProvider=network,mTime=1290840164544,mLatitude=55.74957426666666,mLongitude=12.376717400000002,mHasAltitude=false,mAltitude=0.0,mHasSpeed=false,mSpeed=0.0,mHasBearing=false,mBearing=0.0,mHasAccuracy=true,mAccuracy=50.0,mExtras=Bundle[mParcelledData.dataSize=148]]
ADDRESS :

0.12
0.12
0.07
0.11
0.31
0.30
0.56
0.48
0.67
0.52
0.68
0.50
0.14
0.52
0.87
0.38
0.76
0.25
0.61
0.50
0.33
0.71
0.23
0.38
0.54
0.56
0.39
0.23
0.33
0.25
0.27
0.14
0.38
0.19
0.31
0.54
0.60
0.46
0.34
0.54
0.19
0.42
0.49
0.74
0.93
0.97
1.04
0.56
1.02
0.69
0.69
0.79
0.69
1.27
0.45
0.72
0.26
1.08
1.46
1.08
0.68
0.75
0.42
0.18
0.35
0.57
0.46
0.15
0.34
0.89
0.37
0.39
0.37
0.31
0.31
0.56
0.33
0.15
0.04
0.08
0.14
0.14
0.16
0.16
0.29
0.31
0.15
0.26
0.16
0.18
0.27
0.38
0.23
0.08
0.50
0.38
0.27
0.86
0.78
0.52
0.29
0.37
0.31
0.23
0.15
0.34
0.19
0.11
0.42
0.42
0.19
0.08
0.29
0.23
0.27
0.19
0.23
0.08
0.12
0.14
0.11
0.08
0.08
0.15
0.11
0.16
0.08
0.08
0.27
0.07
0.14
0.07
0.23
0.20
0.07
0.07
0.11
0.04
0.15
0.19
0.27
0.03
0.20
0.26
0.04
0.08
0.11
0.16
0.16
0.12
0.16
0.22
0.07
0.20
0.10
0.30
0.08
0.37
0.11
0.31
0.34
0.15
0.22
0.22
0.14
0.26
0.37
0.59
0.23
0.19
0.16
0.33
0.12
0.08
0.12
0.12
0.16
0.12
0.12
0.20
0.16
0.12
0.19
0.34
0.15
0.14
0.23
0.12
0.15
0.08
0.15
0.19
0.19
0.08
0.11
0.19
0.16
0.08
0.23
0.38
0.50
0.23
0.69
0.11
0.29
0.44
0.42
0.53
0.29
0.03
0.15
0.23
0.12
0.08
0.19
0.18
0.12
0.11
0.12
0.15
0.23
0.20
0.11
0.19
0.30
0.16
0.31
0.14
0.08
0.22
0.16
0.23
0.23
0.37
0.22
0.50
0.35
0.37
0.33
0.19
0.52
0.04
0.37
0.84
0.30
0.76
0.29
0.45
0.61
0.80
0.46
0.15
0.41
0.42
0.50
0.35
