GUESS    :MOVING_SM
STARTTIME:1288937206788
ENDTIME  :1288937221967
LOCALSPD :0.0
LONGSPD  :-1.0
LOCATION :Location[mProvider=network,mTime=1288937181971,mLatitude=55.74958615,mLongitude=12.3767289,mHasAltitude=false,mAltitude=0.0,mHasSpeed=false,mSpeed=0.0,mHasBearing=false,mBearing=0.0,mHasAccuracy=true,mAccuracy=50.0,mExtras=Bundle[mParcelledData.dataSize=148]]
ADDRESS :

1.65
2.03
1.25
1.63
1.61
3.13
1.27
3.06
1.50
1.96
3.38
3.17
2.62
2.67
0.89
1.76
2.49
3.83
3.72
5.20
3.09
0.52
0.04
0.08
0.08
0.12
0.20
0.08
0.12
0.08
0.08
0.08
0.04
0.04
0.07
0.07
0.19
0.12
0.07
0.08
0.11
0.07
0.08
0.12
0.12
0.03
0.07
0.04
0.03
0.11
0.08
0.07
0.08
0.04
0.11
0.11
0.11
0.07
0.04
0.04
0.07
0.11
0.08
0.07
0.08
0.07
0.07
0.07
0.08
0.04
0.08
0.07
0.11
0.08
0.08
0.04
0.03
0.11
0.08
0.03
0.04
0.04
0.11
0.03
0.04
0.04
0.04
0.07
0.08
0.03
0.11
0.08
0.04
0.04
0.03
0.08
0.12
0.04
0.07
0.08
0.11
0.08
0.08
0.03
0.04
0.08
0.04
0.08
0.11
0.07
0.08
0.04
0.03
0.10
0.14
0.15
0.08
0.07
0.08
0.07
0.07
0.07
0.04
0.07
0.04
0.11
0.03
0.07
0.08
0.07
0.15
0.08
0.11
0.04
0.04
0.04
0.15
0.11
0.08
0.04
0.04
0.11
0.04
0.03
0.04
0.04
0.07
0.11
0.08
0.03
0.03
0.04
0.04
0.04
0.03
0.04
0.04
0.11
0.07
0.08
0.03
0.04
0.04
0.11
0.07
0.04
0.11
0.04
0.08
0.07
0.15
0.11
0.11
0.08
0.07
0.07
0.04
0.12
0.12
0.04
0.08
0.08
0.08
0.04
0.16
0.04
0.04
0.04
0.12
0.12
0.12
0.04
0.04
0.16
0.08
0.08
0.04
0.08
0.08
0.04
0.04
0.08
0.04
0.12
0.04
0.04
0.08
0.04
0.11
0.11
0.08
0.04
0.04
0.07
0.19
0.08
0.08
0.08
0.15
0.11
0.08
0.12
0.12
0.12
0.04
0.08
0.16
0.04
0.12
0.12
0.04
0.08
0.04
0.04
0.12
0.08
0.04
0.04
0.04
0.08
0.08
0.08
0.04
0.04
0.04
0.08
0.04
0.08
0.08
0.08
0.04
0.04
0.11
0.11
0.11
0.15
