GUESS    :IDLE
STARTTIME:1289153046441
ENDTIME  :1289153060863
LOCALSPD :0.0
LONGSPD  :-1.0
LOCATION :Location[mProvider=network,mTime=1289153030883,mLatitude=55.74958615,mLongitude=12.3767289,mHasAltitude=false,mAltitude=0.0,mHasSpeed=false,mSpeed=0.0,mHasBearing=false,mBearing=0.0,mHasAccuracy=true,mAccuracy=50.0,mExtras=Bundle[mParcelledData.dataSize=148]]
ADDRESS :

0.10
0.02
0.01
0.01
0.01
0.01
0.01
0.00
0.01
0.01
0.01
0.00
0.01
0.01
0.01
0.00
0.01
0.00
0.01
0.00
0.01
0.00
0.01
0.00
0.01
0.02
0.01
0.00
0.01
0.00
0.00
0.01
0.01
0.00
0.00
0.00
0.01
0.00
0.00
0.01
0.01
0.01
0.01
0.00
0.00
0.01
0.00
0.01
0.01
0.01
0.01
0.01
0.00
0.01
0.00
0.00
0.01
0.01
0.01
0.00
0.00
0.01
0.00
0.01
0.01
0.01
0.00
0.00
0.00
0.00
0.00
0.01
0.00
0.01
0.01
0.00
0.01
0.01
0.01
0.00
0.01
0.01
0.01
0.01
0.00
0.00
0.00
0.00
0.00
0.01
0.01
0.01
0.00
0.00
0.00
0.00
0.01
0.00
0.00
0.00
0.00
0.00
0.00
0.01
0.00
0.01
0.01
0.01
0.01
0.01
0.01
0.01
0.01
0.01
0.01
0.00
0.01
0.01
0.01
0.00
0.01
0.01
0.00
0.00
0.01
0.01
0.01
0.00
