GUESS    :MOVING_HI
STARTTIME:1288684489025
ENDTIME  :1288684502480
LOCALSPD :2.7952328
LONGSPD  :5.8187914
LOCATION :Location[mProvider=network,mTime=1288684451855,mLatitude=55.76488473333333,mLongitude=12.4742818,mHasAltitude=false,mAltitude=0.0,mHasSpeed=false,mSpeed=0.0,mHasBearing=false,mBearing=0.0,mHasAccuracy=true,mAccuracy=72.0,mExtras=Bundle[mParcelledData.dataSize=148]]
ADDRESS :

3.48
0.21
0.15
0.10
0.15
0.28
0.22
0.29
0.29
0.17
0.16
0.30
0.39
0.41
0.09
0.06
0.05
0.12
0.21
0.44
0.21
0.09
0.17
0.65
0.39
0.32
0.21
0.39
0.12
0.14
0.35
0.30
0.12
0.21
0.18
0.22
0.27
0.17
0.15
0.31
0.11
0.23
0.14
0.16
0.25
0.23
0.04
0.73
0.39
0.09
0.07
0.24
0.14
0.16
0.28
0.12
0.12
0.13
0.25
0.28
0.20
0.20
0.05
0.17
0.23
0.10
0.16
0.25
0.09
0.22
0.27
0.49
0.16
0.12
0.21
0.10
0.36
0.24
0.38
0.20
0.24
0.14
0.12
0.09
0.01
0.17
0.03
0.09
0.10
0.31
0.17
0.04
0.15
0.19
0.05
0.09
0.06
0.09
0.09
0.04
0.26
0.15
0.17
0.10
0.22
0.22
0.16
0.31
0.10
0.03
0.07
0.39
0.22
0.20
0.11
0.27
0.13
0.21
0.41
0.11
0.14
0.20
0.18
0.10
0.18
0.18
0.05
0.14
