GUESS    :MOVING_ME
STARTTIME:1288684610027
ENDTIME  :1288684623458
LOCALSPD :6.1426873
LONGSPD  :6.133465
LOCATION :Location[mProvider=network,mTime=1288684576135,mLatitude=55.764692,mLongitude=12.497884,mHasAltitude=false,mAltitude=0.0,mHasSpeed=false,mSpeed=0.0,mHasBearing=false,mBearing=0.0,mHasAccuracy=true,mAccuracy=648.0,mExtras=Bundle[mParcelledData.dataSize=148]]
ADDRESS :

2.22
0.83
0.93
0.42
0.26
0.69
0.23
0.53
0.47
0.39
0.07
0.28
0.55
0.04
0.25
0.40
0.49
0.29
0.16
0.17
0.21
0.30
0.35
0.11
0.16
0.15
0.15
0.10
0.10
0.32
0.21
0.25
0.16
0.03
0.19
0.20
0.19
0.10
0.07
0.32
0.04
0.06
0.11
0.12
0.01
0.13
0.06
0.13
0.09
0.15
0.05
0.18
0.33
0.15
0.21
0.07
0.09
0.11
0.08
0.17
0.06
0.16
0.14
0.05
0.07
0.02
0.13
0.04
0.19
0.17
0.04
0.21
0.13
0.15
0.15
0.06
0.09
0.08
0.05
0.09
0.09
0.17
0.05
0.06
0.20
0.25
0.12
0.17
0.30
0.17
0.22
0.10
0.04
0.14
0.17
0.05
0.05
0.08
0.16
0.18
0.13
0.19
0.10
0.20
0.08
0.11
0.25
0.07
0.12
0.20
0.15
0.08
0.17
0.17
0.27
0.14
0.09
0.19
0.17
0.10
0.16
0.11
0.18
0.07
0.08
0.14
0.11
0.09
