GUESS    :WALKING
STARTTIME:1288684798055
ENDTIME  :1288684811447
LOCALSPD :1.7650574
LONGSPD  :6.421746
LOCATION :Location[mProvider=network,mTime=1288684772530,mLatitude=55.771705499999996,mLongitude=12.50340014,mHasAltitude=false,mAltitude=0.0,mHasSpeed=false,mSpeed=0.0,mHasBearing=false,mBearing=0.0,mHasAccuracy=true,mAccuracy=56.0,mExtras=Bundle[mParcelledData.dataSize=148]]
ADDRESS :

3.29
0.30
0.09
0.18
0.25
0.18
0.21
0.06
0.26
0.18
0.32
0.08
0.14
0.29
0.14
0.10
0.11
0.07
0.17
0.19
0.73
0.65
0.19
0.18
0.13
0.07
0.07
0.06
0.33
0.18
0.16
0.18
0.25
0.28
0.20
0.28
0.20
0.03
0.18
0.11
0.37
0.37
0.29
0.28
0.17
0.13
0.07
0.20
0.08
0.14
0.29
0.15
0.22
0.08
0.03
0.10
0.31
0.09
0.03
0.20
0.28
0.31
0.24
0.27
0.30
0.20
0.15
0.09
0.09
0.29
0.13
0.18
0.17
0.01
0.04
0.07
0.25
0.28
0.10
0.04
0.11
0.12
0.27
0.12
0.20
0.21
0.20
0.18
0.26
0.16
0.19
0.17
0.22
0.13
0.04
0.06
0.14
0.21
0.19
0.21
0.24
0.21
0.13
0.21
0.15
0.20
0.01
0.14
0.23
0.13
0.06
0.05
0.37
0.10
0.21
0.07
0.28
0.05
0.14
0.19
0.05
0.23
0.14
0.10
0.21
0.04
0.20
0.11
