GUESS    :WALKING
STARTTIME:1288685093329
ENDTIME  :1288685106779
LOCALSPD :0.0
LONGSPD  :3.6285205
LOCATION :Location[mProvider=network,mTime=1288685083654,mLatitude=55.78149643333334,mLongitude=12.51359045,mHasAltitude=false,mAltitude=0.0,mHasSpeed=false,mSpeed=0.0,mHasBearing=false,mBearing=0.0,mHasAccuracy=true,mAccuracy=61.0,mExtras=Bundle[mParcelledData.dataSize=148]]
ADDRESS :

1.63
1.01
0.83
1.92
1.06
1.23
2.45
0.83
1.61
1.31
1.61
0.60
1.04
1.50
1.81
1.93
6.09
2.71
6.17
2.18
0.76
1.05
1.68
0.35
0.52
1.99
1.96
3.43
6.73
4.29
3.53
2.37
2.22
3.11
1.84
2.72
2.10
3.06
4.09
8.31
5.13
5.60
1.46
1.95
4.11
0.94
4.48
7.31
7.14
6.70
6.28
2.44
2.64
1.08
1.39
1.80
3.83
6.66
2.63
7.38
7.70
3.11
4.29
1.32
1.32
1.84
1.73
3.92
6.91
11.55
1.05
3.94
7.01
1.87
1.32
3.72
3.15
3.68
2.86
9.40
8.34
6.13
4.13
1.27
0.69
2.98
2.38
4.06
6.70
10.07
4.64
4.15
5.26
4.69
1.57
2.87
1.12
4.56
7.01
9.74
6.51
2.68
5.28
1.96
2.45
2.98
1.05
1.59
5.13
7.50
3.70
1.93
1.36
1.31
1.31
0.74
1.58
0.42
0.80
0.15
0.95
0.64
0.84
0.80
0.65
0.68
0.76
0.27
0.45
0.42
0.99
0.38
0.22
0.53
0.25
0.27
0.41
0.26
0.20
0.89
0.42
1.06
0.89
0.46
0.49
0.50
0.20
0.53
0.22
0.97
0.65
0.78
0.46
0.42
0.30
1.25
1.18
0.53
0.72
0.49
0.26
0.19
0.48
0.53
0.76
2.06
1.32
3.23
4.25
1.24
2.41
1.04
2.07
1.62
0.91
1.63
1.27
2.44
1.91
1.72
4.45
4.26
1.92
4.36
1.68
1.99
2.72
1.46
0.87
1.50
2.19
2.49
1.95
2.34
2.04
0.78
2.87
0.76
1.44
1.84
3.47
3.49
0.57
3.26
3.26
5.90
3.64
4.59
0.61
0.61
4.14
1.87
2.03
2.85
2.62
4.41
2.85
4.78
3.96
1.44
1.09
1.42
1.46
2.18
2.04
5.52
13.14
7.01
1.55
3.24
2.08
1.62
2.44
2.34
5.60
2.79
8.09
6.57
8.98
2.42
1.23
1.88
3.70
3.27
4.74
2.23
14.22
8.40
1.66
6.16
2.41
2.29
2.49
5.37
5.08
1.91
