GUESS    :MOVING_SM
STARTTIME:1288683075812
ENDTIME  :1288683089723
LOCALSPD :0.0
LONGSPD  :-1.0
LOCATION :Location[mProvider=network,mTime=1288683074679,mLatitude=55.74958615,mLongitude=12.3767289,mHasAltitude=false,mAltitude=0.0,mHasSpeed=false,mSpeed=0.0,mHasBearing=false,mBearing=0.0,mHasAccuracy=true,mAccuracy=50.0,mExtras=Bundle[mParcelledData.dataSize=148]]
ADDRESS :

0.54
0.50
1.14
0.97
1.23
0.54
0.11
0.80
0.57
0.41
0.16
0.30
0.69
0.38
0.31
0.65
0.34
0.12
0.76
0.60
0.30
0.03
0.11
0.60
0.16
0.27
0.61
0.26
0.18
0.50
0.42
1.18
0.91
0.56
0.33
0.61
0.67
0.52
0.27
0.23
0.99
0.18
0.44
0.35
0.12
0.08
0.23
0.23
0.27
0.22
0.38
0.35
0.23
0.31
0.08
0.26
0.15
0.68
0.27
0.14
0.08
0.20
0.54
0.34
0.38
0.11
0.42
0.39
0.29
0.23
0.14
0.26
0.93
0.72
0.42
0.39
0.31
0.11
0.20
0.14
0.34
0.34
0.39
0.27
0.33
0.27
0.38
0.59
0.99
3.54
1.77
0.60
0.26
0.49
0.95
0.45
0.65
0.22
0.16
0.19
0.15
0.19
0.15
0.04
0.03
0.16
0.27
0.18
0.05
0.03
0.14
0.07
0.34
0.30
0.38
0.23
0.34
0.14
0.16
0.30
0.19
0.16
0.10
0.14
0.11
0.07
0.23
0.16
0.35
0.14
0.14
0.08
0.27
0.23
0.15
0.08
0.14
0.19
0.53
0.25
0.19
0.19
0.15
0.27
0.19
0.20
0.27
0.03
0.10
0.08
0.08
0.15
0.19
0.31
0.65
1.72
0.37
0.80
0.57
0.68
0.22
0.27
0.30
0.15
0.04
0.07
0.49
0.53
1.62
1.77
0.30
0.45
0.25
0.26
0.14
0.22
0.37
0.20
0.20
0.27
0.27
0.23
0.19
0.15
1.39
1.73
2.55
1.53
1.04
0.99
1.33
0.65
0.91
0.76
0.69
0.99
0.52
0.76
0.50
0.23
0.54
0.34
0.34
0.26
1.28
1.18
1.04
1.23
1.01
0.69
0.64
1.12
0.78
0.12
0.91
0.49
0.20
0.30
0.11
0.25
0.68
0.20
0.59
0.48
0.38
0.08
0.11
0.52
0.33
0.33
0.33
0.44
0.12
0.49
0.11
0.20
0.30
0.19
0.25
0.42
0.69
0.30
0.27
0.04
0.04
0.34
0.53
0.46
0.72
0.97
0.23
0.23
0.26
0.03
0.11
0.23
