GUESS    :MOVING_ME
STARTTIME:1288684140368
ENDTIME  :1288684153915
LOCALSPD :2.9450574
LONGSPD  :5.866305
LOCATION :Location[mProvider=network,mTime=1288684148925,mLatitude=55.76474935,mLongitude=12.442146400000002,mHasAltitude=false,mAltitude=0.0,mHasSpeed=false,mSpeed=0.0,mHasBearing=false,mBearing=0.0,mHasAccuracy=true,mAccuracy=60.0,mExtras=Bundle[mParcelledData.dataSize=148]]
ADDRESS :

4.25
1.62
3.42
1.40
3.28
2.97
1.33
4.39
1.23
3.53
1.65
3.79
1.74
2.23
0.99
3.95
2.72
2.79
0.59
1.47
2.75
3.34
1.91
0.57
2.26
2.83
1.61
3.00
5.68
3.38
2.48
3.68
4.59
1.32
1.04
2.57
2.52
2.91
5.37
3.46
3.90
1.91
2.75
2.34
3.11
2.55
7.41
3.79
5.41
2.67
2.94
3.91
2.00
1.04
3.53
1.50
2.68
4.14
4.34
6.43
8.83
0.30
1.01
1.16
3.41
2.60
1.68
2.81
1.73
4.13
1.18
1.38
2.32
1.18
1.33
4.10
2.68
1.54
1.88
4.29
3.77
1.91
2.03
1.50
2.76
2.52
1.65
2.53
1.84
1.42
2.49
2.90
1.93
2.14
4.47
3.45
1.80
2.00
2.56
4.25
2.45
3.13
2.25
4.02
2.18
2.26
3.31
2.32
2.14
1.51
2.60
2.11
3.66
4.59
3.45
2.17
3.72
3.83
3.95
4.17
0.64
0.76
1.04
0.82
0.74
2.19
1.69
2.96
1.35
2.18
2.79
1.46
0.46
1.88
2.11
4.86
4.28
2.94
1.85
1.36
1.50
0.83
1.46
1.23
2.44
3.60
1.12
2.66
4.07
1.35
0.71
2.76
2.60
1.99
2.93
2.11
3.11
4.21
1.27
0.65
1.96
1.09
1.28
1.97
0.57
1.23
3.68
1.10
2.68
3.83
2.59
2.83
0.46
1.18
1.81
1.02
1.58
3.21
2.10
2.62
1.93
2.53
1.61
1.88
1.04
2.72
1.88
1.80
1.76
2.87
1.46
1.84
2.53
2.14
1.69
1.14
1.89
1.96
2.22
0.64
0.78
1.42
1.04
1.18
1.12
1.43
1.87
2.11
1.08
1.72
1.50
1.04
1.58
2.17
1.77
0.74
1.16
2.53
2.04
1.20
2.51
1.77
1.53
1.16
2.07
1.10
2.87
1.69
2.68
1.96
1.78
2.00
1.27
1.57
0.71
0.99
2.18
1.44
2.33
1.20
1.31
1.96
1.08
1.18
0.60
1.06
1.27
2.55
1.38
1.58
1.62
2.22
2.66
1.36
4.03
2.82
