GUESS    :RUNNING
STARTTIME:1288684261082
ENDTIME  :1288684274427
LOCALSPD :3.1799862
LONGSPD  :5.0089993
LOCATION :Location[mProvider=network,mTime=1288684272276,mLatitude=55.765169549999996,mLongitude=12.45167871,mHasAltitude=false,mAltitude=0.0,mHasSpeed=false,mSpeed=0.0,mHasBearing=false,mBearing=0.0,mHasAccuracy=true,mAccuracy=60.0,mExtras=Bundle[mParcelledData.dataSize=148]]
ADDRESS :

4.15
0.06
0.20
0.12
0.21
0.21
0.28
0.23
0.09
0.07
0.31
0.17
0.13
0.01
0.19
0.25
0.37
0.14
0.04
0.06
0.30
0.12
0.07
0.21
0.09
0.12
0.26
0.18
0.51
0.24
0.20
0.10
0.12
0.26
0.18
0.04
0.14
0.05
0.21
0.11
0.12
0.15
0.42
0.11
0.11
0.19
0.10
0.21
0.09
0.06
0.16
0.19
0.20
0.26
0.32
0.33
0.21
0.61
0.26
0.19
0.11
0.20
0.07
0.06
0.16
0.20
0.20
0.18
0.16
0.29
0.06
0.31
0.27
0.30
0.22
0.11
0.18
0.37
0.11
0.15
0.16
0.52
0.16
0.31
0.27
0.23
0.26
0.12
0.25
0.20
0.26
0.13
0.02
0.15
0.25
0.16
0.13
0.12
0.14
0.47
0.20
0.17
0.03
0.03
0.06
0.23
0.17
0.11
0.18
0.19
0.05
0.26
0.33
0.42
0.28
0.19
0.33
0.10
0.30
0.05
0.19
0.11
0.17
0.12
0.11
0.04
0.17
0.27
