GUESS    :IDLE
STARTTIME:1287953679859
ENDTIME  :1287953694698
LOCALSPD :0.0
LONGSPD  :-1.0
LOCATION :org.peterstrand.service.LocationWrapper@449441a0
ADDRESS :

0.08
0.22
0.19
0.12
0.11
0.14
0.04
0.11
0.27
0.19
0.03
0.04
0.15
0.16
0.15
0.07
0.03
0.08
0.15
0.15
0.15
0.04
0.19
0.08
0.15
0.11
0.11
0.04
0.19
0.15
0.07
0.07
0.04
0.11
0.15
0.04
0.19
0.11
0.07
0.07
0.08
0.19
0.23
0.08
0.23
0.39
0.34
0.27
0.27
0.11
0.11
0.12
0.07
0.08
0.19
0.15
0.08
0.11
0.11
0.07
0.04
0.11
0.19
0.19
0.18
0.19
0.12
0.11
0.15
0.18
0.18
0.08
0.11
0.19
0.15
0.11
0.16
0.20
0.19
0.19
0.16
0.07
0.18
0.26
0.16
0.07
0.16
0.15
0.07
0.20
0.15
0.19
0.12
0.16
0.08
0.11
0.07
0.19
0.15
0.11
0.07
0.07
0.12
0.11
0.03
0.11
0.11
0.15
0.15
0.07
0.08
0.12
0.12
0.11
0.15
0.11
0.07
0.12
0.11
0.07
0.12
0.15
0.04
0.15
0.19
0.23
0.16
0.08
0.04
0.08
0.04
0.08
0.04
0.12
0.08
0.08
0.12
0.11
0.11
0.11
0.12
0.15
0.12
0.11
0.08
0.15
0.15
0.12
0.11
0.15
0.15
0.27
0.41
0.27
0.38
0.30
0.19
0.23
0.27
0.15
0.04
0.07
0.23
0.23
0.03
0.11
0.19
0.15
0.07
0.12
0.15
0.08
0.08
0.19
0.23
0.15
0.22
0.30
0.08
0.15
0.16
0.12
0.16
0.15
0.07
0.08
0.15
0.22
0.18
0.15
0.15
0.12
0.11
0.08
0.07
0.11
0.19
0.11
0.04
0.07
0.11
0.16
0.08
0.03
0.07
0.15
0.11
0.12
0.11
0.07
0.12
0.04
0.08
0.11
0.11
0.04
0.03
0.19
0.25
0.08
0.12
0.11
0.11
0.11
0.15
0.19
0.07
0.08
0.19
0.23
0.11
0.15
0.04
0.19
0.08
0.11
0.07
0.14
0.07
0.04
0.08
0.07
0.07
0.18
0.14
0.08
0.07
0.15
0.15
0.10
0.11
0.19
0.04
0.11
0.04
0.20
