GUESS    :IDLE
STARTTIME:1290584030123
ENDTIME  :1290584043566
LOCALSPD :0.0
LONGSPD  :0.0
LOCATION :Location[mProvider=network,mTime=1290584024518,mLatitude=55.749555175,mLongitude=12.376701625,mHasAltitude=false,mAltitude=0.0,mHasSpeed=false,mSpeed=0.0,mHasBearing=false,mBearing=0.0,mHasAccuracy=true,mAccuracy=50.0,mExtras=Bundle[mParcelledData.dataSize=148]]
ADDRESS :

0.15
0.08
0.11
0.19
0.20
0.12
0.12
0.08
0.12
0.08
0.08
0.04
0.04
0.08
0.08
0.08
0.04
0.04
0.12
0.08
0.12
0.04
0.08
0.15
0.19
0.12
0.04
0.08
0.04
0.08
0.04
0.12
0.12
0.12
0.15
0.19
0.19
0.19
0.08
0.04
0.12
0.16
0.08
0.12
0.12
0.15
0.18
0.11
0.18
0.08
0.15
0.07
0.12
0.11
0.08
0.04
0.19
0.15
0.11
0.07
0.16
0.15
0.07
0.19
0.15
0.04
0.23
0.10
0.03
0.03
0.07
0.14
0.08
0.08
0.07
0.11
0.11
0.10
0.04
0.15
0.18
0.08
0.07
0.10
0.03
0.14
0.10
0.14
0.19
0.11
0.04
0.20
0.07
0.30
0.31
0.16
0.19
0.23
0.15
0.22
0.25
0.34
0.37
0.16
0.14
0.03
0.16
0.10
0.07
0.08
0.04
0.12
0.20
0.16
0.08
0.04
0.04
0.12
0.16
0.16
0.04
0.08
0.04
0.04
0.04
0.04
0.16
0.16
0.08
0.20
0.16
0.12
0.03
0.15
0.19
0.15
0.11
0.07
0.08
0.08
0.04
0.12
0.16
0.04
0.12
0.16
0.16
0.08
0.12
0.04
0.15
0.15
0.04
0.08
0.12
0.04
0.04
0.08
0.04
0.08
0.11
0.15
0.12
0.12
0.07
0.11
0.04
0.12
0.08
0.04
0.08
0.08
0.08
0.08
0.08
0.04
0.08
0.08
0.04
0.08
0.15
0.15
0.16
0.08
0.04
0.08
0.27
0.39
0.27
0.41
0.12
0.49
0.19
0.38
0.18
0.52
0.33
0.52
0.23
0.53
0.18
0.22
0.12
0.15
0.08
0.08
0.04
0.25
0.29
0.12
0.20
0.20
0.08
0.12
0.20
0.07
0.30
0.27
0.08
0.16
0.19
0.11
0.16
0.04
0.08
0.04
0.16
0.16
0.08
0.08
0.20
0.14
0.26
0.11
0.20
0.12
0.08
0.20
0.15
0.15
0.07
0.07
0.08
0.07
0.07
0.04
0.03
0.04
0.19
0.12
0.19
0.08
0.07
0.15
0.12
0.04
