GUESS    :MOVING_SM
STARTTIME:1290584408080
ENDTIME  :1290584421469
LOCALSPD :0.0
LONGSPD  :0.009550095
LOCATION :Location[mProvider=network,mTime=1290584385036,mLatitude=55.749883350000005,mLongitude=12.37867885,mHasAltitude=false,mAltitude=0.0,mHasSpeed=false,mSpeed=0.0,mHasBearing=false,mBearing=0.0,mHasAccuracy=true,mAccuracy=75.0,mExtras=Bundle[mParcelledData.dataSize=148]]
ADDRESS :

1.99
3.19
2.12
0.37
1.39
1.08
0.89
1.73
0.98
0.90
2.56
1.08
2.33
3.13
2.64
1.10
0.35
0.80
1.18
0.38
0.84
0.68
0.12
0.69
0.54
0.65
0.42
0.57
0.19
0.44
0.12
0.26
0.19
0.69
0.44
0.38
0.60
0.76
1.14
1.53
2.08
1.91
1.99
5.28
3.26
2.03
1.76
0.61
1.63
0.53
0.93
1.27
1.39
4.34
1.95
3.26
2.48
0.38
2.18
2.10
2.11
2.07
0.34
1.57
2.53
1.76
1.96
1.50
0.91
0.80
1.12
0.54
0.57
0.57
0.84
0.39
0.30
0.80
0.30
0.86
0.52
0.12
0.15
0.20
1.17
0.69
0.35
1.14
1.01
0.78
0.61
0.57
1.83
2.30
1.65
1.18
2.14
1.61
1.38
1.88
1.69
0.38
1.93
1.13
1.95
1.46
2.11
2.29
3.58
3.11
2.11
0.56
0.76
0.53
0.53
0.84
0.80
0.82
0.19
0.65
1.87
2.22
2.53
3.60
2.41
1.27
1.61
0.61
1.66
1.16
1.77
0.68
1.54
0.83
1.36
0.99
0.72
1.02
2.60
1.96
1.61
1.63
1.54
1.04
1.92
1.31
1.65
0.97
0.97
1.24
0.64
0.44
0.46
0.80
1.78
1.08
0.86
3.61
4.69
1.73
2.04
2.14
1.97
0.93
0.61
0.98
0.76
0.89
0.39
0.46
3.09
2.45
5.39
2.62
3.79
1.81
0.57
0.59
0.80
0.30
0.61
0.89
1.01
0.46
0.29
1.47
1.96
2.82
4.36
3.06
2.48
1.95
1.54
1.59
1.73
1.51
2.45
1.29
1.16
2.41
2.10
1.73
2.70
2.17
2.64
0.61
1.85
0.74
3.21
1.57
3.13
1.18
0.46
0.72
0.84
1.02
0.45
0.33
0.53
0.46
0.29
0.30
0.65
0.39
1.12
0.16
0.26
0.86
0.49
0.46
0.46
0.68
0.38
0.91
0.30
0.11
0.15
0.19
0.31
0.65
0.65
0.76
0.79
0.39
0.46
0.30
0.23
0.64
0.50
0.48
0.50
0.20
0.65
0.38
0.50
0.30
