GUESS    :MOVING_SM
STARTTIME:1290584782320
ENDTIME  :1290584795319
LOCALSPD :0.0
LONGSPD  :0.0
LOCATION :Location[mProvider=network,mTime=1290584750890,mLatitude=55.75033425,mLongitude=12.3780307,mHasAltitude=false,mAltitude=0.0,mHasSpeed=false,mSpeed=0.0,mHasBearing=false,mBearing=0.0,mHasAccuracy=true,mAccuracy=89.0,mExtras=Bundle[mParcelledData.dataSize=148]]
ADDRESS :

1.08
0.84
1.65
0.35
1.72
0.12
0.83
0.61
0.42
0.63
0.46
0.84
0.42
0.79
0.39
1.12
1.16
0.61
0.76
2.62
3.72
1.48
3.00
0.50
0.98
1.42
1.57
2.63
1.68
0.53
0.35
0.50
0.86
1.33
1.57
0.84
1.42
0.54
0.53
0.72
0.78
0.54
0.39
0.38
0.57
0.78
0.60
0.78
0.41
0.41
1.13
1.42
0.76
0.82
0.37
0.42
0.23
0.67
1.96
1.16
2.27
0.59
0.26
0.57
0.19
0.91
0.69
0.69
1.46
0.83
0.90
0.79
1.81
1.14
1.18
0.59
0.74
0.38
0.42
0.56
0.12
0.99
0.91
0.84
0.91
0.53
0.38
0.45
0.68
0.33
0.12
0.64
0.45
1.08
0.63
0.57
0.44
0.19
0.34
0.93
0.69
0.50
0.35
1.39
1.04
1.27
0.89
0.20
0.44
1.01
1.58
0.74
0.65
0.57
0.26
0.26
0.53
0.61
0.65
1.48
0.64
1.51
1.12
2.68
0.78
1.06
0.61
0.23
0.39
0.56
0.56
0.69
0.34
0.74
0.50
0.74
0.71
0.35
1.14
0.27
1.08
0.80
0.99
1.58
0.89
0.16
1.23
0.98
0.99
1.87
2.63
2.11
1.65
0.35
0.34
0.50
1.54
1.02
0.45
0.49
1.54
0.69
0.48
0.63
1.02
0.83
1.35
0.53
0.65
1.13
1.06
1.62
0.64
1.58
0.46
0.94
1.72
0.23
1.72
0.69
0.68
1.84
0.72
1.66
1.38
0.98
1.47
0.80
1.21
0.87
1.70
1.18
0.99
1.18
1.04
0.98
1.92
1.33
0.57
1.08
0.69
0.53
0.49
1.76
1.27
1.65
0.49
0.83
1.23
2.11
2.72
3.34
4.00
4.06
2.71
2.07
3.99
3.06
3.51
2.87
2.60
1.02
2.71
1.54
1.68
1.61
1.95
2.71
2.00
2.30
1.92
0.93
0.99
1.40
0.76
0.57
0.75
0.67
0.60
0.57
0.30
0.20
0.26
0.18
0.11
0.27
0.27
0.19
0.08
0.16
0.23
0.15
0.08
0.19
0.19
0.10
