GUESS    :WALKING
STARTTIME:1289325216083
ENDTIME  :1289325228971
LOCALSPD :0.0
LONGSPD  :0.0
LOCATION :Location[mProvider=network,mTime=1289325192315,mLatitude=55.750864750000005,mLongitude=12.37756305,mHasAltitude=false,mAltitude=0.0,mHasSpeed=false,mSpeed=0.0,mHasBearing=false,mBearing=0.0,mHasAccuracy=true,mAccuracy=54.0,mExtras=Bundle[mParcelledData.dataSize=148]]
ADDRESS :

10.65
5.68
10.30
5.82
7.56
4.28
3.20
4.11
4.10
7.89
6.86
5.28
10.39
6.40
4.55
1.69
5.08
8.10
1.62
6.66
6.32
3.17
2.66
11.18
4.60
2.91
3.23
3.41
3.47
2.64
5.69
3.30
5.48
8.89
7.37
1.68
3.49
6.52
6.01
1.31
5.82
8.16
4.94
7.67
6.13
6.05
4.90
3.36
3.57
2.68
3.90
7.65
2.02
8.09
6.59
5.78
1.65
4.40
7.86
3.60
5.92
10.49
3.45
1.68
9.56
7.16
2.30
3.62
4.58
5.18
2.56
4.54
1.47
6.77
6.62
5.75
1.65
3.06
6.43
6.63
4.74
4.17
9.62
3.91
12.27
5.75
3.94
4.70
2.79
4.34
3.26
5.07
6.17
2.85
8.35
6.48
4.09
1.43
4.33
8.17
3.83
9.58
9.29
6.70
7.94
8.85
7.70
2.94
3.53
5.18
3.88
6.59
8.16
3.20
6.65
7.30
5.79
2.25
2.30
6.05
11.37
9.75
12.52
4.44
6.13
10.26
8.01
3.46
3.05
3.79
2.83
4.97
6.55
2.42
5.03
5.48
4.33
1.10
3.72
4.59
5.24
2.45
6.44
10.34
4.03
13.74
9.00
1.96
2.83
2.52
3.70
3.21
4.44
5.37
4.86
12.42
7.21
3.45
2.22
5.07
7.14
2.04
7.19
7.93
7.25
10.77
6.55
6.95
4.07
2.78
3.83
4.63
5.63
7.70
3.60
7.01
4.29
5.54
0.61
5.01
6.13
2.68
4.60
9.11
4.06
4.02
9.30
7.12
2.83
3.00
3.95
4.06
3.45
6.86
3.26
2.72
8.44
6.47
2.57
2.11
3.95
5.58
3.88
8.14
9.11
4.30
7.82
5.26
4.22
3.80
2.17
3.69
4.34
5.60
8.54
3.12
3.84
4.67
5.13
1.04
5.72
7.23
2.68
5.95
6.67
6.16
4.02
8.58
2.37
5.05
4.88
3.57
2.90
2.71
4.26
1.14
4.28
9.38
7.04
1.55
3.76
6.02
7.06
4.44
7.95
6.36
2.25
11.82
4.44
3.75
4.32
3.12
4.18
1.46
4.79
8.59
