GUESS    :WALKING
STARTTIME:1289325255254
ENDTIME  :1289325268162
LOCALSPD :0.0
LONGSPD  :0.0
LOCATION :Location[mProvider=network,mTime=1289325252374,mLatitude=55.75025898333333,mLongitude=12.377377350000001,mHasAltitude=false,mAltitude=0.0,mHasSpeed=false,mSpeed=0.0,mHasBearing=false,mBearing=0.0,mHasAccuracy=true,mAccuracy=60.0,mExtras=Bundle[mParcelledData.dataSize=148]]
ADDRESS :

5.59
0.27
0.46
0.40
0.15
0.16
0.22
0.14
0.27
0.11
0.10
0.21
0.54
0.63
0.24
0.12
0.20
0.31
0.12
0.14
0.10
0.04
0.34
0.49
0.22
1.51
0.17
0.24
0.04
0.13
0.07
0.16
0.26
0.04
0.14
0.19
0.08
0.23
0.19
0.17
0.18
0.10
0.10
0.09
0.07
0.09
0.15
0.27
0.04
0.20
0.76
0.20
0.15
0.14
0.21
0.14
0.06
0.04
0.16
0.13
0.36
0.24
0.51
0.35
0.38
0.25
0.14
0.12
0.20
0.24
0.32
0.50
0.44
0.34
0.14
1.31
0.28
0.44
0.35
0.18
0.21
0.16
0.24
0.02
0.21
0.34
0.25
0.42
0.31
0.16
0.10
0.01
0.13
0.12
0.08
0.28
0.43
0.08
0.08
0.28
0.60
0.29
0.32
0.21
0.60
0.25
0.16
0.28
0.14
0.10
0.30
0.08
0.20
0.07
0.07
0.26
0.19
0.22
0.14
0.10
0.34
0.28
0.12
0.22
0.21
0.11
0.17
0.30
