GUESS    :MOVING_ME
STARTTIME:1289664171046
ENDTIME  :1289664183872
LOCALSPD :NaN
LONGSPD  :-1.0
LOCATION :Location[mProvider=network,mTime=1289664118283,mLatitude=55.7302774,mLongitude=12.4036052,mHasAltitude=false,mAltitude=0.0,mHasSpeed=false,mSpeed=0.0,mHasBearing=false,mBearing=0.0,mHasAccuracy=true,mAccuracy=75.0,mExtras=Bundle[mParcelledData.dataSize=148]]
ADDRESS :

1.73
1.06
1.67
0.67
0.58
0.67
0.21
0.61
0.10
0.08
0.11
0.42
0.18
0.50
0.19
0.33
0.25
0.17
0.15
0.12
0.27
0.21
0.29
0.28
0.14
0.29
0.29
0.22
0.42
0.04
0.31
0.11
0.17
0.11
0.17
0.14
0.15
0.19
0.03
0.16
0.10
0.21
0.03
0.17
0.16
0.18
0.18
0.18
0.07
0.08
0.15
0.27
0.16
0.25
0.20
0.20
0.09
0.12
0.08
0.07
0.26
0.10
0.17
0.10
0.19
0.02
0.01
0.16
0.14
0.22
0.11
0.12
0.04
0.15
0.08
0.29
0.20
0.20
0.11
0.27
0.11
0.20
0.15
0.07
0.07
0.02
0.23
0.08
0.22
0.22
0.22
0.24
0.13
0.03
0.12
0.07
0.08
0.06
0.12
0.14
0.11
0.22
0.23
0.21
0.16
0.14
0.11
0.17
0.14
0.13
0.09
0.12
0.07
0.12
0.05
0.15
0.15
0.15
0.19
0.19
0.18
0.12
0.13
0.03
0.04
0.16
0.21
0.24
