GUESS    :MOVING_ME
STARTTIME:1289664171046
ENDTIME  :1289664183872
LOCALSPD :NaN
LONGSPD  :-1.0
LOCATION :Location[mProvider=network,mTime=1289664118283,mLatitude=55.7302774,mLongitude=12.4036052,mHasAltitude=false,mAltitude=0.0,mHasSpeed=false,mSpeed=0.0,mHasBearing=false,mBearing=0.0,mHasAccuracy=true,mAccuracy=75.0,mExtras=Bundle[mParcelledData.dataSize=148]]
ADDRESS :

13.91
0.76
1.27
0.84
0.87
1.38
0.80
1.48
0.53
0.68
2.48
1.61
1.78
2.51
5.30
4.81
3.17
8.61
6.59
4.86
10.27
3.41
5.95
6.70
9.04
5.84
7.86
2.66
5.91
5.57
5.90
0.42
2.60
6.51
9.72
7.67
7.10
8.89
7.65
4.28
5.42
1.81
0.97
2.37
2.60
5.20
3.28
2.79
2.91
1.27
0.75
0.76
0.64
0.35
0.53
2.79
2.57
1.72
1.80
1.57
2.11
2.26
1.44
1.58
2.45
3.68
2.18
2.32
3.35
0.89
0.53
1.61
0.91
0.61
1.23
0.68
0.50
1.91
0.27
0.57
0.91
0.97
1.18
0.30
1.42
1.10
1.58
0.68
0.80
0.90
0.50
0.87
0.15
1.17
0.95
1.14
1.08
1.46
1.27
1.16
0.91
0.74
1.38
0.33
1.65
1.31
0.94
0.49
0.61
0.49
1.39
0.93
1.01
0.61
0.61
0.50
0.61
0.38
1.20
0.80
1.16
1.42
1.29
1.50
1.08
0.90
1.35
1.28
1.61
3.11
2.90
2.86
1.73
1.92
1.99
1.66
8.61
8.53
5.01
6.17
4.79
2.29
1.13
3.17
2.64
4.06
3.34
1.96
1.57
3.38
1.32
0.82
1.78
0.75
0.78
1.80
1.16
0.76
1.77
0.61
1.09
1.51
1.72
0.94
1.62
0.99
1.23
0.61
0.37
0.27
0.08
0.49
0.65
1.55
1.80
3.05
0.98
1.17
2.87
1.14
2.49
2.64
0.38
0.87
0.54
0.94
0.80
0.76
0.42
0.39
0.22
0.22
0.08
0.19
0.18
0.07
0.08
0.08
0.12
0.67
0.16
0.38
0.03
0.04
0.19
0.19
0.11
0.08
0.12
0.12
0.04
0.16
0.08
0.16
0.12
0.07
0.10
0.07
0.11
0.03
0.03
0.11
0.10
0.07
0.08
0.08
0.08
0.16
0.04
0.33
0.20
0.04
0.08
0.12
0.31
0.19
0.25
0.41
0.69
0.54
0.50
0.27
0.57
0.39
0.72
0.57
0.46
0.53
0.50
0.22
0.50
0.59
0.64
0.16
0.42
0.38
