GUESS    :MOVING_ME
STARTTIME:1289664531043
ENDTIME  :1289664543852
LOCALSPD :0.0
LONGSPD  :0.0
LOCATION :Location[mProvider=network,mTime=1289664501736,mLatitude=55.7302774,mLongitude=12.4036052,mHasAltitude=false,mAltitude=0.0,mHasSpeed=false,mSpeed=0.0,mHasBearing=false,mBearing=0.0,mHasAccuracy=true,mAccuracy=75.0,mExtras=Bundle[mParcelledData.dataSize=148]]
ADDRESS :

1.59
1.42
0.97
0.85
0.28
0.40
0.61
0.81
0.46
0.48
0.49
0.12
0.31
0.05
0.27
0.38
0.52
0.54
0.56
0.58
0.66
0.51
0.60
0.71
0.42
0.63
0.55
0.51
0.41
0.39
0.44
0.17
0.23
0.18
0.24
0.26
0.26
0.44
0.47
0.35
0.32
0.33
0.27
0.40
0.44
0.49
0.33
0.35
0.29
0.16
0.11
0.08
0.08
0.21
0.16
0.08
0.08
0.14
0.19
0.33
0.39
0.36
0.24
0.28
0.14
0.18
0.21
0.15
0.24
0.22
0.16
0.06
0.07
0.01
0.07
0.03
0.06
0.12
0.17
0.10
0.27
0.23
0.15
0.21
0.15
0.11
0.16
0.06
0.09
0.10
0.16
0.09
0.19
0.05
0.15
0.17
0.01
0.06
0.11
0.12
0.06
0.06
0.16
0.04
0.05
0.09
0.19
0.09
0.10
0.12
0.02
0.10
0.11
0.09
0.06
0.06
0.01
0.03
0.14
0.05
0.05
0.10
0.04
0.04
0.08
0.08
0.11
0.07
