GUESS    :MOVING_ME
STARTTIME:1289664583094
ENDTIME  :1289664596422
LOCALSPD :0.0
LONGSPD  :0.0
LOCATION :Location[mProvider=network,mTime=1289664591777,mLatitude=55.7302774,mLongitude=12.4036052,mHasAltitude=false,mAltitude=0.0,mHasSpeed=false,mSpeed=0.0,mHasBearing=false,mBearing=0.0,mHasAccuracy=true,mAccuracy=75.0,mExtras=Bundle[mParcelledData.dataSize=148]]
ADDRESS :

2.15
1.22
0.99
1.12
0.74
0.95
0.59
0.73
0.55
0.20
0.57
0.36
0.23
0.45
0.09
0.15
0.26
0.31
0.25
0.18
0.54
0.73
0.32
0.21
0.31
0.10
0.33
0.15
0.25
0.11
0.23
0.06
0.08
0.15
0.21
0.23
0.18
0.18
0.28
0.20
0.18
0.32
0.22
0.20
0.11
0.31
0.14
0.21
0.19
0.04
0.05
0.24
0.13
0.18
0.21
0.14
0.14
0.09
0.09
0.13
0.05
0.19
0.04
0.14
0.28
0.22
0.16
0.28
0.22
0.27
0.10
0.12
0.28
0.26
0.27
0.06
0.13
0.09
0.09
0.14
0.17
0.13
0.11
0.11
0.13
0.11
0.14
0.10
0.24
0.11
0.14
0.17
0.12
0.24
0.35
0.31
0.30
0.25
0.35
0.30
0.30
0.21
0.18
0.25
0.22
0.25
0.14
0.17
0.12
0.15
0.08
0.09
0.05
0.03
0.13
0.08
0.07
0.19
0.33
0.14
0.09
0.16
0.15
0.14
0.09
0.21
0.18
0.01
