GUESS    :MOVING_SM
STARTTIME:1288777611797
ENDTIME  :1288777625552
LOCALSPD :0.0
LONGSPD  :-1.0
LOCATION :Location[mProvider=network,mTime=1288777619010,mLatitude=55.74958026666667,mLongitude=12.376720666666666,mHasAltitude=false,mAltitude=0.0,mHasSpeed=false,mSpeed=0.0,mHasBearing=false,mBearing=0.0,mHasAccuracy=true,mAccuracy=50.0,mExtras=Bundle[mParcelledData.dataSize=148]]
ADDRESS :

0.23
0.19
0.23
0.12
0.31
0.42
0.26
0.12
0.12
0.35
0.27
0.08
0.07
0.11
0.12
0.16
0.20
0.08
0.20
0.16
0.30
0.30
0.23
0.20
0.11
0.19
0.18
0.14
0.25
0.35
0.23
0.26
0.08
0.19
0.08
0.08
0.20
0.16
0.11
0.04
0.03
0.20
0.23
0.18
0.23
0.16
0.11
0.33
0.19
0.34
0.27
0.31
0.12
0.16
0.08
0.26
0.31
0.19
0.07
0.23
0.12
0.18
0.26
0.12
0.08
0.08
0.16
0.25
0.16
0.04
0.11
0.11
0.08
0.19
0.12
0.23
0.25
0.04
0.07
0.07
0.19
0.11
0.08
0.07
0.12
0.18
0.22
0.08
0.15
0.16
0.08
0.25
0.11
0.23
0.19
0.04
0.15
0.16
0.18
0.22
0.11
0.14
0.22
0.15
0.08
0.12
0.11
0.12
0.15
0.18
0.18
0.23
0.44
0.19
0.49
0.37
0.25
0.18
0.39
0.39
0.78
0.61
0.74
1.06
0.42
0.49
0.35
0.45
0.34
0.45
0.56
0.23
0.20
0.23
0.27
0.23
0.16
0.20
0.30
0.22
0.08
0.19
0.08
0.31
0.45
0.18
0.19
0.25
0.11
0.11
0.31
0.12
0.35
0.30
0.12
0.16
0.23
0.39
0.34
0.11
0.30
0.49
0.22
0.16
0.08
0.10
0.26
0.23
0.18
0.10
0.27
0.42
0.87
0.12
3.23
0.54
2.07
4.43
2.45
3.57
0.84
2.94
2.11
1.61
4.41
0.68
2.36
2.56
0.79
0.53
1.16
1.21
1.53
1.23
0.63
0.80
1.65
1.27
0.57
0.23
1.18
0.99
0.31
0.39
0.50
0.08
0.12
0.04
0.12
0.15
0.15
0.16
0.16
0.11
0.15
0.16
0.04
0.19
0.15
0.08
0.08
0.16
0.08
0.04
0.04
0.12
0.08
0.08
0.08
0.04
0.04
0.08
0.12
0.04
0.07
0.15
0.16
0.12
0.04
0.11
0.15
0.04
0.04
0.08
0.11
0.15
0.20
0.12
0.08
0.04
0.04
0.04
0.04
0.03
0.03
0.07
