GUESS    :WALKING
STARTTIME:1289992123793
ENDTIME  :1289992136692
LOCALSPD :0.0
LONGSPD  :0.0
LOCATION :Location[mProvider=network,mTime=1289992088238,mLatitude=51.2459421,mLongitude=4.4184351,mHasAltitude=false,mAltitude=0.0,mHasSpeed=false,mSpeed=0.0,mHasBearing=false,mBearing=0.0,mHasAccuracy=true,mAccuracy=75.0,mExtras=Bundle[mParcelledData.dataSize=148]]
ADDRESS :

2.78
0.52
0.20
0.36
0.30
0.27
0.09
0.17
0.09
0.14
0.01
0.19
0.08
0.12
0.10
0.16
0.14
0.14
0.26
0.33
0.12
0.26
1.29
0.45
0.18
0.19
0.14
0.12
0.02
0.14
0.13
0.01
0.18
0.18
0.22
0.19
0.13
0.09
0.10
0.16
0.10
0.14
0.04
0.14
0.21
0.24
0.15
0.04
0.08
0.11
0.14
0.02
0.21
0.08
0.01
0.03
0.20
0.11
0.07
0.10
0.14
0.16
0.06
0.04
0.03
0.25
0.05
0.33
0.29
0.28
0.13
0.22
0.05
0.11
0.12
0.13
0.16
0.05
0.19
0.09
0.15
0.20
0.16
0.32
0.16
0.08
0.01
0.14
0.11
0.19
0.21
0.43
0.27
0.06
0.20
0.15
0.09
0.03
0.15
0.14
0.16
0.19
0.16
0.16
0.21
0.11
0.17
0.06
0.08
0.18
0.12
0.07
0.12
0.10
0.18
0.30
0.19
0.21
0.14
0.12
0.18
0.35
0.38
0.21
0.28
0.15
0.06
0.07
