GUESS    :MOVING_SM
STARTTIME:1288602500867
ENDTIME  :1288602514705
LOCALSPD :-1.0
LONGSPD  :-1.0
LOCATION :Location[mProvider=network,mTime=1288602459601,mLatitude=55.78248688333333,mLongitude=12.514042766666668,mHasAltitude=false,mAltitude=0.0,mHasSpeed=false,mSpeed=0.0,mHasBearing=false,mBearing=0.0,mHasAccuracy=true,mAccuracy=53.0,mExtras=Bundle[mParcelledData.dataSize=148]]
ADDRESS :

0.26
0.20
0.14
0.26
0.26
0.21
0.12
0.24
0.25
0.17
0.13
0.20
0.23
0.07
0.09
0.20
0.15
0.04
0.11
0.16
0.10
0.01
0.13
0.12
0.06
0.08
0.12
0.11
0.04
0.10
0.12
0.10
0.04
0.09
0.13
0.07
0.05
0.11
0.09
0.06
0.07
0.08
0.08
0.09
0.09
0.04
0.08
0.11
0.09
0.04
0.09
0.12
0.11
0.03
0.09
0.13
0.11
0.02
0.09
0.14
0.11
0.02
0.09
0.13
0.10
0.03
0.09
0.12
0.12
0.04
0.07
0.13
0.13
0.03
0.06
0.14
0.11
0.05
0.08
0.13
0.13
0.03
0.07
0.13
0.12
0.03
0.08
0.13
0.09
0.02
0.10
0.12
0.06
0.05
0.12
0.10
0.04
0.09
0.12
0.09
0.03
0.11
0.14
0.08
0.04
0.12
0.14
0.05
0.05
0.14
0.13
0.04
0.08
0.14
0.12
0.03
0.09
0.13
0.09
0.03
0.09
0.12
0.09
0.04
0.08
0.10
0.06
0.06
