GUESS    :WALKING
STARTTIME:1289393792179
ENDTIME  :1289393805038
LOCALSPD :0.0
LONGSPD  :0.0
LOCATION :Location[mProvider=network,mTime=1289393777755,mLatitude=55.782497189999994,mLongitude=12.513933250000001,mHasAltitude=false,mAltitude=0.0,mHasSpeed=false,mSpeed=0.0,mHasBearing=false,mBearing=0.0,mHasAccuracy=true,mAccuracy=53.0,mExtras=Bundle[mParcelledData.dataSize=148]]
ADDRESS :

2.14
8.19
14.72
10.80
10.77
4.49
4.18
9.58
23.48
18.92
14.52
8.72
16.52
9.30
9.68
2.02
2.49
1.76
9.58
4.74
4.99
5.34
10.46
8.28
10.65
9.32
6.35
2.30
13.02
27.13
29.57
13.91
19.34
7.19
5.37
6.35
3.91
2.00
4.88
5.60
3.72
2.49
6.05
11.06
8.14
9.08
10.91
5.08
3.72
20.58
7.07
22.77
19.08
21.67
7.60
7.42
6.36
4.14
1.69
5.83
5.34
3.46
0.76
6.76
10.86
8.72
9.94
10.95
4.33
7.06
26.94
19.18
15.36
5.76
12.79
8.20
12.95
3.95
0.76
2.62
9.32
3.98
4.48
7.97
14.37
7.82
11.44
12.01
6.52
5.60
22.71
3.38
17.20
15.87
19.65
8.09
7.85
6.55
4.59
2.03
8.08
4.18
3.87
4.24
9.07
10.04
11.65
8.31
7.79
2.14
12.95
25.89
28.00
17.08
14.14
8.10
5.58
9.97
4.44
1.48
3.13
8.31
3.26
4.55
8.65
13.53
7.08
10.86
11.65
4.84
4.90
19.22
8.55
22.36
18.84
17.92
8.34
6.20
5.05
3.83
2.64
5.76
3.34
3.12
3.51
6.74
10.83
10.23
7.65
8.81
4.78
11.09
27.30
28.49
18.96
5.56
10.95
8.28
13.29
3.53
0.68
2.00
9.08
4.70
4.48
10.11
13.81
6.86
10.00
10.46
5.63
6.28
24.52
8.44
12.26
8.69
19.00
8.80
10.79
3.47
1.46
0.78
8.84
5.37
6.02
5.38
9.22
9.55
9.89
8.23
5.09
2.96
12.30
25.43
30.54
19.19
6.36
8.01
7.82
11.26
4.18
1.47
3.13
7.04
3.87
3.21
8.36
10.35
6.63
8.50
11.29
5.07
4.25
19.07
7.35
16.93
10.53
15.12
8.36
10.99
5.11
4.07
2.04
5.78
6.29
3.98
6.52
7.23
8.44
10.77
7.55
7.35
1.54
11.54
27.20
29.73
17.43
4.45
7.61
6.12
9.00
5.64
3.26
2.03
7.68
4.75
2.93
6.02
8.05
9.28
9.32
4.06
0.35
4.73
17.86
4.64
