GUESS    :WALKING
STARTTIME:1288698303876
ENDTIME  :1288698317135
LOCALSPD :0.0
LONGSPD  :-1.0
LOCATION :Location[mProvider=network,mTime=1288698312041,mLatitude=55.782704833333334,mLongitude=12.512962433333334,mHasAltitude=false,mAltitude=0.0,mHasSpeed=false,mSpeed=0.0,mHasBearing=false,mBearing=0.0,mHasAccuracy=true,mAccuracy=88.0,mExtras=Bundle[mParcelledData.dataSize=148]]
ADDRESS :

6.46
3.85
1.47
0.29
0.68
0.17
0.47
0.60
0.52
0.67
0.44
0.32
3.68
2.84
0.52
0.66
0.58
0.54
0.56
0.36
0.97
0.54
0.36
0.56
1.16
2.08
1.72
0.79
0.83
0.35
0.16
0.25
0.62
0.17
0.53
0.56
0.73
0.50
1.08
0.85
0.11
0.34
0.28
0.59
0.12
0.16
0.28
0.14
0.67
0.22
0.78
0.76
0.23
0.35
0.19
0.24
0.26
0.16
0.34
0.13
0.30
0.28
0.73
0.41
0.54
0.19
0.66
0.48
0.14
0.49
0.43
0.35
0.39
0.65
0.53
0.46
0.88
0.30
0.34
0.34
0.25
0.13
0.28
0.13
0.17
0.35
0.46
0.70
0.40
0.37
0.30
0.33
0.24
0.25
0.19
0.39
0.32
0.27
0.42
0.59
0.02
0.54
0.41
0.29
0.51
0.12
0.16
0.28
0.22
0.33
0.28
0.54
0.12
0.68
0.77
0.49
0.23
0.63
0.18
0.43
0.39
0.56
0.29
0.73
0.43
0.19
0.64
1.13
