GUESS    :IDLE
STARTTIME:1288698541785
ENDTIME  :1288698556094
LOCALSPD :0.0
LONGSPD  :0.0
LOCATION :Location[mProvider=network,mTime=1288698554519,mLatitude=55.78251023,mLongitude=12.51395238,mHasAltitude=false,mAltitude=0.0,mHasSpeed=false,mSpeed=0.0,mHasBearing=false,mBearing=0.0,mHasAccuracy=true,mAccuracy=53.0,mExtras=Bundle[mParcelledData.dataSize=148]]
ADDRESS :

0.11
0.03
0.07
0.08
0.12
0.04
0.12
0.08
0.15
0.15
0.04
0.08
0.08
0.07
0.03
0.04
0.04
0.11
0.07
0.08
0.16
0.08
0.04
0.07
0.03
0.08
0.08
0.04
0.08
0.08
0.08
0.04
0.08
0.08
0.08
0.12
0.08
0.12
0.03
0.04
0.03
0.08
0.04
0.15
0.11
0.04
0.04
0.12
0.04
0.07
0.11
0.08
0.03
0.15
0.04
0.04
0.04
0.04
0.04
0.04
0.08
0.04
0.08
0.04
0.08
0.04
0.04
0.11
0.03
0.04
0.03
0.07
0.04
0.08
0.16
0.15
0.07
0.12
0.04
0.04
0.04
0.07
0.15
0.12
0.08
0.12
0.12
0.12
0.04
0.12
0.12
0.08
0.12
0.16
0.08
0.08
0.04
0.04
0.04
0.08
0.04
0.08
0.08
0.16
0.15
0.03
0.12
0.12
0.04
0.04
0.04
0.04
0.12
0.08
0.16
0.50
0.30
0.15
0.07
0.19
0.07
0.46
0.19
0.29
0.45
0.03
0.61
0.23
0.39
0.16
0.31
0.04
0.35
0.04
0.54
0.31
0.19
0.38
0.26
0.35
0.35
0.26
0.18
0.08
0.12
0.14
0.42
0.11
0.27
0.26
0.16
0.53
0.15
0.35
0.11
0.14
0.31
0.23
0.27
0.35
0.54
0.23
0.15
0.22
0.05
0.12
0.12
0.08
0.23
0.07
0.25
0.25
0.16
0.16
0.08
0.12
0.07
0.15
0.08
0.12
0.31
0.08
0.50
0.35
0.07
0.11
0.22
0.08
0.08
0.23
0.27
0.07
0.07
0.08
0.12
0.08
0.29
0.27
0.15
0.18
0.16
0.12
0.19
0.07
0.16
0.12
0.19
0.07
0.15
0.04
0.03
0.15
0.18
0.07
0.16
0.23
0.04
0.15
0.08
0.16
0.08
0.12
0.20
0.08
0.08
0.08
0.08
0.08
0.16
0.04
0.12
0.04
0.08
0.08
0.04
0.08
0.08
0.16
0.12
0.12
0.16
0.04
0.08
0.08
0.04
0.04
0.19
0.04
0.15
0.04
0.08
0.12
0.12
0.04
0.08
0.16
