GUESS    :MOVING_SM
STARTTIME:1290346870235
ENDTIME  :1290346883890
LOCALSPD :0.0
LONGSPD  :-1.0
LOCATION :Location[mProvider=network,mTime=1290346866536,mLatitude=55.74957875,mLongitude=12.376729950000001,mHasAltitude=false,mAltitude=0.0,mHasSpeed=false,mSpeed=0.0,mHasBearing=false,mBearing=0.0,mHasAccuracy=true,mAccuracy=50.0,mExtras=Bundle[mParcelledData.dataSize=148]]
ADDRESS :

0.08
0.04
0.11
0.11
0.15
0.26
0.23
0.08
0.15
0.15
0.23
0.15
0.42
0.33
0.38
0.20
0.16
0.15
0.11
0.26
0.19
0.37
0.37
0.19
0.12
0.23
0.30
0.30
0.14
0.35
0.22
0.05
0.10
0.22
0.16
0.34
0.10
0.11
0.16
0.11
0.18
0.23
0.11
0.42
0.38
0.50
1.35
0.76
0.54
0.67
0.50
0.38
0.75
0.37
1.18
1.20
0.78
0.90
0.72
0.60
0.86
0.83
1.23
0.80
0.41
0.61
0.41
0.49
0.80
1.18
0.80
0.26
0.61
0.68
0.87
0.91
0.80
0.84
0.19
0.33
0.41
0.38
0.31
0.12
0.42
0.54
0.38
0.12
0.35
0.27
0.20
0.23
0.74
0.38
0.84
1.01
1.08
0.20
0.41
0.53
0.57
1.20
1.13
0.39
0.68
0.46
0.34
0.22
0.41
0.59
0.78
1.18
1.68
1.18
0.69
1.16
1.33
1.29
1.27
1.33
0.69
0.75
0.65
0.60
0.23
0.57
1.12
0.86
1.31
0.67
0.99
1.57
0.61
0.22
0.19
0.63
0.30
0.19
0.15
0.11
0.25
0.33
0.11
0.12
0.34
0.39
0.52
0.35
0.19
0.38
0.65
0.72
0.57
0.37
0.08
0.27
0.20
0.11
0.11
0.23
0.23
0.11
0.19
0.15
0.19
0.04
0.08
0.11
0.23
0.14
0.19
0.08
0.15
0.03
0.16
0.23
0.08
0.15
0.19
0.11
0.25
0.54
0.38
0.11
0.19
0.12
0.11
0.12
0.12
0.33
0.46
0.34
0.26
0.38
0.19
0.34
0.08
0.19
0.19
0.23
0.27
0.18
0.18
0.12
0.08
0.12
0.19
0.26
0.11
0.11
0.07
0.08
0.15
0.15
0.19
0.11
0.23
0.34
0.12
0.14
0.04
0.26
0.15
0.15
0.11
0.12
0.11
0.11
0.11
0.23
0.04
0.08
0.20
0.08
0.04
0.07
0.15
0.16
0.08
0.12
0.08
0.12
0.04
0.04
0.30
0.54
0.31
0.16
0.08
0.08
0.04
0.08
0.15
0.23
0.31
0.08
