GUESS    :MOVING_SM
STARTTIME:1288114762880
ENDTIME  :1288114776967
LOCALSPD :-1.0
LONGSPD  :-1.0
LOCATION :Location[mProvider=network,mTime=1288114763860,mLatitude=55.78250246666667,mLongitude=12.514005544444444,mHasAltitude=false,mAltitude=0.0,mHasSpeed=false,mSpeed=0.0,mHasBearing=false,mBearing=0.0,mHasAccuracy=true,mAccuracy=53.0,mExtras=Bundle[mParcelledData.dataSize=148]]
ADDRESS :

1.05
0.74
0.67
0.52
0.11
0.30
0.15
0.35
0.27
0.53
0.49
0.35
0.23
0.53
0.11
0.38
0.71
0.26
0.23
0.27
0.29
0.49
0.41
0.29
0.56
0.38
0.35
0.27
0.25
0.25
0.23
0.19
0.26
0.19
0.23
0.26
0.42
0.39
0.75
0.34
0.08
0.34
0.12
0.19
0.27
0.39
0.15
0.15
0.11
0.18
0.15
0.30
0.10
0.20
0.04
0.34
0.46
1.46
0.91
0.72
0.42
0.79
0.23
0.49
0.54
0.22
0.20
0.10
0.14
0.20
0.64
0.75
0.15
0.19
0.15
0.34
0.64
0.76
0.75
0.34
0.27
0.34
0.31
0.57
0.64
1.05
0.25
0.53
0.16
0.03
0.12
0.12
0.16
0.18
0.50
0.68
0.57
0.65
0.68
0.12
0.49
0.31
0.08
0.08
0.12
0.08
0.08
0.34
0.08
0.08
0.16
0.16
0.27
0.22
0.11
0.15
0.15
0.11
0.14
0.22
0.04
0.11
0.04
0.15
0.16
0.12
0.15
0.07
0.15
0.19
0.23
0.15
0.18
0.04
0.11
0.08
0.16
0.10
0.15
0.08
0.12
0.08
0.08
0.15
0.08
0.19
0.19
0.16
0.12
0.16
0.20
0.11
0.19
0.44
0.31
0.11
0.16
0.08
0.03
0.15
0.15
0.14
0.05
0.04
0.11
0.12
0.30
0.19
0.18
0.15
0.12
0.27
0.27
0.23
0.23
0.19
0.12
0.19
0.12
0.31
0.20
0.25
0.16
0.08
0.08
0.11
0.27
0.39
0.23
0.11
0.11
0.08
0.08
0.11
0.11
0.16
0.19
0.23
0.12
0.08
0.04
0.12
0.16
0.12
0.12
0.19
0.11
0.08
0.20
0.12
0.07
0.03
0.04
0.04
0.11
0.14
0.44
0.52
1.80
1.91
1.18
0.56
0.45
0.48
0.31
0.19
0.12
0.15
0.69
0.37
0.61
0.35
0.34
0.29
0.23
0.61
0.31
1.32
0.89
0.64
0.42
0.16
0.31
0.16
0.12
0.27
0.30
0.22
0.38
0.34
0.12
0.89
1.02
0.68
0.61
0.78
