GUESS    :MOVING_ME
STARTTIME:1287732015202
ENDTIME  :1287732029753
LOCATION :Location[mProvider=network,mTime=1287732015534,mLatitude=55.78184073,mLongitude=12.51377482,mHasAltitude=false,mAltitude=0.0,mHasSpeed=false,mSpeed=0.0,mHasBearing=false,mBearing=0.0,mHasAccuracy=true,mAccuracy=61.0,mExtras=Bundle[mParcelledData.dataSize=148]]
ADDRESS :

1.07
1.52
0.46
0.78
1.32
1.12
0.47
0.20
0.51
0.47
0.22
0.08
0.33
0.41
0.25
0.10
0.43
0.56
0.42
0.12
0.20
0.41
0.46
0.33
0.17
0.39
0.51
0.35
0.21
0.51
0.61
0.39
0.11
0.42
0.55
0.41
0.13
0.15
0.30
0.29
0.17
0.02
0.15
0.20
0.16
0.10
0.20
0.25
0.19
0.11
0.22
0.29
0.23
0.12
0.19
0.28
0.25
0.14
0.17
0.24
0.24
0.17
0.18
0.22
0.21
0.14
0.17
0.24
0.24
0.14
0.02
0.16
0.24
0.24
0.16
0.04
0.22
0.29
0.21
0.07
0.24
0.31
0.22
0.04
0.21
0.29
0.23
0.10
0.08
0.17
0.22
0.19
0.10
0.04
0.14
0.17
0.15
0.14
0.11
0.06
0.05
0.14
0.20
0.19
0.10
0.07
0.21
0.24
0.15
0.04
0.11
0.08
0.03
0.14
0.15
0.08
0.11
0.16
0.12
0.01
0.10
0.11
0.04
0.07
0.13
0.12
0.09
0.10
