GUESS    :IDLE
STARTTIME:1289988411482
ENDTIME  :1289988424960
LOCALSPD :0.0
LONGSPD  :0.0
LOCATION :Location[mProvider=network,mTime=1289988396118,mLatitude=51.246287800000005,mLongitude=4.417343,mHasAltitude=false,mAltitude=0.0,mHasSpeed=false,mSpeed=0.0,mHasBearing=false,mBearing=0.0,mHasAccuracy=true,mAccuracy=75.0,mExtras=Bundle[mParcelledData.dataSize=148]]
ADDRESS :

0.19
0.27
0.27
0.08
0.50
0.16
0.08
0.12
0.19
0.15
0.12
0.10
0.22
0.33
0.19
0.15
0.23
0.11
0.04
0.08
0.07
0.07
0.16
0.23
0.07
0.12
0.23
0.12
0.08
0.12
0.15
0.19
0.08
0.15
0.12
0.08
0.20
0.26
0.15
0.11
0.11
0.15
0.19
0.14
0.26
0.12
0.11
0.15
0.27
0.30
0.18
0.15
0.15
0.11
0.15
0.18
0.08
0.08
0.10
0.07
0.15
0.15
0.39
0.38
0.23
0.12
0.15
0.08
0.18
0.26
0.07
0.15
0.11
0.04
0.25
0.39
0.19
0.04
0.11
0.08
0.03
0.04
0.04
0.12
0.08
0.08
0.11
0.07
0.04
0.04
0.07
0.07
0.15
0.07
0.04
0.14
0.05
0.08
0.20
0.38
0.53
0.35
0.11
0.11
0.19
0.27
0.26
0.18
0.41
0.38
0.39
0.23
0.44
0.31
0.25
0.08
0.16
0.15
0.29
0.25
0.25
0.11
0.16
0.11
0.16
0.12
0.12
0.04
0.08
0.08
0.04
0.08
0.04
0.08
0.12
0.12
0.12
0.04
0.15
0.23
0.20
0.16
0.12
0.08
0.08
0.16
0.04
0.04
0.04
0.04
0.04
0.07
0.07
0.08
0.12
0.15
0.12
0.07
0.15
0.15
0.12
0.08
0.16
0.04
0.04
0.12
0.04
0.15
0.11
0.08
0.04
0.08
0.12
0.04
0.12
0.11
0.20
0.15
0.08
0.25
0.19
0.16
0.04
0.04
0.11
0.04
0.08
0.12
0.07
0.15
0.12
0.08
0.08
0.12
0.04
0.04
0.11
0.15
0.12
0.08
0.07
0.07
0.12
0.08
0.12
0.04
0.04
0.11
0.11
0.08
0.11
0.15
0.11
0.03
0.04
0.12
0.08
0.08
0.08
0.04
0.11
0.07
0.08
0.07
0.07
0.11
0.16
0.19
0.15
0.11
0.11
0.15
0.15
0.08
0.03
0.08
0.08
0.08
0.07
0.08
0.08
0.07
0.11
0.07
0.04
0.04
0.11
0.08
0.07
0.08
0.11
0.31
0.34
0.26
0.20
0.19
