GUESS    :IDLE
STARTTIME:1289988496263
ENDTIME  :1289988512123
LOCALSPD :0.0
LONGSPD  :0.0
LOCATION :Location[mProvider=network,mTime=1289988483460,mLatitude=51.2463501,mLongitude=4.4173043,mHasAltitude=false,mAltitude=0.0,mHasSpeed=false,mSpeed=0.0,mHasBearing=false,mBearing=0.0,mHasAccuracy=true,mAccuracy=75.0,mExtras=Bundle[mParcelledData.dataSize=148]]
ADDRESS :

0.54
0.20
0.16
0.12
0.16
0.12
0.08
0.12
0.08
0.08
0.12
0.16
0.20
0.08
0.08
0.08
0.08
0.12
0.12
0.20
0.12
0.08
0.04
0.04
0.08
0.08
0.04
0.04
0.04
0.12
0.04
0.12
0.16
0.16
0.08
0.04
0.12
0.08
0.08
0.04
0.04
0.04
0.04
0.04
0.20
0.12
0.08
0.04
0.29
0.33
0.04
0.08
0.04
0.08
0.08
0.12
0.04
0.04
0.08
0.08
0.08
0.16
0.04
0.08
0.12
0.16
0.12
0.12
0.12
0.12
0.23
0.19
0.08
0.04
0.08
0.08
0.04
0.07
0.19
0.08
0.16
0.25
0.20
0.20
0.08
0.04
0.12
0.04
0.04
0.08
0.04
0.04
0.08
0.04
0.08
0.08
0.04
0.08
0.04
0.12
0.08
0.12
0.08
0.12
0.08
0.08
0.12
0.04
0.08
0.08
0.08
0.08
0.16
0.16
0.08
0.04
0.08
0.12
0.08
0.08
0.04
0.08
0.08
0.04
0.08
0.08
0.19
0.23
0.08
0.04
0.16
0.08
0.12
0.27
0.11
0.04
0.04
0.12
0.08
0.08
0.12
0.16
0.12
0.08
0.04
0.08
0.04
0.04
0.08
0.08
0.12
0.08
0.04
0.07
0.11
0.08
0.08
0.04
0.04
0.08
0.08
0.12
0.12
0.20
0.03
0.19
0.08
0.08
0.12
0.04
0.20
0.12
0.08
0.12
0.04
0.12
0.08
0.12
0.12
0.04
0.04
0.04
0.04
0.08
0.16
0.08
0.08
0.08
0.04
0.16
0.04
0.25
0.03
0.11
0.08
0.07
0.07
0.08
0.08
0.04
0.04
0.11
0.11
0.12
0.20
0.16
0.08
0.08
0.16
0.08
0.04
0.08
0.12
0.12
0.04
0.08
0.08
0.04
0.20
0.20
0.04
0.12
0.04
0.08
0.04
0.08
0.12
0.16
0.04
0.08
0.08
0.04
0.04
0.12
0.08
0.08
0.04
0.04
0.12
0.04
0.08
0.08
0.04
0.08
0.08
0.04
0.16
0.16
0.04
0.08
0.04
0.15
0.11
0.12
0.16
0.04
