GUESS    :MOVING_SM
STARTTIME:1289988875851
ENDTIME  :1289988890901
LOCALSPD :0.0
LONGSPD  :0.0
LOCATION :Location[mProvider=network,mTime=1289988842579,mLatitude=51.246287800000005,mLongitude=4.417343,mHasAltitude=false,mAltitude=0.0,mHasSpeed=false,mSpeed=0.0,mHasBearing=false,mBearing=0.0,mHasAccuracy=true,mAccuracy=75.0,mExtras=Bundle[mParcelledData.dataSize=148]]
ADDRESS :

0.28
0.09
0.05
0.20
0.14
0.10
0.12
0.09
0.16
0.15
0.06
0.10
0.12
0.07
0.05
0.08
0.08
0.10
0.05
0.05
0.07
0.06
0.05
0.05
0.05
0.04
0.06
0.09
0.05
0.02
0.08
0.03
0.02
0.07
0.05
0.04
0.05
0.03
0.03
0.06
0.02
0.02
0.05
0.05
0.05
0.03
0.01
0.06
0.04
0.02
0.05
0.05
0.03
0.03
0.04
0.06
0.04
0.03
0.05
0.07
0.03
0.05
0.05
0.05
0.05
0.04
0.05
0.05
0.03
0.02
0.03
0.04
0.05
0.02
0.04
0.04
0.02
0.04
0.02
0.02
0.04
0.02
0.04
0.03
0.04
0.04
0.04
0.00
0.03
0.04
0.01
0.03
0.03
0.02
0.04
0.00
0.01
0.03
0.04
0.01
0.01
0.04
0.02
0.03
0.02
0.01
0.03
0.03
0.02
0.03
0.04
0.01
0.03
0.04
0.01
0.04
0.02
0.02
0.04
0.02
0.03
0.03
0.04
0.02
0.03
0.03
0.01
0.03
