GUESS    :MOVING_SM
STARTTIME:1289501536414
ENDTIME  :1289501550596
LOCALSPD :-1.0
LONGSPD  :-1.0
LOCATION :Location[mProvider=network,mTime=1289501522930,mLatitude=55.75424,mLongitude=12.371964,mHasAltitude=false,mAltitude=0.0,mHasSpeed=false,mSpeed=0.0,mHasBearing=false,mBearing=0.0,mHasAccuracy=true,mAccuracy=726.0,mExtras=Bundle[mParcelledData.dataSize=148]]
ADDRESS :

0.84
1.44
0.95
0.54
0.08
0.38
0.19
0.27
0.27
0.42
0.72
0.78
0.57
1.69
3.06
3.04
1.35
0.84
0.65
0.99
0.57
1.18
0.35
0.53
0.69
0.69
0.26
1.04
1.12
0.65
0.80
0.56
1.77
1.43
1.50
1.54
1.10
0.37
0.71
0.44
0.42
0.41
0.60
0.46
0.35
0.19
0.26
0.99
2.18
2.00
2.60
0.76
0.83
0.74
0.38
0.19
0.61
0.64
0.68
0.69
1.14
1.16
0.34
0.54
0.42
0.27
0.82
0.67
0.74
0.89
0.94
0.82
0.54
0.57
0.53
0.76
0.16
0.39
0.76
0.89
1.08
0.42
0.61
0.63
2.08
1.70
5.37
8.20
2.26
1.10
1.10
0.87
0.69
0.61
0.23
1.43
1.27
1.69
1.36
0.79
0.27
0.54
1.59
0.94
0.34
0.20
0.54
1.27
1.08
1.01
0.52
1.12
0.90
0.99
0.57
0.97
1.23
1.05
1.05
0.93
0.42
1.44
0.89
3.94
1.61
0.72
0.49
0.23
0.45
0.25
0.68
1.18
0.42
0.93
1.42
0.56
0.15
0.50
0.23
0.11
0.34
0.34
0.12
0.23
0.26
0.27
0.83
1.16
0.74
0.31
0.38
0.38
0.74
0.50
0.84
0.16
0.57
0.33
0.27
0.50
0.29
0.03
0.31
0.65
0.31
0.41
0.22
0.34
0.42
0.53
0.54
2.26
0.98
1.04
0.78
0.16
0.65
0.20
1.16
1.80
1.31
1.16
0.49
0.44
0.65
0.79
0.63
0.57
0.12
0.16
0.16
1.18
3.30
1.39
0.86
0.41
0.89
1.18
2.81
0.34
0.48
0.54
0.59
0.57
0.50
0.67
0.22
1.10
0.87
1.33
0.95
0.27
0.76
1.32
0.52
1.21
0.74
0.83
1.43
0.80
0.65
0.99
1.04
0.37
0.49
0.57
0.34
0.59
0.29
0.27
0.20
0.31
0.35
0.27
0.48
0.16
0.64
0.31
0.42
0.23
0.57
0.29
0.25
0.15
0.18
0.30
0.39
0.61
0.49
1.10
0.53
0.35
0.27
0.29
0.30
0.19
