GUESS    :MOVING_ME
STARTTIME:1289475405481
ENDTIME  :1289475419929
LOCALSPD :0.0
LONGSPD  :0.0
LOCATION :Location[mProvider=network,mTime=1289475407688,mLatitude=55.782516566666665,mLongitude=12.5130328,mHasAltitude=false,mAltitude=0.0,mHasSpeed=false,mSpeed=0.0,mHasBearing=false,mBearing=0.0,mHasAccuracy=true,mAccuracy=60.0,mExtras=Bundle[mParcelledData.dataSize=148]]
ADDRESS :

1.12
1.84
2.04
4.17
2.10
8.00
4.74
12.00
11.01
1.54
3.38
0.84
1.23
1.51
1.53
2.06
5.13
6.44
4.84
7.85
3.02
4.96
2.83
2.38
10.12
11.35
13.46
12.99
9.34
16.21
7.95
3.23
3.68
0.74
1.61
1.88
5.13
5.48
2.70
4.52
3.73
6.61
1.48
6.55
2.68
2.34
5.71
6.05
3.55
6.67
2.44
0.52
0.89
0.68
0.30
0.99
0.67
0.46
0.60
0.08
0.38
0.46
0.15
0.45
0.61
0.65
0.48
0.86
0.42
0.71
0.54
0.38
0.94
2.34
1.65
1.16
1.54
0.44
0.72
0.38
0.49
0.50
0.34
0.12
1.01
0.98
0.57
0.49
1.65
2.38
1.10
0.95
0.72
1.65
1.72
1.57
0.48
0.26
0.54
0.83
0.76
0.76
0.79
1.80
0.38
1.06
2.60
3.64
0.46
1.68
3.64
3.00
3.27
3.51
0.38
0.65
0.93
0.84
6.36
8.62
4.90
2.00
2.78
0.53
1.46
1.50
0.41
0.60
2.44
0.69
3.06
1.46
1.77
0.71
0.84
0.72
0.26
1.20
0.11
1.16
0.61
0.69
0.84
0.61
0.49
1.01
0.42
1.09
0.53
0.46
1.44
0.45
0.20
0.42
0.33
0.12
0.37
0.38
0.08
0.22
0.23
0.38
0.15
0.31
0.16
0.39
0.23
0.07
0.26
0.50
1.47
1.63
0.99
4.17
2.53
4.06
0.78
0.22
1.87
1.06
4.17
6.74
5.48
0.42
1.88
1.29
2.44
2.17
2.33
0.98
1.40
1.24
0.80
0.83
0.61
0.33
0.30
0.30
0.12
0.11
0.08
0.49
0.45
0.41
0.35
0.11
0.91
1.08
0.75
0.22
0.89
0.45
0.82
0.79
0.19
0.61
0.69
0.20
0.19
0.42
0.30
0.30
0.07
0.11
0.46
0.23
0.16
0.07
0.72
0.15
0.23
0.26
0.44
0.54
0.45
0.04
0.69
0.35
0.54
0.46
0.41
0.18
0.54
0.23
0.20
0.50
0.45
0.57
0.87
0.29
0.16
0.84
0.69
0.46
0.94
0.49
