GUESS    :MOVING_SM
STARTTIME:1289813117085
ENDTIME  :1289813131729
LOCALSPD :-1.0
LONGSPD  :-1.0
LOCATION :Location[mProvider=network,mTime=1289813106429,mLatitude=55.78242103333333,mLongitude=12.513997799999999,mHasAltitude=false,mAltitude=0.0,mHasSpeed=false,mSpeed=0.0,mHasBearing=false,mBearing=0.0,mHasAccuracy=true,mAccuracy=53.0,mExtras=Bundle[mParcelledData.dataSize=148]]
ADDRESS :

0.41
0.64
0.58
0.51
0.41
0.32
0.22
0.14
0.08
0.09
0.09
0.10
0.08
0.06
0.02
0.02
0.07
0.10
0.12
0.13
0.12
0.12
0.09
0.07
0.05
0.07
0.07
0.08
0.08
0.08
0.07
0.06
0.05
0.03
0.03
0.03
0.04
0.03
0.03
0.04
0.04
0.04
0.05
0.07
0.08
0.08
0.10
0.10
0.11
0.10
0.10
0.10
0.09
0.08
0.07
0.06
0.04
0.01
0.01
0.03
0.03
0.04
0.04
0.04
0.02
0.02
0.02
0.03
0.04
0.05
0.05
0.06
0.05
0.04
0.05
0.05
0.06
0.06
0.05
0.05
0.04
0.02
0.01
0.03
0.04
0.06
0.07
0.07
0.08
0.08
0.06
0.06
0.04
0.02
0.01
0.01
0.02
0.02
0.02
0.03
0.03
0.03
0.03
0.02
0.02
0.02
0.03
0.03
0.04
0.04
0.04
0.04
0.02
0.01
0.02
0.02
0.04
0.05
0.06
0.07
0.08
0.08
0.08
0.07
0.06
0.04
0.04
0.03
