GUESS    :MOVING_SM
STARTTIME:1291037174096
ENDTIME  :1291037187798
LOCALSPD :-1.0
LONGSPD  :-1.0
LOCATION :Location[mProvider=network,mTime=1291037168276,mLatitude=55.78247141666666,mLongitude=12.5140376,mHasAltitude=false,mAltitude=0.0,mHasSpeed=false,mSpeed=0.0,mHasBearing=false,mBearing=0.0,mHasAccuracy=true,mAccuracy=53.0,mExtras=Bundle[mParcelledData.dataSize=148]]
ADDRESS :

1.11
1.41
1.22
1.21
1.12
0.74
0.66
0.58
0.42
0.32
0.38
0.45
0.34
0.21
0.24
0.27
0.15
0.07
0.21
0.19
0.09
0.12
0.19
0.12
0.13
0.29
0.28
0.17
0.30
0.40
0.30
0.23
0.35
0.36
0.21
0.18
0.29
0.22
0.07
0.08
0.15
0.09
0.03
0.10
0.15
0.14
0.04
0.09
0.20
0.18
0.07
0.18
0.24
0.18
0.08
0.21
0.25
0.17
0.07
0.17
0.17
0.08
0.05
0.12
0.10
0.05
0.11
0.11
0.04
0.08
0.14
0.10
0.06
0.11
0.08
0.06
0.16
0.19
0.08
0.09
0.21
0.18
0.03
0.14
0.21
0.12
0.07
0.20
0.18
0.03
0.14
0.19
0.12
0.03
0.12
0.09
0.04
0.09
0.13
0.05
0.11
0.14
0.12
0.03
0.06
0.13
0.04
0.04
0.14
0.17
0.06
0.09
0.18
0.18
0.10
0.07
0.16
0.13
0.01
0.06
0.12
0.05
0.09
0.15
0.12
0.05
0.09
0.11
