GUESS    :MOVING_SM
STARTTIME:1289381017291
ENDTIME  :1289381032700
LOCALSPD :0.0
LONGSPD  :-1.0
LOCATION :Location[mProvider=network,mTime=1289381009053,mLatitude=55.749582425,mLongitude=12.377094775,mHasAltitude=false,mAltitude=0.0,mHasSpeed=false,mSpeed=0.0,mHasBearing=false,mBearing=0.0,mHasAccuracy=true,mAccuracy=51.0,mExtras=Bundle[mParcelledData.dataSize=148]]
ADDRESS :

0.56
1.04
1.31
2.44
3.19
1.25
1.06
1.21
0.91
0.79
0.33
0.34
1.04
0.95
2.41
1.99
4.40
1.81
1.96
1.84
1.46
2.18
1.23
1.14
0.80
0.46
1.18
0.42
2.23
2.33
4.86
1.02
1.50
0.69
0.76
1.76
1.27
0.59
0.78
1.06
2.98
2.96
3.68
2.03
0.97
1.18
0.68
0.78
0.97
1.35
0.65
1.35
1.33
1.08
2.45
1.54
2.03
1.42
1.14
3.34
1.51
0.69
0.80
1.13
0.74
0.74
1.18
1.18
1.14
1.13
0.82
1.20
1.04
0.68
0.39
0.34
0.61
0.23
0.57
0.25
0.45
0.76
1.14
0.80
1.01
0.74
0.45
0.46
0.84
1.33
2.03
1.17
1.77
0.49
0.46
0.68
0.90
0.64
0.15
0.39
0.30
0.57
0.57
2.07
0.95
2.03
1.95
0.91
1.51
1.18
0.53
0.61
0.34
0.39
0.46
0.99
0.84
2.52
1.53
2.48
3.08
1.14
0.65
0.52
0.97
1.12
0.64
0.56
1.27
0.86
0.95
1.99
2.85
2.78
2.48
1.25
1.29
1.08
1.06
1.12
0.80
0.89
0.64
1.35
0.61
1.69
3.06
2.71
1.85
1.31
1.35
0.53
0.52
1.77
0.35
1.18
0.95
3.02
2.00
3.90
1.32
1.99
1.51
0.68
0.65
0.71
0.94
0.67
0.93
0.80
0.38
1.48
2.68
1.77
1.47
0.89
1.08
0.45
0.74
1.44
1.99
2.34
1.12
1.02
0.78
2.45
3.06
1.66
0.52
0.79
0.59
0.23
1.12
1.66
0.79
0.52
0.33
0.68
2.04
2.52
3.64
4.02
1.04
0.99
0.89
1.06
0.82
0.11
0.80
1.53
1.08
3.65
2.81
3.13
1.12
0.76
1.04
1.06
0.26
0.61
0.23
0.59
1.91
2.34
2.02
4.40
2.12
1.31
1.46
0.57
0.46
0.42
0.57
0.12
0.89
0.72
2.85
1.40
2.22
1.57
1.65
2.06
1.02
0.93
0.53
0.76
0.74
0.76
0.91
0.91
1.38
1.40
3.28
2.96
1.65
1.84
