GUESS    :MOVING_SM
STARTTIME:1289381094390
ENDTIME  :1289381109801
LOCALSPD :0.0
LONGSPD  :-1.0
LOCATION :Location[mProvider=network,mTime=1289381069075,mLatitude=55.749582425,mLongitude=12.377094775,mHasAltitude=false,mAltitude=0.0,mHasSpeed=false,mSpeed=0.0,mHasBearing=false,mBearing=0.0,mHasAccuracy=true,mAccuracy=51.0,mExtras=Bundle[mParcelledData.dataSize=148]]
ADDRESS :

1.66
0.57
0.59
0.37
0.34
0.94
1.88
1.65
2.22
2.55
0.94
1.08
1.24
0.60
0.69
1.48
1.08
0.61
1.10
4.62
2.11
3.13
0.61
1.47
1.23
1.20
0.69
0.41
0.38
1.20
0.42
1.24
0.84
0.97
1.92
2.22
0.38
1.61
0.72
1.23
0.76
0.39
0.59
0.83
0.84
0.48
0.53
0.35
0.72
1.78
0.50
0.63
1.43
0.41
0.38
1.23
0.91
1.97
0.10
1.17
0.71
1.50
2.00
1.57
1.18
1.29
0.68
0.80
0.93
1.16
0.87
0.72
0.76
0.65
2.52
2.29
5.42
2.94
1.74
0.45
0.83
1.35
1.38
0.89
0.99
0.94
1.18
3.45
0.57
5.26
1.54
2.15
0.31
0.98
0.76
0.57
0.68
1.42
1.63
0.72
2.42
2.03
3.87
3.75
1.29
1.08
1.38
1.50
0.95
0.76
0.23
0.37
0.95
1.63
3.04
2.90
3.04
1.06
1.35
1.69
1.10
0.75
0.23
0.65
0.50
0.27
0.57
0.65
0.82
0.25
1.50
1.85
2.06
2.22
1.17
0.57
1.31
1.24
0.76
0.65
0.72
1.18
0.30
1.02
1.18
2.57
3.04
1.23
0.61
0.61
0.30
0.65
0.79
1.46
1.88
1.23
0.91
1.36
1.16
1.88
2.45
1.01
1.46
0.15
1.10
1.46
1.39
1.46
0.39
0.75
0.98
0.61
0.59
1.12
2.22
2.93
2.12
0.98
0.76
1.92
0.38
1.08
0.53
1.73
1.08
0.76
1.08
0.37
0.35
0.61
1.01
0.53
0.59
0.63
0.98
2.03
2.38
1.10
3.27
0.69
0.41
0.57
0.72
0.38
0.49
0.82
0.30
0.76
0.41
0.61
1.43
2.27
1.97
2.76
1.14
0.68
2.07
1.01
1.04
0.87
0.39
0.26
0.87
0.94
1.35
1.97
1.88
2.03
3.41
2.34
1.51
0.48
0.83
0.46
0.65
0.74
0.91
0.63
1.44
2.38
2.71
2.98
0.71
2.00
1.57
0.80
0.84
1.50
0.41
0.19
0.37
0.37
2.38
2.03
1.44
3.15
