GUESS    :IDLE
STARTTIME:1289380913324
ENDTIME  :1289380927941
LOCALSPD :NaN
LONGSPD  :-1.0
LOCATION :Location[mProvider=network,mTime=1289380839811,mLatitude=55.749582425,mLongitude=12.377094775,mHasAltitude=false,mAltitude=0.0,mHasSpeed=false,mSpeed=0.0,mHasBearing=false,mBearing=0.0,mHasAccuracy=true,mAccuracy=51.0,mExtras=Bundle[mParcelledData.dataSize=148]]
ADDRESS :

0.12
0.05
0.04
0.05
0.03
0.01
0.02
0.01
0.01
0.01
0.01
0.01
0.01
0.01
0.02
0.01
0.01
0.02
0.01
0.00
0.01
0.01
0.01
0.01
0.01
0.00
0.01
0.01
0.01
0.01
0.01
0.01
0.01
0.00
0.01
0.00
0.01
0.01
0.00
0.01
0.01
0.00
0.01
0.00
0.01
0.01
0.00
0.01
0.00
0.01
0.00
0.01
0.00
0.01
0.01
0.01
0.01
0.01
0.01
0.01
0.01
0.02
0.01
0.01
0.01
0.01
0.02
0.01
0.02
0.01
0.01
0.01
0.00
0.00
0.01
0.01
0.00
0.01
0.01
0.01
0.00
0.00
0.00
0.01
0.00
0.01
0.01
0.00
0.00
0.01
0.00
0.00
0.00
0.00
0.00
0.00
0.01
0.01
0.01
0.00
0.00
0.00
0.01
0.00
0.01
0.00
0.00
0.00
0.00
0.01
0.01
0.00
0.01
0.01
0.01
0.00
0.01
0.00
0.00
0.01
0.00
0.01
0.00
0.00
0.01
0.01
0.00
0.01
