GUESS    :WALKING
STARTTIME:1288331611248
ENDTIME  :1288331625105
LOCALSPD :0.0
LONGSPD  :-1.0
LOCATION :Location[mProvider=network,mTime=1288331600484,mLatitude=55.74958026666667,mLongitude=12.376720666666666,mHasAltitude=false,mAltitude=0.0,mHasSpeed=false,mSpeed=0.0,mHasBearing=false,mBearing=0.0,mHasAccuracy=true,mAccuracy=50.0,mExtras=Bundle[mParcelledData.dataSize=148]]
ADDRESS :

3.16
2.90
1.10
0.95
2.26
0.76
0.72
1.10
0.45
0.28
0.97
1.16
0.52
0.90
0.64
0.69
0.49
0.40
0.68
0.10
0.26
0.08
0.38
0.88
0.28
0.51
0.43
0.86
0.66
0.22
0.30
0.57
0.39
0.32
0.35
0.08
0.17
0.33
0.48
0.11
0.12
0.23
0.17
0.42
0.17
0.42
0.10
0.25
0.32
0.11
0.18
0.25
0.18
0.30
0.02
0.33
0.19
0.40
0.31
0.46
0.19
0.20
0.26
0.05
0.42
0.05
0.38
0.19
0.28
0.06
0.20
0.06
0.29
0.28
0.22
0.06
0.27
0.20
0.27
0.23
0.27
0.25
0.34
0.23
0.13
0.16
0.21
0.19
0.20
0.32
0.34
0.26
0.15
0.24
0.43
0.47
0.36
0.23
0.10
0.32
0.35
0.22
0.16
0.14
0.12
0.10
0.09
0.10
0.11
0.13
0.28
0.43
0.22
0.33
0.32
0.54
0.37
0.33
0.14
0.38
0.47
0.25
0.13
0.19
0.20
0.48
0.60
0.40
