GUESS    :MOVING_SM
STARTTIME:1289293908996
ENDTIME  :1289293923292
LOCALSPD :0.0
LONGSPD  :-1.0
LOCATION :Location[mProvider=network,mTime=1289293868046,mLatitude=55.74958026666667,mLongitude=12.376720666666666,mHasAltitude=false,mAltitude=0.0,mHasSpeed=false,mSpeed=0.0,mHasBearing=false,mBearing=0.0,mHasAccuracy=true,mAccuracy=50.0,mExtras=Bundle[mParcelledData.dataSize=148]]
ADDRESS :

0.33
0.08
0.29
0.16
0.12
0.12
0.08
0.08
0.27
0.15
0.15
0.19
0.12
0.12
0.12
0.20
0.20
0.18
0.34
0.15
0.15
0.16
0.12
0.12
0.12
0.12
0.04
0.16
0.04
0.04
0.08
0.12
0.07
0.07
0.12
0.10
0.31
0.20
0.08
0.08
0.08
0.20
0.20
0.12
0.16
0.11
0.15
0.23
0.12
0.16
0.08
0.20
0.16
0.12
0.16
0.08
0.04
0.23
0.19
0.65
0.52
0.38
0.26
0.23
0.20
0.33
0.12
0.04
0.04
0.27
0.23
0.34
0.34
0.08
0.12
0.08
0.46
0.53
0.34
0.34
0.54
0.68
0.19
0.20
0.49
0.72
0.42
0.12
0.12
0.19
0.19
0.15
0.12
0.31
0.33
0.39
0.23
1.12
1.12
0.26
0.26
0.30
0.19
0.23
0.25
0.25
0.19
0.07
0.23
0.11
0.38
0.19
0.38
0.23
0.08
0.12
0.08
0.04
0.08
0.18
0.15
0.39
0.38
0.23
0.22
0.76
0.34
0.15
0.22
0.27
0.12
0.26
0.68
0.53
0.19
0.08
0.19
0.03
0.08
0.08
0.23
0.12
0.20
0.16
0.25
0.20
0.12
0.20
0.12
0.08
0.12
0.16
0.12
0.16
0.27
0.19
0.07
0.20
0.16
0.26
0.38
0.50
0.44
0.12
0.12
0.31
0.16
0.35
0.33
0.04
0.20
0.04
0.16
0.25
0.16
0.31
0.26
0.59
0.30
0.16
0.15
0.23
0.49
0.63
0.04
0.50
0.35
0.16
0.16
0.27
0.16
0.31
0.27
0.25
0.26
0.11
0.25
0.54
0.38
0.42
0.03
0.22
0.34
0.23
0.34
0.35
0.16
0.48
0.42
0.27
0.19
0.35
0.63
0.23
0.23
0.57
0.34
0.38
0.08
0.19
0.20
0.39
0.12
0.69
0.95
0.42
0.41
0.57
0.46
0.46
0.38
0.27
0.83
0.07
0.23
0.15
0.18
0.03
0.11
0.15
0.18
0.23
0.15
0.34
0.19
0.34
0.26
0.11
0.15
0.12
0.27
0.12
0.38
0.19
0.31
0.57
