GUESS    :MOVING_SM
STARTTIME:1288370681465
ENDTIME  :1288370697244
LOCALSPD :0.0
LONGSPD  :0.0
LOCATION :Location[mProvider=network,mTime=1288370649608,mLatitude=55.58025056666667,mLongitude=13.428735833333334,mHasAltitude=false,mAltitude=0.0,mHasSpeed=false,mSpeed=0.0,mHasBearing=false,mBearing=0.0,mHasAccuracy=true,mAccuracy=75.0,mExtras=Bundle[mParcelledData.dataSize=148]]
ADDRESS :

0.08
0.15
0.04
0.12
0.08
0.08
0.08
0.11
0.04
0.04
0.03
0.07
0.04
0.11
0.15
0.07
0.15
0.03
0.04
0.08
0.04
0.15
0.04
0.08
0.15
0.19
0.15
0.12
0.08
0.15
0.11
0.08
0.12
0.07
0.07
0.04
0.08
0.12
0.08
0.15
0.07
0.07
0.11
0.04
0.04
0.08
0.08
0.12
0.08
0.12
0.12
0.11
0.03
0.04
0.08
0.08
0.04
0.16
0.04
0.04
0.04
0.04
0.04
0.11
0.11
0.12
0.08
0.08
0.08
0.08
0.15
0.11
0.04
0.04
0.07
0.04
0.07
0.11
0.08
0.08
0.15
0.15
0.07
0.04
0.04
0.08
0.04
0.04
0.04
0.07
0.07
0.08
0.11
0.12
0.19
0.04
0.12
0.11
0.07
0.07
0.07
0.12
0.08
0.04
0.08
0.04
0.04
0.04
0.08
0.08
0.05
0.07
0.15
0.08
0.15
0.11
0.12
0.08
0.11
0.11
0.10
0.33
0.27
0.14
0.14
0.12
0.08
0.07
0.11
0.04
0.04
0.12
0.12
0.11
0.15
0.04
0.12
0.08
0.04
0.04
0.04
0.08
0.08
0.08
0.07
0.10
0.11
0.12
0.04
0.04
0.04
0.04
0.12
0.12
0.08
0.08
0.04
0.04
0.04
0.19
0.23
0.23
0.08
0.07
0.07
0.10
0.04
0.15
0.11
0.07
0.04
0.11
0.14
0.07
0.11
0.16
0.18
0.18
0.12
0.15
0.15
0.42
0.42
0.42
0.23
0.54
0.64
0.39
0.08
0.08
0.25
1.18
0.53
0.23
0.19
0.20
0.67
1.23
0.99
0.54
0.26
0.35
0.35
0.30
0.49
0.46
1.51
2.08
1.09
0.27
0.68
0.71
0.31
0.63
0.69
0.46
0.45
0.78
0.74
0.64
0.65
1.89
1.42
1.69
1.21
0.53
0.45
0.29
0.72
0.15
0.54
0.42
0.72
0.19
0.49
0.38
0.08
0.30
0.19
0.11
0.19
0.15
0.08
0.19
0.16
0.15
0.11
0.15
0.23
0.08
0.04
0.03
0.08
0.08
0.07
0.08
