GUESS    :IDLE
STARTTIME:1288099514330
ENDTIME  :1288099528869
LOCALSPD :0.0
LONGSPD  :-1.0
LOCATION :Location[mProvider=network,mTime=1288099485191,mLatitude=55.792213,mLongitude=12.507725,mHasAltitude=false,mAltitude=0.0,mHasSpeed=false,mSpeed=0.0,mHasBearing=false,mBearing=0.0,mHasAccuracy=true,mAccuracy=1694.0,mExtras=Bundle[mParcelledData.dataSize=148]]
ADDRESS :

0.12
0.04
0.02
0.01
0.02
0.02
0.01
0.02
0.02
0.01
0.01
0.02
0.01
0.01
0.01
0.01
0.01
0.02
0.02
0.02
0.00
0.01
0.01
0.01
0.01
0.01
0.01
0.01
0.01
0.01
0.01
0.00
0.01
0.00
0.02
0.02
0.00
0.01
0.01
0.01
0.01
0.01
0.01
0.01
0.01
0.01
0.01
0.01
0.01
0.01
0.01
0.01
0.01
0.01
0.00
0.01
0.01
0.00
0.01
0.01
0.01
0.01
0.00
0.00
0.01
0.00
0.00
0.01
0.01
0.00
0.00
0.01
0.00
0.01
0.01
0.01
0.01
0.00
0.01
0.01
0.01
0.01
0.00
0.00
0.01
0.00
0.01
0.01
0.01
0.00
0.01
0.00
0.00
0.01
0.01
0.01
0.00
0.01
0.00
0.01
0.01
0.00
0.01
0.00
0.00
0.01
0.01
0.01
0.00
0.00
0.01
0.00
0.00
0.00
0.01
0.01
0.00
0.01
0.01
0.01
0.01
0.00
0.01
0.00
0.00
0.00
0.00
0.00
