GUESS    :MOVING_ME
STARTTIME:1289045326108
ENDTIME  :1289045339258
LOCALSPD :0.0
LONGSPD  :0.0
LOCATION :Location[mProvider=network,mTime=1289045288568,mLatitude=55.7494058,mLongitude=12.37599512,mHasAltitude=false,mAltitude=0.0,mHasSpeed=false,mSpeed=0.0,mHasBearing=false,mBearing=0.0,mHasAccuracy=true,mAccuracy=41.0,mExtras=Bundle[mParcelledData.dataSize=148]]
ADDRESS :

5.33
4.44
2.27
2.19
2.98
1.46
2.53
4.06
4.43
3.26
2.03
2.60
1.61
2.06
4.36
5.49
5.30
3.36
2.12
1.83
2.41
4.33
3.27
3.36
0.80
1.46
1.88
2.66
1.06
3.36
2.23
1.84
1.27
1.39
1.47
2.51
2.87
2.14
1.68
1.28
0.95
1.23
2.57
2.68
0.95
2.45
3.35
2.60
3.80
3.84
2.97
2.57
2.08
1.43
1.16
1.18
1.14
0.89
1.14
1.28
1.25
1.38
2.40
1.31
2.68
3.38
2.34
3.95
4.36
2.97
1.38
2.62
3.23
2.07
1.72
1.73
3.45
2.07
4.03
3.46
1.72
1.69
1.80
3.17
1.44
2.89
2.68
3.12
3.30
3.21
2.22
2.83
1.93
2.33
0.65
2.03
0.23
1.57
1.06
2.37
0.89
2.07
1.50
1.53
1.81
0.65
0.59
1.05
0.75
0.82
0.54
1.50
1.23
0.19
0.42
0.89
1.20
0.67
0.49
1.13
1.55
0.95
1.01
1.32
1.02
0.31
0.27
0.80
0.49
0.49
0.60
1.18
0.74
0.91
0.98
0.84
0.97
0.48
0.45
0.56
1.09
1.06
2.22
2.56
1.77
0.57
0.48
1.10
1.59
1.85
0.78
1.33
2.45
3.41
2.52
1.36
0.54
1.36
1.44
0.57
1.12
1.47
1.20
1.85
0.42
1.02
2.34
2.47
1.84
1.02
1.50
1.33
0.93
0.87
1.42
1.38
2.11
2.79
1.84
0.65
1.39
2.15
1.54
0.83
2.23
2.70
1.09
1.39
1.66
2.34
3.00
3.61
3.50
3.36
2.22
1.51
1.27
2.26
3.51
2.79
1.58
1.65
1.95
2.72
2.49
1.88
1.13
1.43
2.59
2.11
1.65
0.68
0.90
2.12
2.36
0.82
2.22
1.61
1.40
1.72
1.04
0.68
0.80
0.89
0.68
0.27
1.14
1.05
7.42
5.90
8.99
7.63
2.04
1.48
8.13
2.91
3.75
3.50
1.23
2.86
1.38
0.80
2.47
2.52
1.58
1.76
4.93
3.90
4.13
2.11
2.60
2.91
4.13
4.18
3.47
5.94
