GUESS    :MOVING_ME
STARTTIME:1289045567258
ENDTIME  :1289045580847
LOCALSPD :0.0
LONGSPD  :0.020513186
LOCATION :Location[mProvider=network,mTime=1289045537813,mLatitude=55.75053806666667,mLongitude=12.3775908,mHasAltitude=false,mAltitude=0.0,mHasSpeed=false,mSpeed=0.0,mHasBearing=false,mBearing=0.0,mHasAccuracy=true,mAccuracy=60.0,mExtras=Bundle[mParcelledData.dataSize=148]]
ADDRESS :

1.44
1.57
1.29
0.91
0.65
1.89
2.70
1.39
0.84
1.24
1.87
0.83
2.10
3.36
3.13
0.75
1.13
1.42
1.95
1.40
0.29
1.36
1.43
1.16
0.69
0.80
1.21
0.87
1.58
2.34
3.76
3.69
3.13
2.63
1.27
0.69
1.27
3.30
2.37
0.26
2.26
3.19
2.51
1.85
0.89
2.15
2.87
2.11
0.80
1.33
2.07
2.18
1.92
3.64
4.86
2.72
1.66
2.79
4.41
5.13
4.29
2.30
0.49
1.31
1.20
1.54
1.61
2.67
2.85
1.69
1.81
1.65
1.96
1.73
3.08
2.08
2.07
4.06
3.75
2.44
1.54
1.57
1.92
1.47
0.34
0.83
1.68
1.12
1.27
0.89
1.68
1.72
1.43
1.05
0.60
0.54
1.55
2.37
1.42
0.41
0.82
1.17
0.63
0.42
1.76
1.96
1.81
2.49
1.61
1.47
2.76
2.96
2.56
1.12
1.92
1.97
1.74
3.04
3.23
3.04
2.19
1.38
0.61
1.69
2.51
3.04
2.87
2.00
1.48
1.31
2.17
0.99
1.08
3.20
3.58
1.70
1.77
2.81
3.84
3.83
2.48
1.87
2.49
2.83
2.22
3.73
3.76
2.00
1.29
1.58
2.96
3.06
3.00
1.01
1.69
1.51
3.43
2.90
3.30
1.13
1.02
0.99
0.80
0.94
1.09
1.38
1.40
0.84
1.16
1.44
2.21
1.76
0.61
1.69
1.50
1.38
3.31
4.49
4.18
3.12
2.07
0.78
0.59
0.59
0.54
1.91
3.53
2.66
1.58
0.34
0.53
1.08
1.16
0.74
0.65
1.14
0.41
1.23
0.83
1.18
0.93
2.30
1.80
1.06
0.91
1.04
1.05
0.97
0.45
0.61
0.61
0.95
1.65
2.18
2.47
2.38
0.91
0.91
2.14
1.84
1.08
1.76
2.07
1.50
0.23
1.72
2.22
1.77
1.18
0.91
1.62
0.29
0.97
2.52
0.61
2.04
3.87
5.18
5.09
2.91
1.35
1.05
2.11
1.80
1.23
2.04
2.67
3.17
2.94
2.48
1.29
1.27
1.81
0.90
0.41
0.87
