GUESS    :MOVING_SM
STARTTIME:1289046706568
ENDTIME  :1289046719627
LOCALSPD :0.0
LONGSPD  :0.0
LOCATION :Location[mProvider=network,mTime=1289046681284,mLatitude=55.780514,mLongitude=12.399435,mHasAltitude=false,mAltitude=0.0,mHasSpeed=false,mSpeed=0.0,mHasBearing=false,mBearing=0.0,mHasAccuracy=true,mAccuracy=1828.0,mExtras=Bundle[mParcelledData.dataSize=148]]
ADDRESS :

0.45
0.40
0.32
0.19
0.24
0.22
0.16
0.09
0.03
0.09
0.09
0.10
0.05
0.04
0.06
0.03
0.04
0.04
0.07
0.06
0.07
0.08
0.05
0.02
0.02
0.01
0.01
0.05
0.07
0.08
0.06
0.06
0.07
0.11
0.09
0.07
0.06
0.07
0.06
0.06
0.03
0.04
0.05
0.05
0.02
0.02
0.00
0.01
0.04
0.04
0.03
0.04
0.03
0.01
0.02
0.01
0.03
0.00
0.02
0.01
0.01
0.02
0.02
0.01
0.02
0.01
0.01
0.02
0.01
0.02
0.02
0.01
0.01
0.02
0.03
0.05
0.04
0.03
0.03
0.04
0.04
0.03
0.01
0.01
0.01
0.01
0.00
0.02
0.03
0.04
0.03
0.02
0.01
0.02
0.05
0.06
0.05
0.04
0.04
0.05
0.03
0.03
0.02
0.03
0.03
0.03
0.02
0.02
0.04
0.07
0.06
0.04
0.05
0.07
0.06
0.06
0.03
0.02
0.01
0.00
0.01
0.01
0.01
0.03
0.03
0.03
0.01
0.01
