GUESS    :WALKING
STARTTIME:1289043990619
ENDTIME  :1289044004408
LOCALSPD :0.0
LONGSPD  :0.0
LOCATION :Location[mProvider=network,mTime=1289043968052,mLatitude=55.750365290000005,mLongitude=12.377481120000002,mHasAltitude=false,mAltitude=0.0,mHasSpeed=false,mSpeed=0.0,mHasBearing=false,mBearing=0.0,mHasAccuracy=true,mAccuracy=60.0,mExtras=Bundle[mParcelledData.dataSize=148]]
ADDRESS :

4.99
0.92
0.69
0.36
0.20
0.19
0.14
0.47
0.24
0.17
0.40
0.11
0.07
0.40
0.55
0.11
0.22
0.22
0.11
0.15
0.13
0.11
0.48
0.40
0.41
0.45
0.70
0.78
1.38
0.08
0.15
0.13
0.03
0.31
0.07
0.18
0.22
0.20
0.13
0.18
0.15
0.20
0.40
0.22
0.09
0.04
0.29
0.29
0.13
0.35
0.11
0.34
0.05
0.18
0.26
0.40
0.52
0.39
0.07
0.14
0.20
0.13
0.04
0.19
0.03
0.33
0.15
0.07
0.06
0.50
0.16
0.30
0.18
0.14
0.06
0.19
0.17
0.10
0.36
0.25
0.41
0.39
0.56
0.60
0.73
0.41
0.24
0.34
0.09
0.03
0.13
0.16
0.23
0.45
0.14
0.49
0.35
0.21
0.20
0.36
0.18
0.37
0.12
0.19
0.17
0.14
0.29
0.28
0.13
0.54
0.63
0.39
0.34
0.51
0.18
0.32
0.15
0.30
0.41
0.44
0.12
0.02
0.37
0.13
0.09
0.09
0.32
0.22
