GUESS    :MOVING_SM
STARTTIME:1289046956629
ENDTIME  :1289046972107
LOCALSPD :0.0
LONGSPD  :0.0
LOCATION :Location[mProvider=network,mTime=1289046949260,mLatitude=55.7828869,mLongitude=12.3748444,mHasAltitude=false,mAltitude=0.0,mHasSpeed=false,mSpeed=0.0,mHasBearing=false,mBearing=0.0,mHasAccuracy=true,mAccuracy=56.0,mExtras=Bundle[mParcelledData.dataSize=148]]
ADDRESS :

0.08
0.26
0.27
0.04
0.23
0.16
0.31
0.38
0.16
0.39
0.34
0.54
2.40
0.39
2.94
2.37
0.19
0.57
1.33
0.35
0.69
1.61
0.99
1.72
2.14
0.26
1.24
1.08
0.15
0.37
0.44
0.19
0.14
0.14
0.11
0.08
0.08
0.19
0.15
0.07
0.07
0.08
0.11
0.16
0.14
0.07
0.08
0.11
0.19
0.16
0.20
0.27
0.26
0.75
0.30
0.74
0.22
0.38
0.23
0.35
1.54
0.80
1.54
1.58
0.87
0.87
0.83
1.36
0.68
0.49
0.11
0.15
0.35
1.73
0.38
1.14
0.54
1.95
1.06
1.31
0.33
0.41
0.61
0.72
0.97
1.09
0.61
0.49
0.61
0.78
1.61
1.32
1.24
0.80
1.04
0.75
0.57
0.26
0.35
0.38
0.27
0.72
0.16
0.22
1.44
1.81
1.62
1.63
1.83
1.18
0.82
0.91
0.74
0.84
0.68
0.33
0.65
0.57
0.64
0.99
0.83
1.04
0.46
0.93
0.72
0.19
0.19
0.34
0.37
0.26
0.11
0.15
0.38
0.26
0.52
0.38
0.39
0.98
0.82
0.23
0.25
0.65
0.20
0.44
0.25
0.22
0.31
0.42
0.31
0.15
0.11
0.07
0.03
0.35
0.34
0.26
0.04
0.26
0.19
0.33
0.30
0.04
0.16
0.12
0.23
0.38
0.07
0.19
0.08
0.04
0.04
0.11
0.07
0.19
0.12
0.11
0.18
0.25
0.35
0.27
0.08
0.34
0.22
0.19
0.20
0.26
0.20
0.12
0.20
0.20
0.19
0.22
0.03
0.20
0.15
0.18
0.20
0.08
0.20
0.16
0.16
0.25
0.08
0.12
0.04
0.04
0.16
0.08
0.12
0.08
0.12
0.12
0.16
0.23
0.11
0.11
0.14
0.07
0.15
0.07
0.18
0.18
0.14
0.23
0.12
0.11
0.18
0.26
0.39
0.30
0.05
0.16
0.19
0.15
0.14
0.20
0.18
0.30
0.08
0.20
0.11
0.12
0.12
0.33
0.20
0.20
0.44
0.23
0.19
0.19
0.08
0.12
0.20
0.12
0.08
0.08
