GUESS    :WALKING
STARTTIME:1289047136948
ENDTIME  :1289047150747
LOCALSPD :0.0
LONGSPD  :0.0
LOCATION :Location[mProvider=network,mTime=1289047118445,mLatitude=55.7830402,mLongitude=12.3756458,mHasAltitude=false,mAltitude=0.0,mHasSpeed=false,mSpeed=0.0,mHasBearing=false,mBearing=0.0,mHasAccuracy=true,mAccuracy=90.0,mExtras=Bundle[mParcelledData.dataSize=148]]
ADDRESS :

3.30
1.87
4.10
4.03
2.64
3.87
13.59
4.47
9.49
4.37
3.91
1.38
0.97
2.75
3.64
4.33
5.05
2.91
4.74
5.69
0.25
3.06
2.11
2.15
4.59
3.17
9.92
4.74
9.30
4.22
2.30
1.43
0.57
3.23
2.36
5.46
8.28
4.26
5.57
4.94
2.52
1.06
2.38
3.49
2.56
4.94
9.00
1.54
6.17
5.05
3.79
0.69
0.90
1.92
5.05
2.81
6.91
3.68
5.87
5.58
1.54
1.31
2.49
4.32
2.07
5.24
10.58
3.06
8.23
4.52
4.10
1.43
1.83
3.65
3.83
5.71
3.95
6.03
4.21
2.66
0.38
1.53
2.36
4.26
2.37
7.78
8.01
4.39
7.93
2.72
1.68
1.08
1.54
3.41
4.03
5.34
4.58
2.32
1.27
3.49
1.47
1.84
2.19
1.46
3.91
4.54
4.77
4.71
2.42
4.25
2.37
2.32
2.11
0.57
1.14
0.99
2.00
2.07
1.44
1.02
2.26
2.33
3.64
3.95
3.90
2.96
1.96
2.44
0.80
2.64
1.08
0.89
1.33
0.68
1.63
0.83
0.61
0.76
0.37
0.56
1.38
1.76
1.93
1.69
3.27
0.14
1.14
1.35
1.76
2.15
0.99
4.14
3.04
3.01
2.22
1.48
0.89
1.43
1.33
0.84
2.07
4.84
3.83
9.38
10.73
3.20
3.77
4.94
3.68
0.42
2.07
3.17
1.47
1.33
1.76
0.86
0.46
0.76
0.71
0.19
0.59
0.79
0.27
0.50
0.65
0.15
0.59
0.35
0.23
0.31
0.16
0.34
0.35
0.29
0.20
0.30
0.14
0.23
0.23
0.16
0.31
0.20
0.35
0.29
0.34
0.41
0.16
0.19
0.18
0.07
0.20
0.35
0.31
0.12
0.31
0.30
0.37
0.31
0.44
0.33
0.25
0.07
0.08
0.04
0.04
0.20
0.25
0.42
0.27
0.03
0.26
0.27
0.12
0.08
0.19
0.14
0.14
0.18
0.08
0.23
0.07
0.18
0.16
0.11
0.18
0.22
0.20
0.22
0.12
0.31
0.30
0.23
0.07
0.26
0.14
0.15
