GUESS    :MOVING_SM
STARTTIME:1289047317628
ENDTIME  :1289047330537
LOCALSPD :0.0
LONGSPD  :0.0
LOCATION :Location[mProvider=network,mTime=1289047277820,mLatitude=55.7828869,mLongitude=12.3748444,mHasAltitude=false,mAltitude=0.0,mHasSpeed=false,mSpeed=0.0,mHasBearing=false,mBearing=0.0,mHasAccuracy=true,mAccuracy=56.0,mExtras=Bundle[mParcelledData.dataSize=148]]
ADDRESS :

0.45
0.39
1.29
1.35
1.08
1.46
4.37
1.53
4.10
0.68
3.75
2.26
0.90
1.50
1.73
0.65
0.74
1.47
1.59
0.86
1.46
1.89
0.38
1.08
1.57
0.38
0.69
1.39
0.45
0.34
0.82
1.12
0.19
0.90
0.84
0.45
0.86
1.17
1.76
1.29
1.04
0.59
1.08
1.53
0.37
0.89
0.64
0.50
0.53
1.20
0.99
0.64
2.10
0.57
1.18
0.41
1.73
0.76
1.83
1.27
2.06
0.98
1.31
1.18
0.46
0.50
0.49
1.23
0.76
0.86
1.83
2.91
2.27
0.84
1.18
0.99
0.53
0.64
0.95
1.14
1.10
1.61
2.03
2.18
1.46
2.45
0.95
0.57
1.24
1.61
1.08
1.16
1.69
2.45
2.26
4.14
1.87
2.21
1.99
0.35
1.04
0.69
1.77
2.68
1.85
2.03
1.14
1.69
0.49
1.12
0.80
0.87
1.91
1.96
1.06
0.69
0.38
1.68
1.36
0.61
1.43
0.83
0.46
0.78
0.82
0.76
0.54
0.25
1.18
1.04
0.63
0.98
0.57
1.27
0.57
0.68
0.49
0.37
0.69
0.56
0.63
0.57
0.98
2.18
1.83
0.87
1.87
1.57
1.57
1.53
0.48
1.02
1.16
0.93
1.10
1.24
0.49
0.49
0.44
1.18
0.72
0.87
0.46
0.34
0.27
0.80
0.76
0.72
0.76
0.11
1.04
1.33
1.65
1.17
0.97
0.99
0.29
0.60
0.52
0.78
0.64
0.80
0.65
0.72
1.05
1.80
1.77
1.57
2.00
1.43
0.86
0.65
0.91
1.06
0.30
0.34
0.38
0.15
0.38
0.34
0.45
0.65
0.46
0.98
1.13
0.42
0.42
0.42
0.53
0.42
0.61
0.34
0.15
0.35
0.59
0.61
0.65
0.97
0.34
0.57
0.61
0.97
1.01
2.91
0.61
1.57
0.08
0.44
1.61
0.57
0.76
0.61
0.54
0.71
1.54
0.87
1.08
1.16
1.58
1.06
0.76
0.38
0.39
0.74
0.61
0.45
0.31
0.23
1.29
1.27
1.72
1.95
1.50
0.93
0.37
0.71
