GUESS    :MOVING_ME
STARTTIME:1289047567504
ENDTIME  :1289047581587
LOCALSPD :0.0
LONGSPD  :0.0
LOCATION :Location[mProvider=network,mTime=1289047519695,mLatitude=55.780514,mLongitude=12.399435,mHasAltitude=false,mAltitude=0.0,mHasSpeed=false,mSpeed=0.0,mHasBearing=false,mBearing=0.0,mHasAccuracy=true,mAccuracy=1828.0,mExtras=Bundle[mParcelledData.dataSize=148]]
ADDRESS :

10.02
4.73
4.67
6.66
9.81
8.23
4.69
6.92
9.36
7.12
7.29
4.90
5.45
5.13
4.30
6.80
8.09
17.04
14.75
9.44
12.24
9.28
2.96
1.54
1.73
1.46
2.18
3.39
3.36
3.11
5.79
7.52
7.65
2.06
9.71
6.31
2.71
3.06
3.64
3.46
3.26
0.79
1.50
6.32
5.76
3.12
2.15
4.78
3.75
6.17
3.27
11.33
4.90
5.52
12.22
7.29
7.93
7.01
6.78
4.14
1.23
13.91
11.65
9.87
11.14
8.46
7.86
4.37
8.73
5.20
1.50
0.99
1.42
2.04
0.91
0.54
1.44
0.93
1.48
0.50
1.50
0.31
0.68
0.23
0.27
0.91
0.61
0.80
0.08
1.18
0.99
0.59
1.08
0.39
0.46
0.64
0.30
0.44
0.29
0.44
0.20
0.37
0.25
0.23
0.23
0.18
0.23
0.50
0.46
0.19
0.60
1.02
0.54
0.63
0.19
0.16
0.54
0.11
0.27
0.72
0.95
0.65
1.77
1.65
0.26
0.48
0.39
0.89
0.74
0.19
0.19
0.35
0.23
0.35
0.08
0.08
0.35
0.61
0.35
0.48
0.48
0.91
1.14
0.98
1.31
0.54
0.27
0.16
0.11
0.08
0.53
0.46
0.26
0.69
0.74
0.61
1.04
0.84
1.01
0.46
1.16
0.68
1.62
0.64
0.69
0.83
0.60
0.72
0.89
1.89
0.93
1.28
0.53
0.48
0.45
1.21
0.89
0.95
1.02
0.57
0.84
0.63
0.82
0.18
1.69
0.90
0.29
0.79
1.27
0.64
0.46
0.38
0.08
0.23
0.45
0.61
0.74
0.38
0.37
0.50
0.26
0.19
0.35
0.39
0.30
0.31
0.42
0.48
0.38
0.31
0.69
0.72
0.53
0.63
0.97
1.18
1.33
1.10
1.42
0.45
1.08
2.47
4.79
3.34
2.87
1.48
3.83
3.49
3.41
2.76
1.54
1.36
13.06
14.83
4.33
2.27
5.24
2.52
1.95
2.02
0.67
1.36
2.21
3.23
2.75
1.83
4.24
2.34
2.04
3.02
2.75
1.70
0.68
1.01
1.33
2.51
