GUESS    :IDLE
STARTTIME:1289047734408
ENDTIME  :1289047748837
LOCALSPD :2.0343902
LONGSPD  :0.13437757
LOCATION :Location[mProvider=network,mTime=1289047714164,mLatitude=55.78141425,mLongitude=12.37326835,mHasAltitude=false,mAltitude=0.0,mHasSpeed=false,mSpeed=0.0,mHasBearing=false,mBearing=0.0,mHasAccuracy=true,mAccuracy=66.0,mExtras=Bundle[mParcelledData.dataSize=148]]
ADDRESS :

0.12
0.06
0.05
0.04
0.02
0.04
0.04
0.04
0.04
0.02
0.01
0.03
0.03
0.03
0.03
0.03
0.02
0.02
0.02
0.03
0.02
0.03
0.01
0.01
0.02
0.01
0.03
0.02
0.02
0.02
0.01
0.01
0.01
0.01
0.01
0.01
0.01
0.00
0.00
0.01
0.01
0.01
0.01
0.01
0.01
0.01
0.01
0.01
0.01
0.01
0.00
0.02
0.01
0.01
0.01
0.00
0.01
0.01
0.01
0.02
0.00
0.01
0.01
0.01
0.01
0.02
0.01
0.00
0.01
0.01
0.02
0.02
0.01
0.01
0.01
0.01
0.01
0.02
0.02
0.02
0.02
0.01
0.00
0.01
0.02
0.01
0.01
0.01
0.00
0.01
0.01
0.01
0.01
0.00
0.01
0.01
0.01
0.01
0.01
0.01
0.01
0.01
0.01
0.02
0.01
0.02
0.01
0.00
0.00
0.01
0.01
0.01
0.01
0.01
0.01
0.00
0.00
0.00
0.00
0.01
0.00
0.00
0.00
0.00
0.00
0.00
0.00
0.00
