GUESS    :MOVING_SM
STARTTIME:1289044294858
ENDTIME  :1289044307837
LOCALSPD :0.0
LONGSPD  :0.07557483
LOCATION :Location[mProvider=network,mTime=1289044268004,mLatitude=55.7507868,mLongitude=12.377936250000001,mHasAltitude=false,mAltitude=0.0,mHasSpeed=false,mSpeed=0.0,mHasBearing=false,mBearing=0.0,mHasAccuracy=true,mAccuracy=65.0,mExtras=Bundle[mParcelledData.dataSize=148]]
ADDRESS :

0.42
0.35
0.38
0.42
1.10
2.36
2.27
2.04
1.84
1.48
1.10
0.84
0.68
1.28
1.73
1.14
0.53
0.97
1.57
1.32
1.35
1.20
2.79
1.58
1.42
0.42
0.39
0.27
0.12
0.48
0.46
0.42
0.45
0.15
0.54
0.71
0.19
0.59
0.20
0.16
0.12
0.19
0.44
0.90
0.34
0.60
0.39
0.23
0.39
0.46
0.39
0.15
0.26
0.29
0.38
0.11
0.19
0.07
0.16
0.11
0.31
0.54
0.26
0.25
0.41
0.71
0.39
1.08
0.63
1.87
0.83
1.87
1.54
3.79
0.84
2.33
0.38
0.26
0.71
0.61
0.86
1.32
0.60
0.98
0.99
0.63
0.63
1.42
0.27
1.91
3.34
2.75
3.15
1.29
0.86
0.38
0.89
0.80
1.95
0.84
0.90
2.64
0.89
1.27
1.96
2.12
2.07
2.02
1.61
0.45
0.38
0.84
0.72
0.61
1.09
0.12
0.89
0.57
0.98
2.26
0.30
0.67
0.49
0.60
0.79
0.53
0.46
0.45
0.48
0.83
1.31
1.76
3.23
1.88
2.18
1.12
0.76
0.53
0.89
0.57
1.76
0.68
0.89
0.52
0.49
0.15
0.30
0.27
0.27
0.07
0.26
0.19
0.15
0.23
0.23
0.12
0.04
0.23
0.19
0.12
0.20
0.16
0.30
0.68
0.68
0.50
1.24
1.89
2.72
1.39
1.05
1.57
1.40
1.97
1.43
1.92
1.50
0.68
1.48
2.96
1.68
1.57
0.53
0.34
0.72
1.48
3.72
3.31
1.88
3.26
2.91
3.76
2.34
1.27
1.06
0.34
2.41
0.82
2.91
3.99
3.00
4.41
1.21
3.60
2.49
2.47
1.02
1.18
0.19
1.10
0.68
0.30
1.69
3.53
2.87
6.62
4.20
7.10
0.93
2.71
1.84
1.23
0.68
1.12
0.89
1.08
2.60
2.87
5.90
2.86
4.33
3.19
3.17
1.88
1.84
0.94
1.05
2.11
2.36
0.61
5.22
3.76
1.76
3.36
3.70
3.23
1.20
1.18
2.23
1.65
3.26
3.99
4.45
4.21
3.68
3.64
