GUESS    :MOVING_SM
STARTTIME:1289044320723
ENDTIME  :1289044333967
LOCALSPD :0.0
LONGSPD  :0.045245152
LOCATION :Location[mProvider=network,mTime=1289044325686,mLatitude=55.75063646666666,mLongitude=12.377761033333334,mHasAltitude=false,mAltitude=0.0,mHasSpeed=false,mSpeed=0.0,mHasBearing=false,mBearing=0.0,mHasAccuracy=true,mAccuracy=60.0,mExtras=Bundle[mParcelledData.dataSize=148]]
ADDRESS :

3.06
3.09
5.20
4.39
1.92
1.80
5.39
5.69
2.79
4.26
12.94
5.63
5.39
6.70
2.30
1.14
0.72
3.70
2.64
8.73
2.02
2.83
4.86
4.14
1.84
0.91
2.52
3.92
1.29
3.08
4.48
5.72
2.82
5.82
2.22
2.34
1.38
0.74
0.74
1.33
0.80
5.82
5.05
5.79
3.80
2.83
1.46
2.67
2.53
1.55
0.79
3.41
3.43
2.97
1.72
1.57
1.18
1.48
1.59
2.19
1.80
1.17
2.02
1.97
0.37
1.74
4.15
1.04
2.33
0.53
0.89
0.57
0.35
0.23
0.22
0.39
0.16
0.50
0.16
0.16
0.50
0.30
0.45
0.27
0.72
0.26
0.34
0.69
0.38
0.35
0.31
0.26
0.37
0.12
0.35
0.39
0.31
0.26
0.27
1.29
1.20
1.99
1.77
0.63
1.16
1.27
1.42
1.46
2.25
1.54
1.72
2.76
3.41
1.04
0.93
0.82
0.99
0.84
2.07
1.04
1.95
2.36
0.61
2.64
0.95
1.42
2.26
1.05
0.93
0.61
0.27
0.54
0.84
0.69
1.08
0.46
0.50
0.50
0.42
1.28
0.39
1.20
1.05
1.44
0.84
0.68
0.54
0.65
1.10
0.68
0.35
0.26
0.42
1.04
0.15
0.38
0.64
0.41
0.19
0.38
0.31
0.15
0.23
0.42
0.64
0.23
0.19
0.54
0.37
0.22
0.46
0.44
0.34
0.23
0.16
0.38
0.19
0.26
0.07
0.12
0.07
0.25
0.31
0.29
0.44
0.26
0.15
0.05
0.49
0.53
0.19
0.14
0.38
0.23
0.05
0.22
0.19
0.34
0.42
0.54
0.44
0.38
0.30
0.31
0.12
0.19
0.15
0.12
0.39
0.38
0.65
1.38
1.89
2.86
1.91
1.73
0.31
0.67
0.42
1.27
0.52
1.32
2.75
0.74
1.88
2.66
2.10
3.26
4.88
5.20
0.84
2.91
0.98
0.86
1.53
1.20
1.04
1.83
1.91
1.05
2.03
2.41
1.83
0.61
1.40
0.93
1.29
0.89
1.10
0.97
0.50
0.76
0.87
0.50
0.30
0.61
