GUESS    :MOVING_SM
STARTTIME:1289044346877
ENDTIME  :1289044359847
LOCALSPD :0.0
LONGSPD  :0.045245152
LOCATION :Location[mProvider=network,mTime=1289044325686,mLatitude=55.75063646666666,mLongitude=12.377761033333334,mHasAltitude=false,mAltitude=0.0,mHasSpeed=false,mSpeed=0.0,mHasBearing=false,mBearing=0.0,mHasAccuracy=true,mAccuracy=60.0,mExtras=Bundle[mParcelledData.dataSize=148]]
ADDRESS :

0.45
0.37
0.26
0.09
0.03
0.11
0.05
0.12
0.08
0.14
0.07
0.04
0.04
0.03
0.02
0.05
0.06
0.03
0.03
0.01
0.02
0.03
0.02
0.06
0.05
0.01
0.03
0.02
0.01
0.02
0.03
0.02
0.06
0.05
0.04
0.04
0.01
0.04
0.02
0.05
0.03
0.04
0.05
0.07
0.04
0.07
0.03
0.05
0.01
0.03
0.04
0.06
0.07
0.02
0.02
0.04
0.01
0.03
0.02
0.03
0.03
0.01
0.04
0.02
0.03
0.03
0.04
0.01
0.01
0.01
0.03
0.01
0.01
0.04
0.04
0.04
0.02
0.03
0.05
0.02
0.03
0.02
0.03
0.03
0.01
0.02
0.03
0.02
0.04
0.03
0.05
0.05
0.06
0.08
0.06
0.05
0.03
0.02
0.01
0.03
0.04
0.06
0.06
0.05
0.03
0.03
0.02
0.02
0.02
0.06
0.06
0.04
0.03
0.01
0.04
0.04
0.03
0.04
0.04
0.04
0.04
0.04
0.04
0.03
0.03
0.00
0.01
0.02
