GUESS    :MOVING_HI
STARTTIME:1289044372738
ENDTIME  :1289044385732
LOCALSPD :0.0
LONGSPD  :0.059683457
LOCATION :Location[mProvider=network,mTime=1289044385703,mLatitude=55.7507868,mLongitude=12.377936250000001,mHasAltitude=false,mAltitude=0.0,mHasSpeed=false,mSpeed=0.0,mHasBearing=false,mBearing=0.0,mHasAccuracy=true,mAccuracy=65.0,mExtras=Bundle[mParcelledData.dataSize=148]]
ADDRESS :

3.55
0.82
0.48
0.60
0.36
0.37
0.42
0.28
0.29
0.28
0.26
0.50
0.39
0.28
0.44
0.41
0.24
0.49
0.81
0.41
0.67
0.72
0.82
0.28
0.89
0.77
0.52
0.43
0.32
0.35
0.05
0.31
0.10
0.31
0.05
0.13
0.11
0.13
0.30
0.30
0.13
0.14
0.18
0.15
0.28
0.25
0.05
0.18
0.20
0.10
0.17
0.07
0.12
0.21
0.07
0.14
0.24
0.31
0.15
0.12
0.29
0.14
0.09
0.09
0.16
0.11
0.22
0.41
0.50
0.11
0.29
0.13
0.21
0.20
0.40
0.11
0.08
0.36
0.09
0.33
0.24
0.12
0.31
0.20
0.27
0.08
0.15
0.28
0.25
0.04
0.11
0.36
0.15
0.09
0.21
0.22
0.13
0.25
0.36
0.10
0.42
0.21
0.25
0.17
0.19
0.13
0.06
0.19
0.18
0.08
0.22
0.16
0.08
0.19
0.07
0.13
0.12
0.10
0.33
0.05
0.30
0.23
0.20
0.19
0.20
0.38
0.26
0.17
