GUESS    :MOVING_SM
STARTTIME:1289044532018
ENDTIME  :1289044545107
LOCALSPD :0.0
LONGSPD  :0.0
LOCATION :Location[mProvider=network,mTime=1289044505831,mLatitude=55.7503176,mLongitude=12.3775279,mHasAltitude=false,mAltitude=0.0,mHasSpeed=false,mSpeed=0.0,mHasBearing=false,mBearing=0.0,mHasAccuracy=true,mAccuracy=75.0,mExtras=Bundle[mParcelledData.dataSize=148]]
ADDRESS :

0.91
0.41
0.56
0.68
0.31
0.39
0.34
0.03
0.83
1.24
1.53
0.87
1.08
0.59
0.34
0.42
0.89
0.75
1.06
0.80
0.41
0.19
0.44
0.26
0.71
1.04
1.06
0.89
0.79
1.63
0.87
0.99
1.25
0.97
1.25
0.95
0.56
0.49
0.46
0.64
0.57
0.86
0.72
0.50
0.33
0.38
0.30
0.39
0.15
0.49
0.22
0.03
1.24
0.89
0.83
0.90
0.97
0.79
1.42
2.74
1.04
1.14
0.49
0.15
0.95
0.53
0.91
0.98
2.83
1.04
0.80
0.89
0.50
1.01
0.50
0.95
0.69
0.15
0.89
1.12
2.19
1.63
2.42
1.53
0.80
1.44
1.84
1.39
1.43
0.84
1.10
1.27
1.28
0.71
1.46
1.08
0.64
0.84
0.49
0.99
0.56
1.06
0.76
0.72
0.46
0.97
1.59
0.69
1.72
3.06
1.42
1.14
4.06
1.14
1.28
1.14
1.61
1.84
0.90
0.74
1.80
0.69
0.83
0.99
1.40
1.05
0.64
0.46
0.65
0.61
0.53
1.16
0.89
2.79
1.38
0.42
1.20
0.97
1.23
1.46
0.72
1.02
1.04
0.54
0.19
0.31
0.95
0.76
0.49
0.59
0.49
0.53
0.35
0.27
0.16
0.23
0.23
0.61
0.31
1.10
0.86
0.72
1.18
0.84
1.14
0.72
0.50
1.70
1.76
2.14
1.42
1.40
0.41
1.89
0.84
1.23
1.42
1.16
1.23
1.69
1.27
0.93
0.42
0.45
0.49
0.30
0.42
0.34
0.19
0.27
0.20
0.20
0.34
0.46
0.74
1.29
0.89
0.46
0.84
0.50
0.35
0.53
0.57
0.34
0.35
0.08
0.20
0.83
0.71
0.61
0.15
0.34
0.08
0.08
0.15
0.23
0.39
0.56
0.50
0.61
0.98
1.28
2.33
3.42
0.60
0.82
0.80
0.60
1.18
0.42
0.94
0.54
0.45
0.30
0.38
0.44
0.42
0.33
0.33
0.16
0.30
0.15
0.50
0.38
0.26
3.11
2.18
4.63
2.00
2.30
2.03
1.77
1.32
0.97
0.50
0.71
