GUESS    :MOVING_SM
STARTTIME:1289044558038
ENDTIME  :1289044571587
LOCALSPD :0.0
LONGSPD  :0.0
LOCATION :Location[mProvider=network,mTime=1289044568243,mLatitude=55.7503176,mLongitude=12.3775279,mHasAltitude=false,mAltitude=0.0,mHasSpeed=false,mSpeed=0.0,mHasBearing=false,mBearing=0.0,mHasAccuracy=true,mAccuracy=75.0,mExtras=Bundle[mParcelledData.dataSize=148]]
ADDRESS :

0.11
0.42
0.27
0.20
0.16
0.30
0.19
0.15
0.19
0.15
0.22
0.03
0.11
0.16
0.15
0.08
0.08
0.08
0.23
0.20
0.23
0.27
0.16
0.11
0.27
0.08
0.25
0.16
0.11
0.29
0.18
0.19
0.16
0.03
0.11
0.03
0.10
0.08
0.08
0.08
0.12
0.16
0.20
0.35
0.35
0.07
0.15
0.10
0.11
0.38
0.39
0.23
0.11
0.18
0.15
0.14
0.11
0.19
0.23
0.07
0.23
0.07
0.29
0.35
0.39
0.23
0.12
0.35
0.20
0.34
0.39
0.57
0.41
0.83
0.50
0.19
0.33
0.29
0.22
0.15
0.42
0.80
0.38
0.59
0.80
0.61
0.38
0.33
0.42
0.59
0.11
0.86
0.59
0.68
0.57
0.31
0.61
0.35
0.22
0.60
0.93
1.25
0.41
0.34
0.14
0.33
0.89
0.38
0.34
0.34
0.60
0.65
0.57
0.37
0.76
0.50
0.18
0.19
0.42
0.84
1.27
1.18
0.38
0.19
0.59
0.29
0.16
0.49
0.45
0.49
0.25
0.23
0.30
0.11
0.76
0.46
0.93
0.76
0.53
0.72
1.20
0.12
0.08
0.68
0.53
0.49
0.76
0.23
0.38
1.91
0.97
0.59
1.08
0.38
0.50
0.15
0.20
0.29
0.15
0.38
0.38
0.20
0.15
0.16
0.12
0.30
0.04
0.15
0.04
0.23
0.25
0.12
0.15
0.29
0.22
0.16
0.15
0.08
0.19
0.08
0.04
0.08
0.22
0.30
0.07
0.11
0.25
0.31
0.23
0.16
0.08
0.25
0.12
0.16
0.04
0.19
0.19
0.39
0.37
0.12
0.04
0.12
0.20
0.12
0.38
0.46
0.82
0.42
0.37
0.22
0.18
0.07
0.42
0.53
0.16
0.16
0.26
0.12
0.31
0.11
0.30
0.27
0.41
0.08
0.16
0.33
0.89
1.29
0.93
0.61
0.91
1.01
0.80
0.35
0.52
0.93
1.59
3.31
3.32
3.41
0.84
1.96
0.78
0.72
0.11
0.53
0.57
0.53
1.73
1.18
0.41
1.55
5.16
5.91
6.47
3.58
