GUESS    :WALKING
STARTTIME:1289044937410
ENDTIME  :1289044950339
LOCALSPD :0.0
LONGSPD  :0.01743652
LOCATION :Location[mProvider=network,mTime=1289044931932,mLatitude=55.7495787,mLongitude=12.376896325,mHasAltitude=false,mAltitude=0.0,mHasSpeed=false,mSpeed=0.0,mHasBearing=false,mBearing=0.0,mHasAccuracy=true,mAccuracy=75.0,mExtras=Bundle[mParcelledData.dataSize=148]]
ADDRESS :

1.55
3.75
5.09
2.38
3.68
7.53
5.60
5.79
7.33
4.60
2.93
3.13
1.20
5.07
1.99
5.19
4.05
3.09
7.94
5.42
2.98
1.69
5.54
4.11
3.79
5.60
6.47
5.30
9.23
9.06
3.55
4.41
3.11
1.31
3.15
5.50
6.24
1.54
5.71
5.79
3.65
3.27
3.51
9.08
3.06
3.41
6.24
4.96
4.60
7.63
3.75
1.91
2.60
2.83
2.72
4.30
5.61
5.34
2.23
7.46
4.05
4.20
2.32
3.60
4.94
4.36
5.68
8.21
4.26
5.05
6.50
3.83
1.54
2.30
2.98
4.47
4.37
5.35
1.92
2.40
6.25
5.41
3.79
2.22
4.79
4.18
2.37
4.93
8.00
3.57
5.67
5.82
3.51
1.50
1.42
3.01
4.18
5.84
5.69
1.38
4.29
5.63
4.60
2.06
2.37
5.41
3.26
2.19
7.03
4.39
4.60
7.14
4.86
2.94
1.76
1.74
3.94
3.06
4.73
5.45
1.62
3.64
4.40
4.07
2.49
2.67
4.34
3.75
2.90
7.50
5.52
3.45
8.28
5.53
2.81
2.41
3.17
4.63
2.72
6.78
3.31
3.84
9.92
6.77
0.84
3.76
5.45
4.05
2.33
5.68
7.00
4.63
4.94
7.22
2.68
2.33
2.22
1.73
3.91
6.57
4.51
0.75
4.90
5.86
5.09
1.68
3.53
4.29
1.69
3.53
7.53
4.82
6.02
6.58
4.49
2.15
1.06
1.44
2.38
3.70
8.05
4.48
4.99
3.99
4.02
2.85
2.48
2.47
3.70
4.89
1.84
3.02
3.13
3.28
4.07
5.08
2.82
3.68
1.21
2.38
1.24
2.03
1.17
0.68
0.59
1.16
0.84
1.04
0.50
1.53
0.23
1.33
0.60
1.35
1.73
1.83
1.01
3.15
2.22
1.54
2.33
3.53
1.46
2.32
1.32
0.61
0.97
1.59
1.54
1.12
1.38
2.76
2.96
2.55
2.67
1.73
2.06
3.02
3.87
2.45
3.51
1.10
1.10
0.57
1.05
0.68
0.56
0.41
1.18
1.17
0.89
0.74
1.18
1.70
0.65
0.83
