GUESS    :MOVING_SM
STARTTIME:1289822321732
ENDTIME  :1289822335971
LOCALSPD :0.0
LONGSPD  :-1.0
LOCATION :Location[mProvider=network,mTime=1289822324962,mLatitude=55.78247699999999,mLongitude=12.51403608,mHasAltitude=false,mAltitude=0.0,mHasSpeed=false,mSpeed=0.0,mHasBearing=false,mBearing=0.0,mHasAccuracy=true,mAccuracy=53.0,mExtras=Bundle[mParcelledData.dataSize=148]]
ADDRESS :

0.04
0.08
0.25
0.12
0.07
0.15
0.16
0.12
0.16
0.12
0.08
0.08
0.12
0.12
0.04
0.08
0.12
0.16
0.08
0.25
0.20
0.04
0.16
0.16
0.19
0.11
0.12
0.20
0.08
0.08
0.12
0.04
0.16
0.12
0.20
0.16
0.25
0.03
0.19
0.04
0.16
0.08
0.04
0.12
0.08
0.08
0.16
0.12
0.11
0.15
0.20
0.12
0.04
0.19
0.22
0.34
0.03
0.37
0.04
0.08
0.12
0.23
0.19
0.12
0.12
0.15
0.31
0.25
0.12
0.12
0.12
0.12
0.16
0.34
0.18
0.53
0.26
0.26
0.08
0.15
0.16
0.15
0.42
0.23
0.76
0.11
0.46
0.23
0.08
0.20
0.19
0.31
0.26
0.42
0.08
0.19
0.11
0.31
0.15
0.25
0.12
0.16
0.20
0.23
0.27
0.27
0.27
0.16
0.08
0.12
0.31
0.22
0.30
0.11
0.26
0.04
0.08
0.19
0.38
0.11
0.42
0.30
0.08
0.20
0.25
0.20
0.04
0.20
0.20
0.08
0.12
0.08
0.12
0.04
0.04
0.20
0.25
0.20
0.08
0.08
0.12
0.12
0.11
0.19
0.04
0.12
0.04
0.25
0.12
0.08
0.25
0.16
0.16
0.15
0.04
0.19
0.12
0.04
0.08
0.12
0.12
0.12
0.12
0.08
0.12
0.20
0.12
0.15
0.23
0.18
0.12
0.12
0.16
0.16
0.08
0.12
0.08
0.12
0.04
0.08
0.12
0.16
0.12
0.08
0.16
0.08
0.04
0.04
0.04
0.04
0.12
0.16
0.16
0.12
0.12
0.12
0.12
0.12
0.08
0.16
0.20
0.12
0.16
0.20
0.08
0.25
0.16
0.12
0.04
0.12
0.08
0.12
0.04
0.12
0.12
0.04
0.12
0.23
0.15
0.12
0.16
0.20
0.25
0.16
0.12
0.29
0.08
0.29
0.12
0.08
0.16
0.12
0.08
0.12
0.20
0.04
0.12
0.08
0.08
0.04
0.12
0.20
0.08
0.19
0.11
0.12
0.12
0.12
0.04
0.16
0.12
0.08
0.20
0.12
0.04
0.12
