GUESS    :MOVING_ME
STARTTIME:1288768739149
ENDTIME  :1288768752086
LOCALSPD :0.1407091
LONGSPD  :0.015624607
LOCATION :Location[mProvider=network,mTime=1288768701049,mLatitude=55.75023515,mLongitude=12.378528750000001,mHasAltitude=false,mAltitude=0.0,mHasSpeed=false,mSpeed=0.0,mHasBearing=false,mBearing=0.0,mHasAccuracy=true,mAccuracy=78.0,mExtras=Bundle[mParcelledData.dataSize=148]]
ADDRESS :

0.53
1.39
1.99
2.64
1.27
2.57
1.61
1.04
0.94
0.93
1.33
1.14
2.76
3.65
2.27
0.93
0.93
0.76
0.99
0.45
0.38
0.68
0.54
0.72
1.80
1.12
0.86
1.76
1.20
2.19
0.78
2.17
1.55
1.12
0.87
1.53
3.11
3.46
2.78
0.97
1.06
1.16
0.34
1.16
0.50
0.34
0.23
0.50
0.30
0.25
0.31
0.22
0.34
0.27
0.63
0.53
0.37
0.34
0.42
0.52
0.26
0.94
0.50
0.61
0.56
0.23
0.27
0.37
0.74
1.14
0.65
0.97
1.36
1.18
0.60
2.18
0.90
3.04
3.69
0.59
2.22
2.49
3.17
1.59
1.33
1.63
0.31
1.39
0.42
0.52
0.31
2.56
2.18
2.89
3.87
1.65
2.10
4.13
2.18
2.57
2.75
3.60
3.96
2.48
0.84
3.64
2.56
2.52
0.99
1.12
0.39
1.46
0.53
0.89
1.54
1.70
1.33
2.57
4.54
5.20
6.86
11.55
4.78
3.45
5.12
1.38
1.96
1.93
8.28
12.68
10.08
15.51
21.59
19.75
11.32
3.72
3.46
4.25
2.62
2.15
2.75
2.64
1.89
1.17
1.85
1.97
2.76
1.69
2.62
5.43
1.76
3.42
2.14
2.89
3.50
2.62
4.33
5.90
7.87
6.82
5.63
3.95
5.28
1.16
1.99
2.29
4.73
5.92
2.76
1.42
1.27
2.45
0.97
2.40
1.88
3.32
4.25
3.90
4.44
4.28
2.14
3.12
0.65
1.18
1.10
4.66
3.11
6.70
1.57
8.39
1.73
1.63
0.91
1.62
1.61
3.46
5.09
5.58
3.50
3.61
3.17
1.38
4.13
2.14
2.19
3.42
2.85
3.69
7.08
2.64
3.09
2.25
3.68
3.19
1.27
4.10
3.64
3.15
2.33
3.55
1.16
1.08
1.58
1.68
0.95
2.64
4.48
2.07
3.65
3.49
5.87
3.42
2.68
1.59
1.65
2.44
1.93
3.96
2.45
3.94
3.99
4.33
2.15
6.28
2.53
2.79
0.27
0.74
0.74
1.05
1.92
3.87
0.97
3.30
4.73
4.06
