GUESS    :MOVING_ME
STARTTIME:1289463946578
ENDTIME  :1289463960265
LOCALSPD :6.4434156
LONGSPD  :13.01431
LOCATION :Location[mProvider=network,mTime=1289463902690,mLatitude=55.766916025,mLongitude=12.495192500000002,mHasAltitude=false,mAltitude=0.0,mHasSpeed=false,mSpeed=0.0,mHasBearing=false,mBearing=0.0,mHasAccuracy=true,mAccuracy=123.0,mExtras=Bundle[mParcelledData.dataSize=148]]
ADDRESS :

2.74
0.31
0.77
0.21
0.62
0.30
0.56
0.25
0.60
0.33
0.09
0.37
0.61
0.58
0.27
0.03
0.18
0.33
0.43
0.05
0.08
0.15
0.32
0.17
0.12
0.29
0.18
0.29
0.07
0.23
0.22
0.26
0.07
0.06
0.13
0.12
0.17
0.11
0.03
0.23
0.27
0.14
0.13
0.11
0.19
0.22
0.09
0.06
0.08
0.09
0.04
0.11
0.22
0.34
0.19
0.19
0.02
0.10
0.22
0.04
0.20
0.33
0.16
0.09
0.19
0.06
0.09
0.07
0.25
0.15
0.14
0.09
0.03
0.18
0.09
0.21
0.18
0.09
0.07
0.20
0.21
0.15
0.14
0.11
0.13
0.17
0.17
0.33
0.14
0.15
0.18
0.18
0.10
0.35
0.31
0.14
0.26
0.23
0.27
0.19
0.32
0.37
0.32
0.25
0.26
0.30
0.31
0.33
0.26
0.41
0.28
0.28
0.20
0.27
0.09
0.19
0.22
0.36
0.37
0.11
0.21
0.06
0.47
0.21
0.39
0.27
0.26
0.27
