GUESS    :MOVING_ME
STARTTIME:1289463973679
ENDTIME  :1289463987452
LOCALSPD :NaN
LONGSPD  :14.142567
LOCATION :Location[mProvider=network,mTime=1289463902690,mLatitude=55.766916025,mLongitude=12.495192500000002,mHasAltitude=false,mAltitude=0.0,mHasSpeed=false,mSpeed=0.0,mHasBearing=false,mBearing=0.0,mHasAccuracy=true,mAccuracy=123.0,mExtras=Bundle[mParcelledData.dataSize=148]]
ADDRESS :

2.68
0.47
0.71
0.36
0.52
0.50
0.31
0.35
0.25
0.32
0.27
0.46
0.41
0.19
0.26
0.24
0.62
0.12
0.60
0.12
0.18
0.07
0.08
0.27
0.07
0.27
0.11
0.51
0.14
0.32
0.20
0.21
0.06
0.04
0.44
0.08
0.30
0.16
0.07
0.12
0.24
0.17
0.11
0.27
0.11
0.09
0.09
0.11
0.12
0.09
0.06
0.17
0.19
0.14
0.38
0.07
0.12
0.08
0.06
0.26
0.08
0.26
0.16
0.20
0.10
0.14
0.22
0.18
0.07
0.13
0.31
0.12
0.06
0.17
0.05
0.25
0.12
0.34
0.12
0.29
0.25
0.11
0.18
0.08
0.10
0.23
0.12
0.12
0.23
0.08
0.14
0.14
0.11
0.15
0.15
0.18
0.29
0.10
0.32
0.05
0.21
0.22
0.13
0.04
0.05
0.13
0.26
0.11
0.02
0.18
0.17
0.09
0.06
0.14
0.19
0.12
0.22
0.14
0.18
0.13
0.22
0.06
0.16
0.19
0.20
0.19
0.04
0.26
