GUESS    :MOVING_ME
STARTTIME:1289463038870
ENDTIME  :1289463052626
LOCALSPD :3.3203845
LONGSPD  :4.183022
LOCATION :Location[mProvider=network,mTime=1289463003200,mLatitude=55.754222125,mLongitude=12.412026925000001,mHasAltitude=false,mAltitude=0.0,mHasSpeed=false,mSpeed=0.0,mHasBearing=false,mBearing=0.0,mHasAccuracy=true,mAccuracy=60.0,mExtras=Bundle[mParcelledData.dataSize=148]]
ADDRESS :

1.92
0.15
0.26
0.20
0.17
0.19
0.10
0.49
0.20
0.26
0.11
0.18
0.27
0.04
0.25
0.10
0.19
0.06
0.19
0.27
0.24
0.07
0.03
0.30
0.25
0.04
0.23
0.09
0.09
0.13
0.23
0.12
0.05
0.15
0.12
0.02
0.15
0.20
0.17
0.20
0.07
0.12
0.11
0.10
0.08
0.32
0.16
0.11
0.07
0.13
0.05
0.21
0.09
0.11
0.16
0.06
0.08
0.11
0.15
0.14
0.10
0.11
0.16
0.08
0.09
0.15
0.08
0.13
0.09
0.06
0.04
0.11
0.05
0.07
0.10
0.13
0.21
0.09
0.02
0.12
0.26
0.04
0.11
0.13
0.03
0.09
0.06
0.02
0.10
0.07
0.06
0.12
0.04
0.08
0.06
0.22
0.12
0.05
0.16
0.10
0.13
0.01
0.13
0.06
0.05
0.05
0.20
0.08
0.18
0.14
0.12
0.15
0.08
0.11
0.25
0.15
0.13
0.04
0.09
0.07
0.15
0.07
0.03
0.11
0.11
0.05
0.09
0.04
