GUESS    :MOVING_ME
STARTTIME:1289463148968
ENDTIME  :1289463162826
LOCALSPD :14.656585
LONGSPD  :1.630246
LOCATION :Location[mProvider=network,mTime=1289463121577,mLatitude=55.75424,mLongitude=12.371964,mHasAltitude=false,mAltitude=0.0,mHasSpeed=false,mSpeed=0.0,mHasBearing=false,mBearing=0.0,mHasAccuracy=true,mAccuracy=726.0,mExtras=Bundle[mParcelledData.dataSize=148]]
ADDRESS :

7.18
1.48
2.72
3.02
4.29
2.22
1.48
5.48
4.20
5.11
1.99
1.53
4.21
5.01
2.62
3.19
1.69
1.43
2.14
1.21
2.93
2.87
1.23
2.14
2.03
1.92
0.27
1.38
1.77
0.93
2.34
2.08
0.65
1.96
1.46
0.67
0.72
0.54
1.04
1.18
1.33
1.99
1.61
2.10
0.90
1.08
2.64
1.96
0.86
2.81
2.49
1.73
1.73
1.83
1.05
0.94
2.18
2.64
2.67
2.44
2.55
1.58
2.62
2.18
0.90
3.64
1.27
2.00
1.84
2.72
0.74
1.61
1.10
1.24
4.06
1.29
1.08
1.16
1.47
2.33
2.62
2.23
2.45
2.22
0.80
2.47
0.78
0.99
3.49
1.31
1.42
1.76
3.11
4.02
1.38
1.55
2.27
1.95
2.15
0.83
3.11
1.31
1.84
2.97
2.96
0.98
1.95
3.23
0.41
4.02
1.91
1.25
0.49
1.88
2.67
2.52
1.33
3.11
2.08
2.11
2.07
1.69
3.76
3.38
1.62
1.48
0.89
1.16
2.11
0.53
0.23
1.27
2.03
2.72
2.64
1.28
1.42
1.96
1.92
2.41
2.27
0.50
0.86
2.96
0.95
0.76
1.80
0.91
1.97
0.35
2.81
1.39
2.17
2.15
1.48
2.40
1.46
2.04
2.45
3.41
2.64
1.10
1.36
3.66
3.04
0.98
1.84
1.36
1.88
2.40
3.38
1.72
2.83
2.96
2.79
2.52
1.69
2.87
1.80
3.72
2.71
2.57
4.10
2.56
3.06
3.11
2.72
1.70
1.80
3.75
1.68
1.27
2.55
2.21
2.89
2.00
1.76
3.11
5.13
4.32
2.67
1.63
1.16
1.42
2.90
3.60
3.70
4.40
2.53
3.36
1.87
0.99
2.12
1.76
1.20
2.52
0.95
2.66
3.28
1.43
1.29
1.61
1.28
0.99
0.15
1.14
1.57
3.61
1.78
0.80
2.11
1.08
1.62
2.68
1.57
2.06
5.69
1.73
1.96
2.68
3.35
1.14
1.32
1.33
2.03
0.26
2.25
0.54
2.04
1.09
2.71
1.04
0.15
3.53
1.31
3.02
