GUESS    :MOVING_ME
STARTTIME:1289463273751
ENDTIME  :1289463287877
LOCALSPD :0.0
LONGSPD  :1.1798668
LOCATION :Location[mProvider=network,mTime=1289463263423,mLatitude=55.75424,mLongitude=12.371964,mHasAltitude=false,mAltitude=0.0,mHasSpeed=false,mSpeed=0.0,mHasBearing=false,mBearing=0.0,mHasAccuracy=true,mAccuracy=726.0,mExtras=Bundle[mParcelledData.dataSize=148]]
ADDRESS :

0.53
1.73
0.30
0.35
0.91
0.74
0.57
1.38
0.39
2.76
3.87
1.85
2.04
1.12
1.04
2.26
1.48
1.46
3.31
2.14
1.63
1.76
1.31
1.72
0.61
2.72
1.18
1.20
1.92
0.69
0.80
1.58
2.90
2.38
0.64
1.27
1.20
2.93
5.24
5.94
6.55
8.54
9.51
3.06
9.72
1.83
7.90
3.88
2.81
3.77
3.80
3.64
4.02
2.75
3.54
1.39
1.20
1.93
0.60
1.04
2.49
3.55
2.22
1.48
5.37
5.75
2.76
3.36
3.32
3.19
0.83
2.45
1.13
1.87
1.50
1.02
1.80
0.25
2.42
1.61
2.45
1.84
1.84
2.33
1.39
2.96
1.24
1.76
7.56
10.01
2.41
8.58
2.34
7.44
2.64
2.91
6.43
3.83
5.16
4.94
1.08
3.68
2.38
2.59
2.52
2.40
2.89
1.80
4.64
2.29
1.58
5.94
0.84
4.18
0.29
1.35
2.68
1.57
3.19
0.95
1.54
0.87
2.74
2.64
0.86
1.31
0.30
1.92
2.45
1.80
0.31
1.35
2.03
1.57
2.25
1.55
2.03
0.69
0.69
1.65
1.39
1.33
1.36
2.52
1.81
1.38
0.99
2.03
1.92
0.71
0.94
0.74
0.48
2.79
1.80
0.97
1.92
0.87
1.33
1.43
1.76
1.50
1.66
3.06
0.98
4.11
3.54
1.12
2.90
0.84
0.87
1.65
1.87
1.10
1.42
2.15
3.05
2.72
1.42
1.38
2.00
0.89
3.55
2.42
1.32
0.97
1.73
0.89
1.38
1.58
1.55
1.13
0.64
2.51
2.11
1.53
1.14
1.87
1.23
1.14
1.18
0.97
1.13
0.76
2.48
2.86
1.18
1.91
0.39
1.21
2.68
0.83
1.53
0.72
2.76
4.96
4.45
2.37
2.30
3.72
1.36
1.42
0.78
2.30
1.80
2.90
1.95
2.29
5.46
2.79
5.82
2.07
4.06
2.53
6.76
2.79
5.33
6.44
4.11
5.97
2.10
4.92
4.18
5.79
8.09
2.18
1.72
7.80
5.97
3.83
2.37
3.39
1.69
2.06
3.58
3.85
