GUESS    :MOVING_ME
STARTTIME:1289463549038
ENDTIME  :1289463562500
LOCALSPD :0.0
LONGSPD  :3.1968153
LOCATION :Location[mProvider=network,mTime=1289463544988,mLatitude=55.75424,mLongitude=12.371964,mHasAltitude=false,mAltitude=0.0,mHasSpeed=false,mSpeed=0.0,mHasBearing=false,mBearing=0.0,mHasAccuracy=true,mAccuracy=726.0,mExtras=Bundle[mParcelledData.dataSize=148]]
ADDRESS :

2.39
0.18
0.18
0.45
0.60
0.49
0.15
0.38
0.51
0.34
0.05
0.12
0.30
0.29
0.14
0.17
0.51
0.31
0.48
0.11
0.38
0.24
0.08
0.15
0.47
0.12
0.12
0.25
0.09
0.26
0.14
0.13
0.10
0.18
0.19
0.16
0.19
0.07
0.16
0.02
0.17
0.10
0.12
0.12
0.09
0.17
0.06
0.31
0.12
0.07
0.07
0.13
0.11
0.01
0.01
0.17
0.15
0.08
0.05
0.10
0.05
0.22
0.11
0.13
0.11
0.04
0.09
0.15
0.10
0.06
0.07
0.12
0.11
0.05
0.11
0.01
0.14
0.04
0.17
0.09
0.11
0.09
0.15
0.16
0.05
0.03
0.21
0.22
0.05
0.10
0.10
0.08
0.15
0.07
0.09
0.03
0.26
0.14
0.07
0.08
0.17
0.07
0.07
0.11
0.20
0.12
0.11
0.16
0.10
0.23
0.33
0.11
0.06
0.11
0.10
0.18
0.19
0.06
0.26
0.13
0.05
0.18
0.20
0.06
0.08
0.22
0.29
0.09
