GUESS    :MOVING_SM
STARTTIME:1288822954061
ENDTIME  :1288822969648
LOCALSPD :-1.0
LONGSPD  :-1.0
LOCATION :Location[mProvider=network,mTime=1288822924942,mLatitude=55.749566400000006,mLongitude=12.37671915,mHasAltitude=false,mAltitude=0.0,mHasSpeed=false,mSpeed=0.0,mHasBearing=false,mBearing=0.0,mHasAccuracy=true,mAccuracy=50.0,mExtras=Bundle[mParcelledData.dataSize=148]]
ADDRESS :

11.96
0.98
0.44
0.25
0.48
0.65
0.99
0.57
0.27
0.22
0.31
0.49
0.27
0.19
0.19
0.31
0.38
0.31
0.16
0.15
0.38
0.41
0.29
0.54
0.89
0.69
0.44
0.34
0.27
0.20
0.22
0.26
0.20
0.34
0.26
0.20
0.25
0.20
0.04
0.12
0.20
0.16
0.25
0.25
0.12
0.12
0.04
0.04
0.15
0.23
0.12
0.34
0.82
0.39
0.08
0.08
0.20
0.16
0.15
0.18
0.11
0.08
0.04
0.08
0.04
0.12
0.18
0.14
0.12
0.08
0.04
0.08
0.04
0.08
0.08
0.08
0.15
0.11
0.16
0.08
0.16
0.15
0.11
0.10
0.08
0.12
0.08
0.16
0.12
0.12
0.08
0.07
0.07
0.04
0.08
0.08
0.08
0.04
0.12
0.04
0.08
0.15
0.11
0.27
0.38
0.15
0.08
0.12
0.08
0.04
0.08
0.04
0.04
0.11
0.08
0.11
0.08
0.08
0.04
0.12
0.16
0.08
0.12
0.04
0.04
0.12
0.04
0.08
0.08
0.08
0.10
0.10
0.08
0.16
0.23
0.20
0.08
0.42
0.67
0.75
1.20
6.05
4.21
0.99
0.18
0.19
0.33
0.64
0.95
0.53
0.22
0.07
0.08
0.08
0.15
0.15
0.30
0.22
0.26
0.14
0.12
0.19
0.23
0.23
0.15
0.19
0.10
0.19
0.19
0.19
0.11
0.03
0.04
0.08
0.04
0.08
0.04
0.12
0.15
0.19
0.16
0.16
0.19
0.15
0.08
0.04
0.04
0.12
0.12
0.12
0.12
0.12
0.08
0.08
0.12
0.08
0.12
0.15
0.10
0.15
0.23
0.19
0.08
0.12
0.20
0.23
0.19
0.20
0.15
0.19
0.23
0.27
0.16
0.03
0.23
0.38
0.20
0.22
0.19
0.30
0.80
1.50
0.84
0.38
0.11
0.34
0.53
0.56
0.50
0.52
0.31
0.22
0.39
0.30
0.34
0.27
0.11
0.23
0.35
0.59
0.50
0.35
0.38
0.30
0.23
0.18
0.22
0.19
0.18
0.23
0.19
0.19
0.11
0.18
0.03
0.19
