GUESS    :MOVING_HI
STARTTIME:1289324265359
ENDTIME  :1289324279721
LOCALSPD :0.0
LONGSPD  :-1.0
LOCATION :Location[mProvider=network,mTime=1289324265094,mLatitude=55.7495768,mLongitude=12.377095950000001,mHasAltitude=false,mAltitude=0.0,mHasSpeed=false,mSpeed=0.0,mHasBearing=false,mBearing=0.0,mHasAccuracy=true,mAccuracy=51.0,mExtras=Bundle[mParcelledData.dataSize=148]]
ADDRESS :

8.73
1.93
3.34
0.94
2.30
1.80
0.86
0.35
0.82
0.75
0.68
0.91
0.42
0.95
0.29
0.89
1.03
2.20
0.82
1.24
0.74
0.52
0.83
0.75
0.49
1.73
0.28
1.60
0.69
1.23
0.32
0.82
0.94
1.06
0.62
0.41
0.28
0.29
0.10
0.61
0.48
0.46
0.78
0.54
0.41
0.35
0.28
0.28
0.37
1.00
0.25
0.46
0.44
0.82
0.63
0.47
0.55
0.11
0.65
0.40
0.68
0.30
0.28
0.31
0.39
0.44
0.37
0.70
0.35
0.37
0.34
0.95
0.93
0.75
0.82
0.47
0.29
0.81
1.13
0.11
1.32
0.18
0.98
0.23
0.35
0.76
0.25
0.14
0.82
0.84
0.82
0.71
0.39
0.63
0.43
0.22
0.69
0.30
0.40
0.06
0.68
0.16
0.28
0.08
0.37
0.39
0.39
0.39
0.34
0.83
0.68
0.39
0.65
0.71
0.68
0.41
0.16
0.55
0.50
0.60
0.46
0.28
0.09
0.34
0.35
0.68
0.32
0.38
