GUESS    :MOVING_SM
STARTTIME:1289324673312
ENDTIME  :1289324686441
LOCALSPD :0.0
LONGSPD  :0.07328958
LOCATION :Location[mProvider=network,mTime=1289324683359,mLatitude=55.7507868,mLongitude=12.377936250000001,mHasAltitude=false,mAltitude=0.0,mHasSpeed=false,mSpeed=0.0,mHasBearing=false,mBearing=0.0,mHasAccuracy=true,mAccuracy=65.0,mExtras=Bundle[mParcelledData.dataSize=148]]
ADDRESS :

1.18
0.82
0.16
0.19
0.65
0.34
0.54
0.64
0.57
0.30
0.46
1.88
1.04
0.93
0.93
1.06
1.08
1.85
1.80
1.53
0.78
1.27
1.01
0.34
0.79
0.42
0.53
0.63
0.33
0.52
0.41
0.38
0.30
0.35
0.44
0.65
0.41
0.27
0.14
0.54
0.63
0.80
0.19
0.89
0.23
0.44
0.19
0.38
0.19
0.18
0.30
0.25
0.54
0.38
0.29
0.27
0.27
0.18
0.38
0.27
0.26
0.39
0.19
0.69
0.99
1.29
0.99
1.65
1.04
0.76
0.49
1.04
0.67
0.72
0.45
1.69
0.91
0.99
1.35
0.95
0.50
0.46
0.45
0.46
0.08
0.33
0.46
0.25
0.46
0.38
0.18
0.35
0.67
0.41
0.34
0.30
0.20
0.16
0.38
0.38
0.50
0.44
0.30
0.11
0.22
0.37
0.26
0.93
0.61
0.19
0.78
1.04
0.80
1.05
0.56
0.37
0.74
0.56
0.56
0.57
0.59
1.04
0.50
1.46
0.57
0.80
0.54
0.53
0.75
0.93
0.64
0.99
0.65
1.16
0.59
0.68
0.54
1.20
0.49
0.20
0.61
0.38
0.39
0.75
0.23
0.19
0.12
0.31
0.29
0.49
0.31
0.60
0.30
0.80
0.68
0.76
1.91
0.99
1.80
0.63
0.89
0.03
0.71
0.68
0.27
0.52
0.12
0.80
0.30
0.78
0.52
0.25
0.35
0.75
0.34
0.57
0.34
0.37
0.84
0.18
0.08
0.63
0.57
0.41
0.61
0.97
0.93
0.20
0.20
0.76
0.74
0.50
0.25
0.23
0.19
0.61
0.23
0.27
0.37
0.98
1.42
1.50
1.12
0.91
1.53
0.98
0.57
0.93
0.82
0.69
1.10
1.91
5.03
0.84
1.14
0.68
1.28
1.51
0.80
0.42
1.16
1.77
0.15
0.67
0.44
1.51
1.46
0.84
1.09
2.07
1.63
2.87
1.95
1.04
1.33
0.61
1.10
0.93
0.37
1.18
1.02
0.97
0.68
0.46
0.38
1.10
0.31
1.18
1.18
0.91
0.97
0.49
0.86
0.99
0.93
0.39
