GUESS    :MOVING_SM
STARTTIME:1289324738542
ENDTIME  :1289324751711
LOCALSPD :0.0
LONGSPD  :0.09551825
LOCATION :Location[mProvider=network,mTime=1289324743420,mLatitude=55.75079456666666,mLongitude=12.377758,mHasAltitude=false,mAltitude=0.0,mHasSpeed=false,mSpeed=0.0,mHasBearing=false,mBearing=0.0,mHasAccuracy=true,mAccuracy=54.0,mExtras=Bundle[mParcelledData.dataSize=148]]
ADDRESS :

0.19
0.11
0.15
0.27
0.49
0.34
0.37
0.16
0.08
0.27
0.04
0.20
0.18
0.26
0.16
0.23
0.11
0.19
0.42
0.31
0.53
0.94
0.82
0.42
1.02
1.27
0.41
0.64
1.48
0.60
0.69
1.10
0.90
0.31
1.31
0.23
0.68
0.39
0.54
0.56
0.80
0.25
0.30
0.20
0.25
0.46
0.18
0.72
0.80
0.67
0.67
0.38
0.72
1.08
1.57
0.69
2.66
2.26
1.62
4.25
4.73
0.95
1.44
2.14
2.18
0.72
1.16
1.25
1.57
0.64
0.83
0.65
1.50
0.34
0.26
0.27
0.78
0.64
1.61
0.46
0.23
0.11
0.19
0.19
0.42
0.57
0.48
0.84
0.41
0.41
0.50
0.95
0.63
0.99
0.80
1.80
1.06
0.42
0.42
0.39
0.54
0.91
0.53
0.49
0.48
0.44
0.23
0.31
0.42
0.34
0.95
0.83
0.95
0.38
0.64
0.41
0.30
1.04
0.76
1.14
0.98
1.53
1.35
1.08
1.08
1.50
0.93
0.89
1.16
1.50
0.78
0.42
0.57
0.29
0.38
0.49
0.95
0.44
0.76
0.61
0.20
0.78
1.35
0.90
0.57
0.72
0.76
0.44
0.68
0.75
0.69
1.33
0.74
0.57
1.33
1.29
1.24
0.59
0.12
0.59
1.17
0.65
0.56
1.59
1.27
2.52
0.53
3.53
1.51
2.27
1.06
0.49
0.44
1.27
0.84
0.61
0.22
0.53
0.41
1.27
1.81
1.58
1.23
1.53
0.27
0.89
1.24
1.77
1.59
1.87
0.35
0.84
1.18
1.63
0.93
0.50
1.04
0.78
0.86
0.23
0.68
0.49
0.34
0.35
0.35
0.34
0.68
0.41
0.74
0.46
0.84
0.49
0.41
0.54
0.89
0.44
0.68
0.69
0.65
0.76
1.02
0.11
0.04
0.46
0.56
0.72
0.34
0.12
0.53
0.45
0.94
0.68
0.83
0.42
0.46
0.46
0.38
0.87
0.31
0.42
1.04
0.27
0.57
0.20
0.54
0.71
0.65
0.42
1.04
0.34
0.65
0.67
0.87
1.17
0.87
1.12
