GUESS    :MOVING_SM
STARTTIME:1287924462888
ENDTIME  :1287924477327
LOCALSPD :0.0
LONGSPD  :0.0
LOCATION :org.peterstrand.service.LocationWrapper@44b0f000
ADDRESS :

0.69
0.61
1.43
0.64
1.18
0.18
0.64
0.57
0.93
0.78
0.45
0.23
0.30
0.61
0.74
0.45
0.57
0.34
0.53
0.42
0.35
0.61
0.80
0.54
0.59
0.59
0.78
0.31
0.46
0.14
0.67
0.26
0.33
0.65
0.19
0.27
0.35
0.48
0.30
0.12
0.31
0.19
0.12
0.16
0.31
0.59
0.45
0.14
0.37
0.22
0.20
0.29
0.27
0.23
0.12
0.03
0.34
0.38
0.39
0.72
0.27
0.11
0.44
0.23
0.30
0.44
0.53
0.27
0.42
0.65
0.74
0.60
0.22
0.82
0.37
0.46
0.74
0.45
1.01
0.84
1.04
0.99
0.97
0.80
0.91
0.49
0.59
0.39
0.76
0.75
0.84
1.20
1.10
0.08
0.63
0.56
0.18
0.44
0.56
0.15
0.64
0.74
0.45
0.64
0.41
0.42
0.41
0.46
0.18
0.31
0.34
0.34
0.15
0.20
0.38
0.19
0.67
0.38
0.46
0.31
0.42
0.35
0.60
0.61
0.12
0.20
0.23
0.27
0.44
0.22
0.34
0.63
0.46
0.68
0.46
0.33
0.49
0.30
0.76
0.80
0.61
0.80
0.80
1.02
0.89
0.91
0.78
0.80
1.50
0.50
0.90
0.26
0.29
0.31
0.26
0.53
0.19
0.23
0.59
0.75
0.61
0.76
0.76
0.87
2.00
3.21
1.29
4.99
4.26
2.82
1.99
5.49
4.75
2.96
2.38
2.45
0.97
0.50
0.76
0.35
0.42
1.54
0.46
0.98
0.56
0.48
0.89
0.38
1.38
3.75
1.85
5.67
2.04
3.06
2.42
1.23
0.95
1.12
1.55
1.28
1.01
0.99
0.42
0.52
0.15
0.38
0.64
0.80
0.23
0.50
0.15
0.22
0.26
0.35
0.20
0.31
0.30
0.34
0.07
0.45
0.42
0.12
0.16
0.26
0.41
0.12
0.27
0.26
0.19
0.42
0.50
0.42
0.31
0.50
0.42
0.39
0.31
0.20
0.53
0.19
0.31
0.27
0.14
0.30
0.19
0.12
0.23
0.18
0.04
0.25
0.19
0.18
0.07
0.15
0.20
0.35
