GUESS    :MOVING_SM
STARTTIME:1289232785089
ENDTIME  :1289232798398
LOCALSPD :0.0
LONGSPD  :0.0
LOCATION :Location[mProvider=network,mTime=1289232767665,mLatitude=55.7824811,mLongitude=12.514311,mHasAltitude=false,mAltitude=0.0,mHasSpeed=false,mSpeed=0.0,mHasBearing=false,mBearing=0.0,mHasAccuracy=true,mAccuracy=58.0,mExtras=Bundle[mParcelledData.dataSize=148]]
ADDRESS :

0.12
0.19
0.23
0.38
0.30
0.45
0.12
0.15
0.19
0.35
0.27
0.30
0.14
0.20
0.08
0.08
0.08
0.23
0.54
0.31
0.91
0.78
0.60
0.76
2.26
0.99
2.57
1.72
2.30
3.95
1.14
3.60
0.69
3.51
0.67
1.12
0.76
0.74
0.76
1.14
0.65
0.91
0.69
3.12
3.68
2.40
0.63
2.11
1.14
5.18
2.98
3.21
2.96
0.93
0.89
0.97
1.23
0.42
0.68
0.72
0.80
0.74
0.64
0.61
0.46
0.11
0.26
0.48
0.31
0.46
0.34
0.11
0.25
0.12
0.19
0.15
0.04
0.16
0.16
0.31
0.16
0.34
0.16
0.15
0.04
0.08
0.12
0.04
0.16
0.08
0.04
0.08
0.04
0.16
0.04
0.08
0.12
0.08
0.08
0.03
0.04
0.07
0.11
0.05
0.11
0.08
0.12
0.12
0.07
0.08
0.08
0.12
0.12
0.22
0.08
0.19
0.08
0.08
0.08
0.04
0.19
0.33
0.42
0.42
0.30
0.15
0.19
0.16
0.22
0.12
0.19
0.11
0.07
0.29
0.12
0.12
0.31
0.25
0.15
0.15
0.39
0.86
0.63
0.65
0.38
0.27
0.07
0.19
0.04
0.25
0.04
0.16
0.11
0.15
0.10
0.14
0.08
0.07
0.14
0.08
0.08
0.11
0.11
0.11
0.15
0.04
0.04
0.12
0.04
0.12
0.04
0.04
0.19
0.15
0.08
0.08
0.19
0.14
0.10
0.11
0.12
0.31
0.27
0.08
0.07
0.12
0.19
0.11
0.16
0.12
0.39
0.11
0.12
0.33
0.27
0.16
0.31
0.31
0.19
0.16
0.14
0.04
0.07
0.16
0.04
0.08
0.08
0.08
0.04
0.08
0.04
0.04
0.11
0.15
0.12
0.14
0.07
0.15
0.04
0.08
0.08
0.11
0.04
0.12
0.14
0.11
0.04
0.07
0.11
0.14
0.08
0.07
0.04
0.08
0.07
0.18
0.11
0.14
0.04
0.11
0.03
0.15
0.12
0.19
0.12
0.15
0.12
0.10
0.15
0.11
0.08
0.07
0.04
0.15
0.23
0.08
