GUESS    :MOVING_SM
STARTTIME:1289232851539
ENDTIME  :1289232864448
LOCALSPD :0.0
LONGSPD  :0.0
LOCATION :Location[mProvider=network,mTime=1289232827702,mLatitude=55.7824811,mLongitude=12.514311,mHasAltitude=false,mAltitude=0.0,mHasSpeed=false,mSpeed=0.0,mHasBearing=false,mBearing=0.0,mHasAccuracy=true,mAccuracy=58.0,mExtras=Bundle[mParcelledData.dataSize=148]]
ADDRESS :

0.16
0.12
0.04
0.15
0.12
0.07
0.11
0.11
0.14
0.11
0.07
0.15
0.19
0.04
0.12
0.08
0.12
0.11
0.12
0.12
0.12
0.12
0.08
0.12
0.08
0.08
0.08
0.04
0.12
0.16
0.25
0.12
0.20
0.16
0.08
0.19
0.15
0.49
0.76
0.19
0.27
0.69
0.63
0.38
0.05
0.22
0.07
0.07
0.41
0.23
0.41
0.12
1.08
1.43
2.48
0.90
1.62
2.64
2.11
1.74
3.57
2.12
0.14
1.08
0.87
0.65
0.34
1.92
3.72
1.33
5.64
4.40
5.60
4.52
4.18
2.45
4.59
1.14
1.88
2.56
0.99
2.30
2.56
2.25
1.51
1.76
1.32
3.96
2.82
2.11
2.74
2.45
2.02
1.31
1.53
1.01
0.53
1.01
1.33
0.72
0.76
1.61
2.11
0.89
0.91
1.57
2.83
2.56
2.78
1.28
3.19
1.08
0.35
0.61
1.70
2.67
0.74
1.29
0.42
0.72
0.67
0.54
1.02
0.61
0.42
0.57
0.42
0.42
0.42
0.57
0.34
0.59
0.56
0.75
0.57
1.06
0.26
1.16
1.81
0.19
1.23
0.76
0.65
0.34
0.53
0.61
0.42
0.12
0.50
0.39
0.34
0.46
0.45
0.31
0.44
0.16
0.08
0.12
0.19
0.12
0.04
0.19
0.11
0.15
0.27
0.30
0.12
0.07
0.35
0.26
0.15
0.19
0.29
0.15
0.10
0.19
0.30
0.26
0.29
0.15
0.19
0.19
0.16
0.12
0.11
0.14
0.19
0.19
0.15
0.22
0.22
0.26
0.23
0.20
0.20
0.08
0.04
0.23
0.26
0.26
0.19
0.19
0.16
0.19
0.25
0.22
0.38
0.31
0.18
0.18
0.11
0.34
0.34
0.31
0.07
0.19
0.50
0.44
0.30
0.23
0.30
0.31
0.23
0.31
0.30
0.23
0.19
0.30
0.16
0.07
0.42
0.50
0.45
0.69
0.94
0.65
0.98
0.63
0.84
0.76
1.72
0.84
2.07
0.57
1.92
0.89
0.16
0.41
0.61
0.42
0.76
0.65
0.30
0.34
0.22
0.33
