GUESS    :WALKING
STARTTIME:1289233381460
ENDTIME  :1289233394348
LOCALSPD :0.0
LONGSPD  :0.0
LOCATION :Location[mProvider=network,mTime=1289233368099,mLatitude=55.7824811,mLongitude=12.514311,mHasAltitude=false,mAltitude=0.0,mHasSpeed=false,mSpeed=0.0,mHasBearing=false,mBearing=0.0,mHasAccuracy=true,mAccuracy=58.0,mExtras=Bundle[mParcelledData.dataSize=148]]
ADDRESS :

9.30
6.39
9.72
16.78
8.55
5.48
8.54
6.85
3.49
6.51
10.88
9.00
9.30
6.97
7.97
3.72
5.09
7.93
3.09
7.06
9.59
5.48
5.82
11.20
9.19
7.89
5.97
9.13
7.08
7.19
14.87
7.65
12.79
5.97
6.28
2.71
5.28
7.41
3.36
4.79
7.82
6.58
7.71
10.61
8.50
6.91
7.91
8.25
3.43
8.17
10.43
7.33
10.57
7.15
6.73
3.39
8.35
9.90
4.34
4.69
7.19
10.54
12.99
11.95
6.89
5.31
8.49
6.42
2.56
11.01
10.53
8.20
6.22
5.71
6.28
2.85
8.69
3.54
8.77
8.46
3.15
9.85
15.02
10.23
7.08
5.13
8.08
7.97
4.14
14.26
10.84
10.62
5.52
7.93
4.67
5.01
12.18
1.95
6.85
9.62
3.99
9.78
15.10
8.79
8.16
4.75
9.68
4.03
3.42
15.35
10.69
11.97
5.41
7.16
3.83
3.36
10.54
1.65
6.97
9.62
5.05
9.87
9.38
9.34
8.77
7.85
7.94
4.60
9.00
17.24
10.01
14.60
2.90
6.93
3.41
6.31
7.61
3.02
4.32
6.78
8.50
10.38
12.86
7.59
5.12
7.94
9.58
4.33
10.96
14.06
7.46
10.11
8.34
5.61
2.32
6.16
3.98
3.16
4.77
7.38
7.82
11.65
11.54
9.64
3.51
10.32
9.49
7.21
12.63
10.94
5.08
8.02
4.56
6.37
2.86
8.70
3.85
6.55
9.21
4.47
10.53
13.72
11.06
6.78
5.12
8.24
6.81
6.36
11.52
9.30
6.32
11.71
6.93
6.85
1.95
9.74
6.31
5.16
6.17
3.79
10.42
12.87
13.48
7.52
3.88
9.19
7.57
7.34
10.61
12.87
7.44
10.57
6.62
5.79
2.87
8.00
5.33
3.77
5.91
5.12
9.14
11.60
9.93
7.23
5.27
6.66
8.73
5.91
12.08
12.00
11.92
11.35
6.13
7.29
3.96
9.60
7.55
7.16
9.82
5.01
9.07
12.34
8.96
6.40
5.64
7.01
7.52
8.80
11.81
6.33
10.96
9.04
5.83
3.06
7.44
5.69
