GUESS    :MOVING_SM
STARTTIME:1289233847291
ENDTIME  :1289233860248
LOCALSPD :0.0
LONGSPD  :0.0
LOCATION :Location[mProvider=network,mTime=1289233849045,mLatitude=55.7824811,mLongitude=12.514311,mHasAltitude=false,mAltitude=0.0,mHasSpeed=false,mSpeed=0.0,mHasBearing=false,mBearing=0.0,mHasAccuracy=true,mAccuracy=58.0,mExtras=Bundle[mParcelledData.dataSize=148]]
ADDRESS :

0.76
0.34
0.82
0.71
0.84
0.61
0.65
0.82
0.44
0.07
0.87
0.93
0.42
0.67
0.22
0.57
0.26
0.42
0.72
0.35
0.44
0.63
0.19
0.34
0.86
0.60
0.39
0.44
0.30
0.20
0.23
0.23
0.57
0.61
0.49
0.18
0.22
0.12
0.16
0.27
0.23
0.08
0.19
0.34
0.11
0.48
0.19
0.31
0.33
0.23
0.30
0.60
0.30
0.54
0.29
0.07
0.50
0.27
0.15
0.15
0.18
0.22
0.23
0.27
0.11
0.27
0.22
0.05
0.12
0.16
0.08
0.16
0.23
0.30
0.59
1.18
0.95
0.65
0.98
0.95
0.76
0.87
1.01
0.60
0.37
0.80
0.42
0.69
0.39
0.41
0.27
0.22
0.23
1.10
0.46
0.74
0.64
0.33
0.37
0.82
0.54
0.38
0.22
0.26
0.46
0.27
0.42
0.57
0.78
0.89
1.04
0.37
0.45
0.15
0.27
0.54
0.48
0.38
0.45
0.99
1.77
0.45
1.87
0.87
0.87
0.69
0.97
1.39
0.98
0.27
0.60
0.19
0.04
0.23
0.15
0.19
0.31
0.48
0.23
0.16
0.31
0.07
0.34
0.34
0.04
0.15
0.23
0.11
0.20
0.20
0.27
0.20
0.12
0.18
0.11
0.12
0.16
0.11
0.12
0.12
0.08
0.04
0.20
0.38
0.34
0.38
0.52
0.30
0.76
0.42
0.19
0.12
0.23
0.07
0.08
0.14
0.12
0.08
0.20
0.23
0.11
0.22
0.20
0.12
0.14
0.10
0.33
0.15
0.15
0.04
0.15
0.12
0.12
0.12
0.15
0.11
0.12
0.16
0.04
0.08
0.15
0.27
0.22
0.19
0.11
0.08
0.12
0.08
0.19
0.19
0.04
0.04
0.12
0.16
0.20
0.16
0.19
0.11
0.16
0.12
0.11
0.18
0.18
0.08
0.16
0.16
0.16
0.04
0.25
0.08
0.04
0.12
0.08
0.20
0.16
0.12
0.12
0.08
0.04
0.12
0.12
0.04
0.04
0.08
0.08
0.04
0.16
0.04
0.07
0.07
0.07
0.05
0.04
0.15
0.15
0.08
