GUESS    :MOVING_SM
STARTTIME:1289233937589
ENDTIME  :1289233950458
LOCALSPD :0.0
LONGSPD  :0.0
LOCATION :Location[mProvider=network,mTime=1289233909142,mLatitude=55.7824811,mLongitude=12.514311,mHasAltitude=false,mAltitude=0.0,mHasSpeed=false,mSpeed=0.0,mHasBearing=false,mBearing=0.0,mHasAccuracy=true,mAccuracy=58.0,mExtras=Bundle[mParcelledData.dataSize=148]]
ADDRESS :

0.25
0.19
0.33
0.26
0.50
0.34
0.35
0.35
0.42
0.38
0.74
0.44
0.33
1.10
0.72
0.54
0.45
0.72
0.76
1.85
2.98
0.98
2.90
0.61
1.44
0.91
0.99
1.46
0.87
2.52
1.50
1.17
1.43
1.72
0.34
0.61
1.50
1.80
0.41
0.69
1.23
2.17
1.46
1.29
1.12
1.31
1.73
5.87
6.07
7.21
17.35
7.71
4.59
5.99
6.59
3.04
1.24
0.69
0.42
0.80
0.53
0.57
0.23
0.53
0.64
0.76
1.17
0.38
0.82
0.50
0.26
0.19
0.42
1.36
1.10
1.50
0.38
0.89
0.78
0.42
1.87
1.76
0.80
1.69
1.84
2.11
2.37
2.08
3.65
5.72
1.88
1.63
2.26
3.60
3.15
1.50
0.90
0.93
0.97
1.62
1.16
1.14
0.86
0.99
0.27
0.59
0.45
1.08
1.17
0.84
1.21
1.06
0.91
1.18
0.49
1.04
2.56
0.26
2.48
4.28
0.72
1.66
1.42
1.35
0.38
0.64
2.06
3.45
2.10
1.91
1.73
1.55
1.29
2.10
1.54
0.68
1.31
4.29
1.88
2.32
3.23
1.92
10.15
4.81
7.90
7.82
5.33
3.83
2.70
2.30
1.29
1.59
0.65
1.01
2.29
3.96
1.27
1.55
1.92
2.14
0.84
1.78
1.23
0.37
0.30
0.83
0.53
0.20
0.27
0.35
0.27
0.12
0.18
0.26
0.50
0.04
0.31
0.42
0.42
0.38
0.26
0.31
0.38
0.08
0.30
0.27
0.27
0.61
0.38
0.23
0.44
0.23
0.53
0.59
0.39
0.27
0.50
0.16
0.25
0.27
0.22
0.11
0.29
0.34
0.45
0.31
0.44
0.30
0.61
0.39
0.04
0.35
0.31
0.39
0.27
0.33
0.27
0.38
0.45
0.38
0.27
0.35
0.38
0.20
0.38
0.19
0.61
0.37
0.50
0.39
1.99
1.51
1.42
1.99
4.48
6.93
5.48
7.59
2.12
2.15
1.27
2.75
1.08
1.69
0.69
1.80
1.10
1.50
0.76
0.27
0.59
0.34
0.19
0.61
0.53
0.50
