GUESS    :MOVING_SM
STARTTIME:1289234014811
ENDTIME  :1289234027708
LOCALSPD :0.0
LONGSPD  :0.0
LOCATION :Location[mProvider=network,mTime=1289233969237,mLatitude=55.7824811,mLongitude=12.514311,mHasAltitude=false,mAltitude=0.0,mHasSpeed=false,mSpeed=0.0,mHasBearing=false,mBearing=0.0,mHasAccuracy=true,mAccuracy=58.0,mExtras=Bundle[mParcelledData.dataSize=148]]
ADDRESS :

1.32
1.85
1.50
1.09
0.71
0.46
0.38
0.38
0.47
0.35
0.19
0.00
0.03
0.17
0.19
0.13
0.08
0.06
0.03
0.10
0.05
0.18
0.30
0.47
0.59
0.59
0.53
0.42
0.25
0.18
0.21
0.30
0.26
0.24
0.23
0.19
0.15
0.15
0.21
0.29
0.31
0.25
0.18
0.15
0.12
0.12
0.12
0.16
0.14
0.14
0.14
0.13
0.06
0.08
0.08
0.11
0.10
0.10
0.08
0.02
0.03
0.10
0.13
0.13
0.17
0.15
0.13
0.05
0.05
0.05
0.09
0.03
0.07
0.07
0.06
0.13
0.16
0.15
0.15
0.16
0.11
0.06
0.04
0.05
0.08
0.04
0.02
0.04
0.06
0.12
0.15
0.11
0.08
0.11
0.17
0.19
0.20
0.18
0.19
0.18
0.18
0.21
0.24
0.30
0.33
0.31
0.23
0.13
0.06
0.05
0.09
0.12
0.09
0.11
0.15
0.10
0.06
0.06
0.07
0.05
0.08
0.07
0.09
0.10
0.11
0.17
0.20
0.19
