GUESS    :MOVING_ME
STARTTIME:1289234040679
ENDTIME  :1289234053508
LOCALSPD :0.0
LONGSPD  :0.0
LOCATION :Location[mProvider=network,mTime=1289234029317,mLatitude=55.7824811,mLongitude=12.514311,mHasAltitude=false,mAltitude=0.0,mHasSpeed=false,mSpeed=0.0,mHasBearing=false,mBearing=0.0,mHasAccuracy=true,mAccuracy=58.0,mExtras=Bundle[mParcelledData.dataSize=148]]
ADDRESS :

1.96
1.08
0.78
1.42
0.82
0.39
0.30
1.84
1.50
2.68
1.43
1.33
1.35
1.42
3.87
1.08
2.87
1.54
1.73
1.53
1.47
1.38
1.12
1.44
0.91
2.00
0.75
0.87
1.20
2.72
2.19
1.80
2.26
1.25
0.68
3.66
1.72
2.03
2.22
2.70
1.89
3.13
0.95
0.83
3.02
3.06
1.10
0.95
1.20
2.47
1.84
1.29
1.88
2.12
1.33
0.34
2.68
1.18
1.12
0.53
1.10
0.97
1.72
1.25
1.33
1.43
1.89
1.43
2.08
4.00
2.30
0.61
1.18
1.97
0.82
3.91
2.03
0.97
1.43
1.06
1.92
1.77
1.17
0.90
2.38
2.34
0.34
1.06
2.36
0.54
2.14
3.13
1.53
2.02
1.23
0.72
1.57
2.18
2.15
0.95
3.28
1.88
1.62
2.87
1.04
0.99
1.42
3.02
2.14
2.07
0.91
0.89
1.40
1.62
2.83
1.39
1.65
1.27
0.93
0.97
1.76
1.76
1.12
0.99
1.13
0.80
0.80
0.78
1.63
2.23
1.04
1.40
0.72
2.83
3.79
1.38
0.82
0.34
1.53
0.64
1.44
2.72
1.85
2.08
1.35
1.31
0.76
1.08
1.02
0.75
1.21
1.16
2.76
0.84
1.72
2.52
2.18
1.53
1.27
2.04
4.21
2.14
1.43
1.73
0.95
1.91
0.99
1.93
1.06
0.65
1.89
0.95
2.18
0.30
1.54
2.11
0.57
2.98
6.07
4.78
3.08
2.85
1.31
1.65
1.36
0.95
3.15
2.02
2.03
0.41
2.64
1.63
2.02
2.11
1.33
0.99
1.92
3.98
1.61
1.76
1.76
1.54
1.92
1.48
2.57
1.50
1.89
1.38
2.55
6.78
2.81
2.33
1.69
2.32
2.27
1.78
1.80
1.72
0.23
2.41
1.65
1.31
1.18
1.84
1.31
1.01
1.16
2.23
3.42
0.69
1.53
1.51
1.84
1.89
1.38
2.96
0.74
1.54
1.95
1.25
1.24
0.59
2.82
1.92
2.72
1.10
1.84
3.38
1.38
4.25
1.96
2.98
5.09
2.33
2.17
3.80
