GUESS    :MOVING_ME
STARTTIME:1289234221209
ENDTIME  :1289234234148
LOCALSPD :0.0
LONGSPD  :0.0
LOCATION :Location[mProvider=network,mTime=1289234209637,mLatitude=55.7824811,mLongitude=12.514311,mHasAltitude=false,mAltitude=0.0,mHasSpeed=false,mSpeed=0.0,mHasBearing=false,mBearing=0.0,mHasAccuracy=true,mAccuracy=58.0,mExtras=Bundle[mParcelledData.dataSize=148]]
ADDRESS :

1.50
3.26
1.53
5.05
1.38
1.99
1.25
1.99
2.45
2.26
4.79
5.18
3.53
9.96
5.73
1.95
2.07
3.32
3.91
4.56
2.22
1.39
1.88
4.25
8.85
2.68
4.70
2.22
1.23
2.71
1.51
2.36
4.21
2.94
6.82
4.74
8.44
7.27
7.03
5.16
2.81
5.05
2.11
2.64
2.08
8.87
7.90
1.12
1.78
1.99
1.88
3.80
5.52
3.91
3.30
3.80
2.68
1.42
1.16
1.72
2.19
3.68
3.23
6.21
9.55
4.59
4.78
1.06
4.44
2.53
3.85
2.51
0.86
1.69
0.89
0.98
1.27
1.62
2.07
0.91
1.35
1.54
2.03
1.24
0.57
1.27
1.83
0.41
1.46
2.64
2.81
2.19
2.79
1.38
3.11
3.38
0.93
1.12
1.73
1.95
0.93
1.87
0.84
2.52
0.99
1.59
1.20
3.57
2.38
5.64
2.34
3.57
0.78
1.89
0.80
1.80
1.02
1.65
0.16
2.10
2.10
1.68
1.68
2.81
0.95
1.14
0.84
0.56
1.61
1.12
1.42
2.15
1.51
1.62
0.95
2.60
2.03
1.46
0.79
0.72
0.63
1.12
1.50
2.07
0.52
1.27
2.07
2.15
2.60
1.72
1.29
3.30
0.45
0.46
1.92
0.64
1.76
1.18
1.33
1.91
1.21
3.19
1.70
1.05
1.39
0.37
2.38
0.95
1.05
0.76
1.57
1.42
1.21
0.97
2.07
2.33
1.23
0.65
2.11
1.23
0.67
0.69
0.91
1.76
2.68
1.46
1.21
2.10
0.69
1.29
1.38
0.72
0.97
1.35
0.80
1.85
2.00
0.94
1.12
0.82
1.39
1.63
1.53
1.80
1.96
1.72
1.38
1.32
0.83
0.93
1.27
2.00
1.99
3.55
1.95
2.98
2.15
1.25
1.46
1.65
1.76
2.29
2.82
3.95
2.26
0.56
2.30
1.73
1.73
1.58
0.95
1.05
1.16
0.37
3.45
5.22
2.04
3.53
3.49
2.29
2.64
5.98
2.29
5.42
1.62
2.79
1.06
2.26
1.85
2.53
1.44
1.31
1.04
1.44
1.08
0.54
