GUESS    :MOVING_ME
STARTTIME:1289234311589
ENDTIME  :1289234324489
LOCALSPD :0.0
LONGSPD  :0.0
LOCATION :Location[mProvider=network,mTime=1289234269732,mLatitude=55.7824811,mLongitude=12.514311,mHasAltitude=false,mAltitude=0.0,mHasSpeed=false,mSpeed=0.0,mHasBearing=false,mBearing=0.0,mHasAccuracy=true,mAccuracy=58.0,mExtras=Bundle[mParcelledData.dataSize=148]]
ADDRESS :

2.23
0.27
0.79
0.03
0.11
0.18
0.24
0.38
0.46
0.09
0.14
0.55
0.32
0.40
0.18
0.44
0.11
0.13
0.17
0.19
0.08
0.14
0.09
0.25
0.25
0.23
0.17
0.08
0.12
0.13
0.07
0.13
0.04
0.18
0.19
0.08
0.13
0.22
0.16
0.11
0.16
0.05
0.07
0.11
0.10
0.07
0.20
0.11
0.43
0.31
0.20
0.29
0.26
0.11
0.18
0.13
0.21
0.23
0.29
0.27
0.27
0.26
0.10
0.10
0.10
0.23
0.14
0.31
0.06
0.11
0.13
0.15
0.13
0.07
0.17
0.20
0.08
0.16
0.11
0.14
0.14
0.17
0.04
0.17
0.07
0.20
0.05
0.15
0.07
0.15
0.08
0.13
0.08
0.03
0.04
0.19
0.18
0.18
0.11
0.08
0.13
0.12
0.06
0.11
0.12
0.04
0.06
0.27
0.11
0.20
0.09
0.04
0.07
0.09
0.03
0.17
0.19
0.16
0.21
0.14
0.14
0.14
0.07
0.18
0.07
0.15
0.18
0.25
