GUESS    :MOVING_SM
STARTTIME:1289234751830
ENDTIME  :1289234767420
LOCALSPD :0.0
LONGSPD  :0.0
LOCATION :Location[mProvider=network,mTime=1289234760328,mLatitude=55.7824811,mLongitude=12.514311,mHasAltitude=false,mAltitude=0.0,mHasSpeed=false,mSpeed=0.0,mHasBearing=false,mBearing=0.0,mHasAccuracy=true,mAccuracy=58.0,mExtras=Bundle[mParcelledData.dataSize=148]]
ADDRESS :

0.63
0.68
0.66
0.70
0.54
0.60
0.54
0.43
0.36
0.24
0.22
0.18
0.14
0.18
0.22
0.26
0.29
0.35
0.39
0.41
0.43
0.42
0.44
0.43
0.39
0.40
0.36
0.31
0.30
0.25
0.24
0.18
0.19
0.16
0.13
0.17
0.16
0.16
0.21
0.18
0.19
0.21
0.19
0.22
0.20
0.18
0.16
0.17
0.14
0.14
0.12
0.09
0.10
0.09
0.06
0.07
0.08
0.06
0.08
0.08
0.04
0.08
0.08
0.04
0.09
0.06
0.05
0.09
0.05
0.09
0.09
0.06
0.09
0.09
0.09
0.10
0.10
0.13
0.09
0.09
0.13
0.08
0.07
0.11
0.07
0.05
0.09
0.09
0.07
0.09
0.09
0.08
0.12
0.11
0.13
0.14
0.14
0.14
0.12
0.14
0.12
0.09
0.12
0.08
0.07
0.07
0.04
0.04
0.04
0.04
0.07
0.11
0.12
0.13
0.14
0.14
0.14
0.14
0.14
0.15
0.14
0.13
0.12
0.11
0.09
0.09
0.05
0.06
