GUESS    :IDLE
STARTTIME:1288379275980
ENDTIME  :1288379289670
LOCALSPD :-1.0
LONGSPD  :-1.0
LOCATION :Location[mProvider=network,mTime=1288379250927,mLatitude=55.58025056666667,mLongitude=13.428735833333334,mHasAltitude=false,mAltitude=0.0,mHasSpeed=false,mSpeed=0.0,mHasBearing=false,mBearing=0.0,mHasAccuracy=true,mAccuracy=75.0,mExtras=Bundle[mParcelledData.dataSize=148]]
ADDRESS :

0.07
0.08
0.04
0.04
0.03
0.07
0.04
0.12
0.08
0.16
0.15
0.07
0.14
0.18
0.18
0.30
0.20
0.10
0.07
0.11
0.11
0.11
0.18
0.08
0.08
0.07
0.07
0.07
0.33
0.46
0.53
0.08
0.26
0.31
0.23
0.10
0.15
0.08
0.11
0.11
0.07
0.19
0.15
0.07
0.04
0.11
0.19
0.12
0.04
0.04
0.04
0.08
0.08
0.08
0.08
0.08
0.12
0.08
0.08
0.04
0.08
0.04
0.07
0.07
0.04
0.08
0.04
0.08
0.07
0.11
0.11
0.26
0.11
0.04
0.08
0.04
0.11
0.11
0.12
0.04
0.15
0.07
0.04
0.11
0.11
0.08
0.08
0.12
0.04
0.12
0.12
0.11
0.10
0.03
0.12
0.08
0.04
0.04
0.08
0.12
0.11
0.07
0.08
0.03
0.15
0.04
0.08
0.12
0.11
0.07
0.04
0.07
0.07
0.04
0.11
0.11
0.12
0.12
0.11
0.07
0.12
0.03
0.19
0.12
0.08
0.11
0.07
0.08
0.04
0.08
0.08
0.27
0.19
0.04
0.04
0.08
0.08
0.08
0.04
0.04
0.08
0.04
0.08
0.04
0.04
0.08
0.04
0.08
0.08
0.04
0.08
0.08
0.08
0.03
0.07
0.08
0.11
0.11
0.08
0.07
0.03
0.04
0.04
0.08
0.12
0.16
0.08
0.07
0.07
0.08
0.07
0.08
0.14
0.07
0.04
0.08
0.08
0.11
0.10
0.11
0.04
0.08
0.04
0.08
0.12
0.12
0.12
0.04
0.08
0.12
0.11
0.11
0.04
0.12
0.04
0.04
0.08
0.04
0.08
0.15
0.19
0.04
0.11
0.11
0.08
0.11
0.15
0.12
0.15
0.10
0.11
0.08
0.12
0.12
0.15
0.15
0.11
0.15
0.08
0.07
0.11
0.08
0.08
0.12
0.08
0.08
0.08
0.08
0.08
0.04
0.08
0.08
0.04
0.12
0.16
0.08
0.08
0.04
0.08
0.11
0.11
0.08
0.12
0.08
0.11
0.15
0.04
0.04
0.04
0.08
0.04
0.08
0.07
0.12
0.04
0.11
