GUESS    :IDLE
STARTTIME:1287692548647
ENDTIME  :1287692561936
LOCATION :Location[mProvider=network,mTime=1287692523717,mLatitude=55.74958615,mLongitude=12.3767289,mHasAltitude=false,mAltitude=0.0,mHasSpeed=false,mSpeed=0.0,mHasBearing=false,mBearing=0.0,mHasAccuracy=true,mAccuracy=50.0,mExtras=Bundle[mParcelledData.dataSize=148]]
ADDRESS :

0.12
0.11
0.07
0.15
0.15
0.08
0.08
0.04
0.07
0.19
0.11
0.18
0.19
0.04
0.08
0.15
0.15
0.12
0.16
0.11
0.07
0.11
0.15
0.04
0.12
0.04
0.12
0.08
0.15
0.15
0.08
0.12
0.08
0.08
0.04
0.08
0.04
0.04
0.04
0.08
0.04
0.08
0.12
0.04
0.04
0.04
0.12
0.04
0.18
0.18
0.04
0.12
0.08
0.19
0.19
0.12
0.08
0.08
0.12
0.04
0.12
0.12
0.16
0.15
0.19
0.04
0.04
0.04
0.04
0.07
0.18
0.15
0.08
0.04
0.15
0.15
0.12
0.16
0.26
0.45
0.23
0.11
0.22
0.19
0.11
0.29
0.14
0.12
0.16
0.16
0.08
0.08
0.07
0.07
0.16
0.12
0.15
0.07
0.25
0.12
0.27
0.07
0.16
0.16
0.16
0.08
0.12
0.08
0.12
0.12
0.08
0.04
0.04
0.08
0.08
0.08
0.11
0.15
0.12
0.11
0.19
0.08
0.18
0.22
0.08
0.08
0.08
0.23
0.18
0.14
0.19
0.08
0.08
0.08
0.04
0.04
0.04
0.12
0.08
0.08
0.08
0.12
0.12
0.08
0.16
0.19
0.12
0.11
0.20
0.27
0.25
0.31
0.15
0.46
0.33
0.22
0.15
0.12
0.15
0.23
0.07
0.45
0.42
0.20
0.12
0.12
0.16
0.20
0.08
0.16
0.04
0.12
0.08
0.15
0.14
0.19
0.08
0.16
0.20
0.07
0.22
0.22
0.26
0.11
0.12
0.12
0.07
0.07
0.08
0.08
0.04
0.04
0.12
0.22
0.14
0.16
0.08
0.12
0.12
0.04
0.07
0.15
0.08
0.12
0.16
0.08
0.12
0.16
0.08
0.11
0.19
0.08
0.12
0.11
0.19
0.16
0.16
0.12
0.16
0.12
0.04
0.04
0.16
0.08
0.07
0.11
0.08
0.12
0.04
0.04
0.19
0.15
0.04
0.12
0.04
0.12
0.04
0.03
0.19
0.08
0.04
0.08
0.08
0.20
0.04
0.19
0.15
0.16
0.27
0.12
0.23
0.08
0.12
0.15
0.04
0.11
