GUESS    :MOVING_SM
STARTTIME:1288875041738
ENDTIME  :1288875055984
LOCALSPD :-1.0
LONGSPD  :-1.0
LOCATION :Location[mProvider=network,mTime=1288875042539,mLatitude=55.74958026666667,mLongitude=12.376720666666666,mHasAltitude=false,mAltitude=0.0,mHasSpeed=false,mSpeed=0.0,mHasBearing=false,mBearing=0.0,mHasAccuracy=true,mAccuracy=50.0,mExtras=Bundle[mParcelledData.dataSize=148]]
ADDRESS :

0.93
0.53
0.69
0.72
1.31
0.65
0.08
0.56
0.39
1.06
1.12
0.80
0.19
1.20
1.42
1.27
0.52
0.75
0.29
0.57
0.37
0.42
0.30
0.23
0.23
0.31
0.23
0.11
0.38
0.41
0.25
0.34
0.37
0.34
0.35
0.34
0.04
0.26
0.15
0.72
0.41
0.16
0.16
0.04
0.08
0.19
0.15
0.12
0.16
0.12
0.16
0.08
0.20
0.35
0.26
0.11
0.04
0.12
0.16
0.16
0.03
0.10
0.15
0.20
0.26
0.27
0.31
0.46
0.27
0.18
0.19
0.04
0.08
0.20
0.27
0.12
0.15
0.07
0.23
0.12
0.11
0.07
0.08
0.12
0.15
0.08
0.15
0.12
0.08
0.12
0.12
0.20
0.20
0.16
0.12
0.08
0.11
0.11
0.12
0.12
0.19
0.23
0.19
0.11
0.12
0.07
0.11
0.04
0.08
0.19
0.27
0.35
0.20
0.11
0.04
0.12
0.12
0.08
0.12
0.08
0.08
0.04
0.08
0.08
0.04
0.12
0.08
0.15
0.19
0.16
0.37
0.19
0.26
0.15
0.35
0.39
0.31
0.19
0.23
0.19
0.04
0.15
0.15
0.14
0.07
0.08
0.15
0.23
0.19
0.08
0.07
0.16
0.12
0.12
0.12
0.12
0.08
0.08
0.20
0.04
0.12
0.11
0.19
0.12
0.08
0.03
0.08
0.03
0.08
0.08
0.10
0.04
0.04
0.07
0.10
0.15
0.23
0.38
0.57
0.23
0.46
0.34
0.41
0.22
0.16
0.14
0.19
0.23
0.11
0.04
0.15
0.22
0.15
0.05
0.07
0.19
0.16
0.08
0.11
0.11
0.04
0.03
0.07
0.19
0.22
0.07
0.08
0.04
0.04
0.11
0.12
0.15
0.12
0.19
0.08
0.12
0.12
0.07
0.14
0.34
0.59
0.18
0.26
0.22
0.26
0.19
0.20
0.08
0.15
0.15
0.12
0.08
0.20
0.39
0.52
0.42
0.49
0.57
0.23
0.26
0.20
0.29
0.27
0.41
0.67
2.34
3.01
3.69
1.65
3.01
4.36
1.28
3.34
0.78
1.51
3.30
