GUESS    :MOVING_SM
STARTTIME:1288720833949
ENDTIME  :1288720848338
LOCALSPD :-1.0
LONGSPD  :-1.0
LOCATION :Location[mProvider=network,mTime=1288720823770,mLatitude=55.74958615,mLongitude=12.3767289,mHasAltitude=false,mAltitude=0.0,mHasSpeed=false,mSpeed=0.0,mHasBearing=false,mBearing=0.0,mHasAccuracy=true,mAccuracy=50.0,mExtras=Bundle[mParcelledData.dataSize=148]]
ADDRESS :

0.31
0.84
0.26
0.15
0.20
0.38
0.14
0.22
0.12
0.31
0.30
0.76
0.15
0.52
0.12
0.29
0.30
0.34
0.18
0.31
0.20
0.15
0.14
0.08
0.18
0.25
0.12
0.11
0.03
0.14
0.12
0.07
0.07
0.07
0.10
0.03
0.07
0.15
0.16
0.08
0.12
0.16
0.07
0.15
0.16
0.10
0.14
0.18
0.12
0.03
0.10
0.11
0.08
0.05
0.10
0.14
0.11
0.07
0.04
0.11
0.04
0.07
0.04
0.07
0.15
0.18
0.07
0.10
0.16
0.10
0.08
0.08
0.07
0.11
0.07
0.11
0.11
0.11
0.19
0.14
0.10
0.08
0.22
0.19
0.80
0.99
0.63
0.30
1.24
2.11
0.30
1.10
0.04
0.39
1.10
0.54
0.89
0.42
0.34
0.26
0.25
0.35
0.16
0.34
0.26
0.49
0.20
1.17
0.98
0.42
0.34
0.41
0.56
0.56
0.57
0.15
0.33
0.34
0.20
0.34
0.74
0.31
0.33
0.29
0.42
0.60
0.14
0.61
0.31
0.20
0.20
0.38
0.34
0.16
0.08
0.16
0.22
0.45
0.61
0.30
0.38
0.30
0.19
0.16
0.33
0.19
0.71
0.38
1.38
1.54
0.57
1.16
0.54
0.76
0.59
0.80
0.34
0.30
0.67
0.46
0.26
0.76
0.63
0.76
0.35
0.91
0.60
0.22
0.04
0.46
0.19
0.12
0.15
0.08
0.08
0.25
0.12
0.10
0.11
0.26
0.65
1.57
0.31
1.18
1.23
0.31
0.57
0.27
0.69
0.57
0.65
0.23
0.14
0.11
0.27
0.04
0.19
0.53
0.19
0.68
1.61
0.39
0.08
0.67
0.56
0.68
0.31
0.27
1.33
0.80
0.22
0.39
0.37
0.45
0.15
0.11
0.11
0.12
0.04
0.08
0.12
0.08
0.07
0.03
0.04
0.11
0.10
0.18
0.07
0.18
0.10
0.23
0.35
0.42
1.35
0.10
0.41
0.23
0.04
0.74
0.42
0.11
0.14
0.27
0.19
0.60
0.74
0.35
0.63
0.20
0.16
0.20
0.07
0.15
0.23
0.19
