GUESS    :MOVING_HI
STARTTIME:1287762521591
ENDTIME  :1287762534491
LOCATION :Location[mProvider=network,mTime=1287762498073,mLatitude=55.782549919999994,mLongitude=12.514049459999999,mHasAltitude=false,mAltitude=0.0,mHasSpeed=false,mSpeed=0.0,mHasBearing=false,mBearing=0.0,mHasAccuracy=true,mAccuracy=53.0,mExtras=Bundle[mParcelledData.dataSize=148]]
ADDRESS :

3.26
2.38
4.40
4.59
3.15
6.63
5.54
4.71
0.91
1.92
3.09
1.91
5.75
4.99
4.32
2.67
3.45
3.21
3.43
3.57
2.79
5.60
1.70
1.91
3.34
2.90
4.84
2.67
2.26
3.87
2.93
2.42
2.83
0.41
2.04
1.80
4.06
3.88
3.47
2.34
3.21
3.38
2.98
2.42
2.57
3.34
2.55
3.16
5.41
5.04
3.31
1.92
2.94
3.11
3.27
3.70
0.87
1.23
2.64
1.80
3.47
4.37
4.52
2.53
3.11
4.44
1.33
2.53
3.39
4.18
2.18
2.41
3.34
4.14
3.16
2.07
4.28
3.45
3.60
2.81
3.64
2.86
3.35
2.02
3.83
2.18
2.42
2.71
4.17
2.68
2.41
2.96
1.42
3.02
2.71
3.81
6.20
3.91
4.39
3.34
1.33
2.37
4.25
2.60
2.30
3.13
4.84
4.93
2.82
3.79
4.44
1.76
3.27
3.43
6.74
1.33
3.61
3.90
4.77
5.34
3.61
3.66
3.42
3.77
4.88
3.13
5.94
1.96
4.21
4.07
4.66
3.60
1.88
2.00
4.36
2.71
1.74
1.69
2.52
3.96
5.18
2.07
4.17
1.73
3.30
4.63
2.87
4.84
2.66
2.51
1.61
3.46
5.04
4.22
2.64
3.73
4.90
1.01
1.84
4.15
4.28
2.30
3.36
2.18
6.24
3.49
3.88
5.73
4.05
1.16
4.13
3.81
3.72
1.80
4.60
4.67
3.42
2.30
2.87
4.06
2.04
2.30
3.04
3.77
3.04
5.49
3.91
4.67
4.71
2.87
4.52
4.63
1.73
2.83
4.44
4.18
5.05
3.83
3.62
4.24
1.54
3.80
3.77
3.13
3.19
3.20
1.57
3.53
3.83
5.22
2.08
2.25
3.76
3.47
2.75
0.95
3.76
1.48
1.44
3.80
5.54
3.50
2.85
1.36
2.44
2.15
2.83
3.64
2.94
1.96
4.18
4.11
4.74
2.81
1.59
2.68
2.00
4.36
4.44
2.94
1.27
5.33
5.05
3.26
3.41
2.86
3.34
2.44
4.25
5.18
4.09
2.75
5.54
2.72
3.17
3.16
