GUESS    :IDLE
STARTTIME:1287587393351
ENDTIME  :1287587407821
LOCATION :Location[mProvider=network,mTime=1287587355676,mLatitude=55.74961956666667,mLongitude=12.376806933333334,mHasAltitude=false,mAltitude=0.0,mHasSpeed=false,mSpeed=0.0,mHasBearing=false,mBearing=0.0,mHasAccuracy=true,mAccuracy=49.0,mExtras=Bundle[mParcelledData.dataSize=148]]
ADDRESS :

0.08
0.00
0.00
0.01
0.01
0.00
0.01
0.00
0.01
0.01
0.00
0.01
0.01
0.01
0.00
0.00
0.00
0.00
0.00
0.00
0.00
0.00
0.00
0.01
0.00
0.00
0.00
0.01
0.00
0.01
0.00
0.01
0.00
0.00
0.01
0.00
0.01
0.00
0.01
0.01
0.01
0.01
0.00
0.00
0.00
0.01
0.00
0.01
0.01
0.01
0.01
0.01
0.00
0.01
0.00
0.00
0.00
0.00
0.00
0.01
0.00
0.01
0.00
0.00
0.01
0.01
0.00
0.00
0.01
0.00
0.00
0.00
0.00
0.01
0.01
0.00
0.00
0.00
0.00
0.00
0.00
0.00
0.01
0.00
0.00
0.00
0.00
0.00
0.01
0.00
0.00
0.00
0.00
0.00
0.00
0.01
0.00
0.00
0.00
0.00
0.00
0.00
0.00
0.01
0.00
0.01
0.00
0.00
0.00
0.00
0.01
0.00
0.00
0.01
0.01
0.00
0.00
0.00
0.00
0.00
0.00
0.01
0.00
0.00
0.00
0.00
0.01
0.00
