GUESS    :MOVING_SM
STARTTIME:1288000684778
ENDTIME  :1288000699559
LOCALSPD :0.0
LONGSPD  :-1.0
LOCATION :org.peterstrand.service.LocationWrapper@4494a6b8
ADDRESS :

0.16
0.04
0.04
0.02
0.02
0.01
0.01
0.01
0.01
0.02
0.01
0.03
0.00
0.02
0.01
0.01
0.02
0.01
0.01
0.01
0.01
0.01
0.02
0.01
0.01
0.01
0.01
0.01
0.01
0.01
0.00
0.00
0.02
0.00
0.01
0.01
0.01
0.02
0.02
0.00
0.01
0.01
0.00
0.01
0.01
0.01
0.01
0.01
0.01
0.00
0.01
0.00
0.01
0.02
0.00
0.01
0.02
0.01
0.01
0.01
0.00
0.02
0.01
0.01
0.01
0.00
0.01
0.00
0.01
0.01
0.01
0.01
0.01
0.00
0.01
0.00
0.01
0.00
0.00
0.01
0.00
0.01
0.01
0.00
0.00
0.01
0.01
0.01
0.01
0.00
0.01
0.01
0.01
0.01
0.02
0.00
0.01
0.01
0.01
0.01
0.01
0.01
0.00
0.01
0.01
0.01
0.01
0.01
0.02
0.00
0.01
0.00
0.01
0.00
0.00
0.01
0.01
0.01
0.02
0.01
0.02
0.01
0.00
0.01
0.01
0.00
0.00
0.01
