GUESS    :MOVING_SM
STARTTIME:1288005007058
ENDTIME  :1288005021083
LOCALSPD :-1.0
LONGSPD  :-1.0
LOCATION :org.peterstrand.service.LocationWrapper@44977660
ADDRESS :

0.16
0.12
0.12
0.16
0.12
0.16
0.20
0.16
0.16
0.04
0.12
0.08
0.12
0.16
0.12
0.08
0.16
0.12
0.12
0.08
0.12
0.12
0.20
0.12
0.11
0.23
0.20
0.04
0.15
0.15
0.08
0.08
0.04
0.08
0.12
0.08
0.12
0.20
0.20
0.16
0.23
0.19
0.16
0.12
0.16
0.12
0.08
0.08
0.04
0.12
0.12
0.04
0.08
0.08
0.11
0.07
0.04
0.16
0.19
0.07
0.12
0.12
0.12
0.04
0.12
0.20
0.23
0.11
0.12
0.12
0.08
0.04
0.08
0.12
0.08
0.12
0.12
0.12
0.16
0.04
0.20
0.16
0.08
0.08
0.12
0.12
0.20
0.16
0.04
0.12
0.16
0.19
0.15
0.12
0.12
0.08
0.12
0.04
0.08
0.11
0.12
0.07
0.16
0.04
0.12
0.12
0.07
0.15
0.04
0.08
0.19
0.42
0.29
0.23
0.23
0.08
0.08
0.27
0.31
0.20
0.19
0.27
0.04
0.16
0.04
0.12
0.31
0.19
0.12
0.12
0.20
0.08
0.04
0.12
0.08
0.16
0.11
0.19
0.08
0.12
0.15
0.11
0.04
0.20
0.15
0.15
0.12
0.08
0.11
0.04
0.07
0.04
0.08
0.12
0.12
0.19
0.15
0.04
0.34
0.23
0.38
0.39
0.12
0.12
0.16
0.31
0.18
0.44
0.37
0.57
0.23
0.34
0.30
0.18
0.07
0.23
0.11
0.08
0.30
0.42
0.49
0.53
0.30
0.04
0.89
0.76
0.34
0.80
0.37
0.41
0.31
0.41
0.46
0.26
0.34
0.23
0.31
0.37
0.27
0.23
0.42
0.26
0.35
0.23
0.23
0.12
0.16
0.19
0.04
0.16
0.07
0.23
0.16
0.08
0.20
0.07
0.19
0.08
0.31
0.16
0.07
0.16
0.12
0.11
0.19
0.12
0.08
0.20
0.12
0.12
0.16
0.25
0.16
0.08
0.12
0.08
0.20
0.08
0.08
0.04
0.04
0.04
0.16
0.04
0.04
0.12
0.08
0.08
0.12
0.04
0.12
0.16
0.12
0.12
0.08
0.08
