GUESS    :MOVING_SM
STARTTIME:1288385230556
ENDTIME  :1288385244963
LOCALSPD :0.0
LONGSPD  :-1.0
LOCATION :Location[mProvider=network,mTime=1288385220019,mLatitude=55.579816666666666,mLongitude=13.428982566666667,mHasAltitude=false,mAltitude=0.0,mHasSpeed=false,mSpeed=0.0,mHasBearing=false,mBearing=0.0,mHasAccuracy=true,mAccuracy=75.0,mExtras=Bundle[mParcelledData.dataSize=148]]
ADDRESS :

0.11
0.15
0.15
0.04
0.11
0.19
0.16
0.10
0.07
0.15
0.07
0.50
0.57
0.11
0.08
0.08
0.12
0.08
0.12
0.12
0.20
0.25
0.29
0.12
0.29
0.20
0.16
0.18
0.08
0.11
0.22
0.18
0.12
0.42
0.26
0.20
0.35
0.38
0.23
0.30
0.34
0.23
0.30
0.19
0.59
0.19
0.19
0.23
0.08
0.11
0.31
0.08
0.27
0.20
0.27
0.53
0.38
0.11
0.35
0.20
0.25
0.11
0.31
0.19
0.23
0.03
0.15
0.11
0.20
0.08
0.19
0.19
0.04
0.11
0.11
0.11
0.04
0.12
0.23
0.23
0.14
0.07
0.04
0.07
0.14
0.23
0.45
0.15
0.33
0.65
0.89
1.33
1.39
0.38
0.34
0.12
0.27
1.35
0.38
2.00
0.57
1.77
0.27
0.30
0.54
1.33
0.76
1.06
0.07
0.45
0.44
0.35
0.08
0.35
0.53
0.38
0.39
0.45
0.23
0.38
0.87
0.69
0.25
0.30
0.31
0.08
0.20
0.11
0.10
0.20
0.29
0.29
0.42
0.37
0.26
0.26
0.16
0.12
0.12
0.19
0.03
0.07
0.19
0.11
0.07
0.12
0.27
0.08
0.38
0.19
0.15
0.20
0.27
0.23
0.12
0.07
0.12
0.11
0.12
0.08
0.11
0.14
0.05
0.04
0.15
0.11
0.11
0.07
0.11
0.25
0.35
0.23
0.08
0.11
0.23
0.12
0.12
0.16
0.08
0.12
0.12
0.08
0.12
0.12
0.12
0.11
0.34
0.22
0.23
0.16
0.42
0.12
0.30
0.16
0.08
0.42
0.61
0.84
0.61
0.89
0.42
0.35
0.30
0.35
0.20
0.39
0.63
0.83
0.50
0.33
0.54
0.54
0.34
0.29
0.45
0.26
0.18
0.20
0.34
0.12
0.12
0.15
0.23
0.15
0.12
0.20
0.11
1.17
0.26
0.83
0.65
0.50
1.31
1.69
0.53
0.76
0.41
0.37
0.15
0.11
0.23
0.14
0.29
0.08
0.15
0.16
0.19
0.18
0.44
0.34
0.76
0.56
0.54
0.39
0.65
0.65
