GUESS    :WALKING
STARTTIME:1288020087394
ENDTIME  :1288020102823
LOCALSPD :0.0
LONGSPD  :0.0
LOCATION :org.peterstrand.service.LocationWrapper@4493c890
ADDRESS :

2.53
1.92
2.18
1.35
0.93
1.27
1.57
0.91
0.76
1.16
1.18
0.76
0.54
0.23
0.31
1.04
0.71
0.42
1.17
1.44
4.02
2.30
1.33
2.07
2.22
0.74
2.26
1.51
1.29
1.31
0.64
2.30
2.72
3.21
1.10
1.57
1.44
0.76
0.49
1.73
0.46
0.60
1.29
1.14
2.74
1.76
1.91
2.26
3.00
2.33
2.75
0.72
2.19
2.60
1.44
1.18
2.53
1.18
3.95
2.52
2.64
2.67
3.61
2.91
1.57
1.83
1.42
1.32
1.24
0.34
0.45
0.78
2.56
4.84
1.83
4.82
1.38
2.14
2.10
1.53
0.99
1.65
2.44
1.68
2.41
0.65
1.77
3.11
4.10
2.14
2.30
0.69
1.69
0.84
1.51
0.27
0.80
1.53
1.08
1.55
1.72
2.22
4.78
1.63
1.25
1.63
1.96
1.84
1.27
0.69
1.54
1.14
0.35
4.94
4.45
2.02
3.34
2.22
2.70
3.69
1.59
2.03
1.50
1.14
1.27
1.68
2.19
1.12
1.73
0.80
0.39
1.18
1.65
2.32
1.21
1.18
0.50
1.91
1.50
1.83
0.57
0.68
1.88
0.99
2.15
0.95
0.26
0.95
0.65
1.18
1.84
1.62
0.72
0.61
0.65
0.68
0.49
0.54
2.00
1.33
0.91
0.38
1.88
1.16
0.71
0.97
0.79
0.90
0.67
1.29
0.45
0.39
0.19
0.23
0.07
0.16
0.19
0.38
0.26
0.22
0.04
0.22
0.30
0.23
0.34
0.16
0.26
0.57
0.20
0.39
0.27
0.49
0.25
0.69
1.02
0.50
1.04
0.16
0.91
0.57
1.61
1.23
1.50
2.41
0.61
1.65
0.53
1.58
1.21
1.39
1.01
2.04
1.74
1.54
1.01
1.70
0.57
1.25
0.54
0.76
0.49
0.41
0.39
0.54
0.79
0.65
0.99
1.02
1.51
4.36
0.99
1.57
2.00
0.65
2.60
0.93
1.43
0.74
0.54
0.31
1.61
0.64
1.61
4.45
6.86
1.84
0.38
0.89
0.57
0.34
1.42
1.29
1.43
0.95
1.36
1.40
