GUESS    :WALKING
STARTTIME:1288020164534
ENDTIME  :1288020180092
LOCALSPD :0.0
LONGSPD  :0.0
LOCATION :org.peterstrand.service.LocationWrapper@4491a938
ADDRESS :

1.58
0.44
0.18
0.12
0.03
0.18
0.15
0.07
0.04
0.10
0.21
0.14
0.00
0.04
0.14
0.21
0.32
0.10
0.08
0.17
0.53
0.25
0.21
0.17
0.27
0.27
0.18
0.01
0.15
0.18
0.25
0.11
0.23
0.06
0.11
0.11
0.09
0.05
0.03
0.19
0.14
0.18
0.08
0.09
0.21
0.12
0.08
0.25
0.20
0.03
0.02
0.15
0.06
0.01
0.08
0.05
0.05
0.01
0.06
0.04
0.12
0.17
0.03
0.02
0.13
0.09
0.11
0.17
0.15
0.10
0.03
0.16
0.02
0.02
0.03
0.13
0.08
0.06
0.11
0.03
0.14
0.06
0.17
0.09
0.11
0.06
0.07
0.17
0.12
0.19
0.19
0.03
0.09
0.18
0.04
0.11
0.06
0.15
0.03
0.06
0.13
0.14
0.11
0.07
0.08
0.08
0.13
0.07
0.07
0.12
0.13
0.09
0.10
0.02
0.05
0.11
0.13
0.13
0.04
0.02
0.22
0.19
0.07
0.15
0.08
0.09
0.16
0.09
