GUESS    :IDLE
STARTTIME:1288020552900
ENDTIME  :1288020568649
LOCALSPD :0.0
LONGSPD  :0.0
LOCATION :org.peterstrand.service.LocationWrapper@4493a740
ADDRESS :

0.15
0.20
0.08
0.12
0.08
0.08
0.04
0.08
0.23
0.08
0.07
0.12
0.08
0.12
0.08
0.08
0.04
0.04
0.08
0.12
0.12
0.16
0.12
0.12
0.08
0.08
0.08
0.04
0.04
0.04
0.08
0.12
0.12
0.08
0.12
0.08
0.16
0.04
0.12
0.04
0.12
0.12
0.04
0.04
0.08
0.04
0.08
0.12
0.08
0.08
0.12
0.08
0.08
0.08
0.12
0.08
0.12
0.04
0.12
0.16
0.12
0.12
0.08
0.12
0.04
0.04
0.16
0.08
0.08
0.15
0.08
0.07
0.08
0.08
0.08
0.12
0.08
0.08
0.04
0.04
0.08
0.08
0.08
0.08
0.08
0.04
0.12
0.08
0.16
0.08
0.04
0.04
0.15
0.15
0.04
0.08
0.08
0.16
0.16
0.08
0.04
0.16
0.20
0.12
0.08
0.08
0.08
0.07
0.11
0.04
0.08
0.04
0.04
0.12
0.04
0.04
0.08
0.16
0.12
0.04
0.12
0.08
0.12
0.08
0.04
0.08
0.08
0.04
0.08
0.04
0.04
0.04
0.08
0.08
0.08
0.04
0.04
0.03
0.11
0.08
0.04
0.12
0.12
0.04
0.08
0.04
0.12
0.12
0.08
0.08
0.08
0.41
0.42
0.12
0.11
0.16
0.04
0.19
0.11
0.16
0.16
0.11
0.04
0.15
0.12
0.15
0.11
0.08
0.04
0.12
0.07
0.19
0.08
0.08
0.16
0.12
0.08
0.20
0.08
0.08
0.08
0.08
0.12
0.04
0.16
0.12
0.07
0.04
0.07
0.04
0.15
0.07
0.08
0.16
0.08
0.04
0.08
0.08
0.04
0.08
0.08
0.12
0.04
0.04
0.12
0.12
0.04
0.08
0.08
0.04
0.08
0.08
0.08
0.04
0.04
0.12
0.16
0.12
0.04
0.16
0.16
0.12
0.12
0.08
0.08
0.16
0.12
0.08
0.08
0.08
0.11
0.11
0.08
0.12
0.08
0.25
0.16
0.12
0.08
0.12
0.20
0.12
0.04
0.04
0.04
0.12
0.04
0.08
0.16
0.12
0.12
0.04
0.12
0.08
0.08
0.12
