GUESS    :WALKING
STARTTIME:1288020800505
ENDTIME  :1288020815882
LOCALSPD :0.0
LONGSPD  :0.0
LOCATION :org.peterstrand.service.LocationWrapper@44920588
ADDRESS :

0.20
0.79
0.41
1.14
0.41
1.29
0.80
2.91
2.55
4.25
1.32
0.56
1.39
1.69
2.49
2.87
2.60
1.57
0.16
0.95
0.95
1.47
3.17
2.90
0.93
1.04
0.53
0.98
0.22
0.15
0.23
0.72
0.74
1.18
2.60
1.62
2.30
3.98
1.51
2.33
1.80
0.93
1.66
0.99
0.76
0.93
0.97
0.45
0.84
2.18
3.06
2.79
1.72
0.52
0.65
0.89
0.68
3.60
2.47
1.88
0.25
2.19
1.20
2.78
4.84
1.48
1.46
3.02
1.33
0.75
1.42
0.50
0.33
0.53
0.63
1.62
0.68
0.57
2.41
1.95
2.15
0.59
0.59
2.89
0.86
1.38
2.11
0.91
1.25
2.68
3.68
2.00
2.15
1.09
1.39
2.07
1.12
0.68
2.48
1.68
2.79
0.46
1.14
0.94
2.17
3.15
3.26
1.57
1.99
1.33
1.31
1.40
0.44
1.08
0.84
1.73
0.76
0.84
1.38
1.76
2.79
0.76
0.19
1.80
1.20
0.68
0.76
0.78
0.42
0.84
1.18
3.04
2.03
5.83
3.51
2.59
2.26
2.19
1.08
1.99
0.57
0.53
0.42
0.44
0.80
0.93
1.12
1.77
1.87
3.72
1.69
0.23
2.00
0.93
2.15
2.18
1.33
1.61
1.27
0.83
1.59
2.57
3.87
3.68
1.72
2.59
1.13
1.84
1.14
0.89
0.71
1.13
0.54
1.50
0.80
2.74
3.27
3.47
1.53
1.40
0.87
1.48
1.04
1.65
1.12
1.27
0.59
1.02
1.72
2.94
2.96
3.68
1.91
1.43
0.99
1.96
1.01
0.46
1.83
1.28
0.68
1.46
0.31
0.61
0.19
0.91
1.99
1.55
2.91
3.70
2.18
1.61
1.16
0.99
1.78
1.02
2.49
0.84
1.36
0.93
0.67
0.56
1.24
0.49
0.95
1.31
2.62
0.35
3.46
1.08
0.64
0.53
0.46
0.57
0.99
1.24
1.39
1.59
0.84
0.89
0.52
0.54
1.72
2.93
1.61
3.90
0.80
1.09
2.04
1.24
1.23
0.68
1.53
0.39
0.56
0.29
