GUESS    :WALKING
STARTTIME:1288020908372
ENDTIME  :1288020923760
LOCALSPD :0.0
LONGSPD  :0.0
LOCATION :org.peterstrand.service.LocationWrapper@449aba00
ADDRESS :

1.13
1.09
1.13
1.35
1.05
1.27
1.04
1.51
1.92
2.96
1.80
1.87
1.01
0.46
0.46
1.24
0.38
0.53
1.02
1.46
2.79
3.13
1.25
2.62
0.93
1.48
1.72
1.38
1.54
1.81
1.62
2.15
1.39
3.13
1.48
1.81
1.46
1.42
1.58
3.39
1.72
0.30
1.53
1.96
0.84
0.72
0.97
0.53
0.72
1.12
1.59
3.06
3.19
1.70
1.93
1.08
0.65
1.68
0.37
1.16
1.43
0.68
1.73
2.26
2.66
1.92
3.00
0.52
1.88
1.25
2.40
0.91
0.74
0.30
0.23
0.61
1.29
0.79
2.11
1.31
2.75
1.68
2.79
0.59
0.91
1.80
1.57
1.27
1.12
2.03
1.27
2.96
2.06
2.11
2.00
2.11
1.14
2.03
2.34
0.82
0.99
0.78
0.95
1.68
2.07
3.90
1.88
1.70
1.29
0.59
1.50
0.57
1.35
1.06
1.80
1.29
2.94
3.06
3.46
1.87
0.68
1.99
1.06
1.54
1.36
1.08
0.91
1.84
1.27
2.19
2.66
5.28
1.24
2.17
2.07
1.89
0.91
0.65
1.62
1.21
0.94
2.41
0.72
1.23
0.80
1.80
2.91
2.67
1.72
0.16
1.62
1.35
1.06
0.97
1.92
1.20
1.28
1.97
1.76
1.04
0.95
3.16
1.17
3.32
2.04
1.27
0.65
1.02
0.45
0.72
0.84
0.72
1.48
1.40
2.00
2.87
3.47
3.08
2.40
1.12
1.42
4.14
2.34
2.22
2.72
0.59
1.04
1.14
1.31
1.35
0.90
1.25
0.84
0.41
0.53
0.44
1.50
0.80
1.68
1.27
1.53
3.34
0.93
2.37
1.04
1.21
1.58
0.46
1.57
0.33
0.74
0.75
0.89
0.67
1.05
1.87
1.12
4.10
2.26
1.73
1.29
2.19
1.84
0.72
0.60
0.23
1.47
0.83
1.33
1.31
3.73
3.15
0.72
1.42
1.99
0.60
1.54
0.54
1.63
0.90
1.33
0.83
2.07
2.60
4.37
1.77
1.53
1.78
1.72
1.84
0.68
1.29
0.52
0.89
1.28
1.42
