GUESS    :IDLE
STARTTIME:1289922820078
ENDTIME  :1289922833421
LOCALSPD :0.0
LONGSPD  :-1.0
LOCATION :Location[mProvider=network,mTime=1289922789923,mLatitude=51.058819,mLongitude=4.727453,mHasAltitude=false,mAltitude=0.0,mHasSpeed=false,mSpeed=0.0,mHasBearing=false,mBearing=0.0,mHasAccuracy=true,mAccuracy=2016.0,mExtras=Bundle[mParcelledData.dataSize=148]]
ADDRESS :

0.14
0.02
0.00
0.01
0.01
0.01
0.00
0.01
0.00
0.01
0.01
0.01
0.01
0.01
0.01
0.01
0.01
0.00
0.01
0.02
0.01
0.01
0.01
0.01
0.01
0.01
0.00
0.01
0.01
0.01
0.00
0.02
0.00
0.01
0.00
0.02
0.01
0.01
0.01
0.00
0.02
0.01
0.01
0.01
0.01
0.01
0.01
0.01
0.00
0.01
0.01
0.01
0.00
0.01
0.01
0.00
0.00
0.01
0.01
0.01
0.00
0.01
0.01
0.00
0.01
0.01
0.01
0.00
0.01
0.00
0.00
0.01
0.00
0.01
0.01
0.00
0.00
0.01
0.01
0.01
0.00
0.00
0.01
0.00
0.01
0.01
0.00
0.01
0.00
0.01
0.01
0.02
0.01
0.01
0.01
0.00
0.01
0.01
0.00
0.01
0.01
0.01
0.01
0.02
0.00
0.01
0.01
0.01
0.00
0.01
0.01
0.01
0.00
0.01
0.01
0.00
0.00
0.00
0.00
0.01
0.01
0.00
0.01
0.00
0.01
0.00
0.01
0.00
