GUESS    :MOVING_SM
STARTTIME:1289923230627
ENDTIME  :1289923243877
LOCALSPD :0.0
LONGSPD  :67.05998
LOCATION :Location[mProvider=network,mTime=1289923234034,mLatitude=50.901404,mLongitude=4.489571,mHasAltitude=false,mAltitude=0.0,mHasSpeed=false,mSpeed=0.0,mHasBearing=false,mBearing=0.0,mHasAccuracy=true,mAccuracy=1668.0,mExtras=Bundle[mParcelledData.dataSize=148]]
ADDRESS :

0.20
0.50
0.26
0.07
0.15
0.23
0.03
0.23
0.15
0.19
0.15
0.16
0.19
0.35
0.38
0.20
0.12
0.12
0.60
0.15
0.39
0.27
0.07
0.34
0.29
0.22
0.31
0.23
0.08
0.23
0.27
0.23
0.27
0.33
0.46
0.20
0.30
0.12
0.26
0.18
0.08
0.20
0.26
0.30
0.20
0.12
0.16
0.35
0.30
0.38
0.33
0.46
0.12
0.20
0.12
0.23
0.15
0.15
0.16
0.31
0.27
0.19
0.29
0.30
0.11
0.23
0.34
0.12
0.53
0.26
0.30
0.30
0.42
0.19
0.27
0.31
0.38
0.34
0.20
0.16
0.23
0.19
0.12
0.29
0.42
0.16
0.11
0.16
0.31
0.12
0.19
0.31
0.31
0.30
0.30
0.31
0.30
0.08
0.22
0.19
0.23
0.12
0.27
0.11
0.12
0.16
0.25
0.53
0.26
0.19
0.19
0.30
0.54
0.38
0.42
0.38
0.22
0.59
0.11
0.18
0.30
0.10
0.12
0.11
0.19
0.16
0.26
0.14
0.11
0.12
0.46
0.37
0.22
0.08
0.35
0.39
0.12
0.19
0.19
0.30
0.26
0.08
0.18
0.14
0.25
0.16
0.23
0.31
0.19
0.44
0.33
0.11
0.07
0.31
0.42
0.30
0.27
0.18
0.19
0.23
0.31
0.37
0.23
0.04
0.38
0.11
0.11
0.16
0.26
0.16
0.08
0.27
0.15
0.31
0.11
0.08
0.20
0.14
0.25
0.16
0.16
0.08
0.45
0.11
0.12
0.23
0.27
0.08
0.19
0.15
0.27
0.12
0.46
0.19
0.26
0.18
0.41
0.23
0.16
0.11
0.25
0.15
0.25
0.50
0.18
0.41
0.53
0.16
0.38
0.50
0.33
0.39
0.53
0.35
0.19
0.27
0.26
0.11
0.07
0.16
0.15
0.37
0.49
0.15
0.08
0.16
0.41
0.30
0.20
0.23
0.16
0.38
0.39
0.37
0.29
0.25
0.48
0.22
0.27
0.23
0.15
0.25
0.11
0.34
0.27
0.38
0.12
0.15
0.22
0.14
0.14
0.12
0.27
0.22
0.15
0.35
