GUESS    :WALKING
STARTTIME:1289744205340
ENDTIME  :1289744218199
LOCALSPD :0.0
LONGSPD  :0.0
LOCATION :Location[mProvider=network,mTime=1289744195093,mLatitude=55.74995634999999,mLongitude=12.376198175,mHasAltitude=false,mAltitude=0.0,mHasSpeed=false,mSpeed=0.0,mHasBearing=false,mBearing=0.0,mHasAccuracy=true,mAccuracy=59.0,mExtras=Bundle[mParcelledData.dataSize=148]]
ADDRESS :

1.10
0.78
0.27
0.56
1.04
1.53
2.70
3.02
1.81
5.16
3.34
1.76
2.12
1.63
1.08
0.68
1.12
0.38
1.85
1.20
0.83
4.92
6.21
3.47
3.75
0.97
2.04
0.80
0.61
1.59
0.61
0.46
0.46
0.23
0.41
1.01
1.14
0.75
2.21
4.09
3.60
4.56
2.56
2.53
1.38
2.45
1.92
1.31
0.68
0.50
0.59
0.38
1.38
0.68
1.31
4.21
5.78
3.77
2.33
1.24
1.47
2.33
1.01
0.80
0.78
1.23
0.46
1.04
2.68
5.73
5.09
3.34
1.25
1.81
1.21
0.95
1.61
0.57
0.84
0.31
1.48
1.12
1.18
3.00
4.56
5.34
1.73
2.71
1.77
2.11
1.39
0.76
0.95
0.46
1.06
1.81
0.68
3.70
1.89
4.88
2.71
4.40
0.76
1.54
0.31
1.27
0.74
0.91
1.61
1.08
5.16
6.97
3.72
1.54
1.50
1.77
2.11
1.05
1.48
0.49
0.83
1.85
0.76
2.91
5.27
8.91
6.71
7.67
1.77
2.78
0.91
1.69
1.10
1.08
2.04
2.45
3.68
9.10
4.14
4.64
1.99
3.04
0.95
2.32
0.94
0.80
1.85
1.80
2.30
4.15
3.98
1.38
1.18
3.57
2.30
1.12
1.35
1.53
2.38
1.04
1.46
3.57
5.56
4.44
1.23
2.91
2.02
1.80
1.35
1.06
0.99
1.59
1.62
2.33
4.90
4.17
0.90
2.03
0.79
1.24
1.39
1.08
0.57
2.66
2.22
5.27
5.28
0.61
2.75
0.87
1.50
0.23
0.46
0.84
1.20
2.87
0.80
2.03
1.33
0.72
0.35
0.48
0.45
0.20
0.23
0.30
0.25
0.08
0.23
0.44
0.25
0.04
0.18
0.08
0.31
0.60
0.42
0.23
0.35
0.46
1.08
1.23
1.74
1.23
0.42
1.47
1.10
2.41
0.69
3.80
0.83
1.35
1.61
1.88
1.18
0.86
1.50
0.71
0.90
1.24
1.46
0.76
0.95
0.39
0.61
0.45
1.33
0.84
0.37
0.33
0.44
0.46
0.35
0.56
0.61
1.10
