GUESS    :WALKING
STARTTIME:1289744361030
ENDTIME  :1289744373849
LOCALSPD :0.0
LONGSPD  :0.07957199
LOCATION :Location[mProvider=network,mTime=1289744334466,mLatitude=55.750033349999995,mLongitude=12.374685875,mHasAltitude=false,mAltitude=0.0,mHasSpeed=false,mSpeed=0.0,mHasBearing=false,mBearing=0.0,mHasAccuracy=true,mAccuracy=67.0,mExtras=Bundle[mParcelledData.dataSize=148]]
ADDRESS :

1.02
1.43
0.69
1.77
0.84
3.27
1.14
2.52
1.55
6.86
1.88
2.14
2.27
1.83
0.91
1.24
0.61
0.23
2.57
3.16
2.33
3.49
6.58
2.85
3.00
1.73
2.89
1.06
0.94
0.45
0.78
2.62
1.58
3.02
1.69
8.20
2.48
5.31
2.08
2.08
0.84
1.16
1.24
1.38
3.55
3.00
5.60
2.90
4.86
2.64
5.38
5.90
3.08
2.83
2.87
1.61
2.62
2.26
2.34
2.62
6.39
2.90
2.49
2.89
2.56
1.16
1.29
1.12
0.22
2.62
3.34
4.13
6.54
4.20
2.76
4.05
2.72
1.35
0.69
1.53
0.59
2.74
1.27
4.67
4.29
4.37
2.51
3.21
2.17
2.26
0.63
0.49
1.14
0.72
2.76
2.83
4.09
5.65
4.73
1.91
2.75
1.54
1.14
0.67
1.91
0.91
2.64
1.87
4.67
4.82
8.96
4.10
3.00
1.58
2.64
0.80
1.51
0.56
1.46
3.15
2.87
4.54
7.78
3.55
1.95
4.09
1.77
2.33
1.89
1.38
0.63
3.04
2.41
3.15
4.21
7.29
2.12
4.07
2.32
2.11
0.83
1.43
0.80
0.80
2.74
2.48
2.87
2.30
7.19
3.94
5.99
1.65
2.14
0.59
1.95
1.13
2.11
1.95
2.56
3.76
7.04
2.72
5.54
2.11
2.85
1.70
0.76
1.57
0.60
2.94
2.53
3.15
5.03
5.43
4.36
5.08
1.76
2.26
0.68
0.89
1.06
2.56
2.34
2.87
1.92
8.21
3.49
4.15
1.42
1.99
1.38
0.39
0.42
0.94
3.64
2.21
2.59
4.44
6.17
3.99
2.07
2.89
1.69
1.44
1.13
1.31
1.91
2.97
2.48
4.10
6.63
3.95
3.91
1.39
2.06
1.46
0.35
1.58
0.52
1.70
1.74
2.87
3.30
5.16
4.14
2.96
3.95
1.48
2.25
0.72
0.97
0.26
3.31
2.45
2.06
1.76
6.97
3.73
4.67
1.84
2.27
1.87
0.49
0.80
0.42
2.85
2.15
2.94
3.49
6.82
3.28
4.45
1.92
2.29
0.54
1.16
