GUESS    :WALKING
STARTTIME:1289744569225
ENDTIME  :1289744582339
LOCALSPD :0.0
LONGSPD  :0.18274702
LOCATION :Location[mProvider=network,mTime=1289744570709,mLatitude=55.7516103,mLongitude=12.374486,mHasAltitude=false,mAltitude=0.0,mHasSpeed=false,mSpeed=0.0,mHasBearing=false,mBearing=0.0,mHasAccuracy=true,mAccuracy=75.0,mExtras=Bundle[mParcelledData.dataSize=148]]
ADDRESS :

2.41
3.90
3.02
2.23
1.42
2.29
1.88
1.16
1.70
1.81
1.73
2.26
2.26
7.44
4.29
2.53
2.30
1.96
1.58
1.28
0.91
1.35
1.95
2.71
5.35
7.29
4.52
5.00
2.26
3.34
0.61
1.91
0.86
2.86
2.37
1.47
3.88
8.51
3.23
5.58
3.43
1.58
1.50
0.60
1.08
1.17
1.01
3.11
2.96
6.17
4.06
7.52
2.97
3.45
1.33
2.60
1.12
0.95
2.22
1.27
3.77
7.29
3.94
4.89
2.89
2.32
2.36
1.02
1.31
1.06
0.38
1.21
1.99
2.52
2.79
7.04
5.58
4.96
3.17
3.80
2.29
1.44
1.99
0.94
2.03
2.11
1.70
1.84
7.67
2.62
4.14
3.15
2.56
1.10
1.31
1.14
0.12
0.76
1.54
1.80
5.05
3.38
4.36
1.57
5.18
2.60
1.83
0.99
2.00
1.21
1.68
1.92
3.75
1.29
7.74
3.09
3.51
2.15
1.74
1.65
1.02
1.16
0.46
1.88
2.64
1.83
4.07
7.12
4.06
4.02
2.71
1.91
2.18
1.29
1.73
1.76
2.49
2.64
2.66
3.76
5.31
2.27
3.75
2.85
2.40
1.35
1.39
0.89
0.53
2.22
0.91
5.00
3.28
4.79
4.14
6.10
2.26
2.59
1.85
2.26
0.50
2.62
2.22
3.26
3.75
6.82
3.49
3.47
2.25
3.02
1.46
1.31
0.95
0.89
2.11
1.38
3.02
1.99
6.27
3.65
5.87
2.86
3.76
0.86
2.63
1.57
3.26
2.93
2.87
3.55
7.90
2.83
2.94
3.39
2.79
1.73
1.44
1.25
0.76
1.99
3.00
2.56
2.44
6.67
3.50
2.66
2.25
2.26
1.73
1.35
2.06
3.39
2.76
4.33
3.68
6.93
3.26
4.49
3.91
2.76
1.27
1.69
0.90
1.10
2.42
2.51
3.99
5.86
4.70
1.80
4.74
2.07
2.37
1.20
1.65
1.14
3.95
2.66
2.91
2.74
8.73
3.57
5.05
3.54
3.09
1.27
1.23
1.65
1.38
3.39
3.00
6.01
4.17
4.48
2.52
5.16
