GUESS    :WALKING
STARTTIME:1289745469620
ENDTIME  :1289745482489
LOCALSPD :1.9090118
LONGSPD  :1.1314666
LOCATION :Location[mProvider=network,mTime=1289745441639,mLatitude=55.740647,mLongitude=12.38301,mHasAltitude=false,mAltitude=0.0,mHasSpeed=false,mSpeed=0.0,mHasBearing=false,mBearing=0.0,mHasAccuracy=true,mAccuracy=725.0,mExtras=Bundle[mParcelledData.dataSize=148]]
ADDRESS :

1.97
0.51
0.12
0.25
0.23
0.07
0.09
0.10
0.25
0.15
0.09
0.29
0.15
0.26
0.23
0.37
0.14
0.15
0.60
0.48
0.28
0.34
0.26
0.16
0.16
0.19
0.15
0.17
0.11
0.07
0.13
0.31
0.10
0.08
0.20
0.15
0.20
0.12
0.11
0.17
0.16
0.34
0.19
0.17
0.19
0.18
0.19
0.03
0.14
0.11
0.13
0.06
0.02
0.09
0.08
0.10
0.05
0.22
0.16
0.25
0.13
0.00
0.11
0.11
0.07
0.11
0.15
0.02
0.03
0.07
0.09
0.02
0.24
0.25
0.07
0.12
0.33
0.11
0.12
0.03
0.14
0.19
0.08
0.10
0.06
0.14
0.12
0.11
0.13
0.04
0.07
0.18
0.19
0.08
0.06
0.16
0.05
0.08
0.14
0.14
0.05
0.04
0.22
0.10
0.14
0.14
0.11
0.06
0.09
0.12
0.12
0.21
0.02
0.05
0.08
0.04
0.09
0.19
0.06
0.05
0.05
0.08
0.07
0.08
0.08
0.17
0.23
0.16
