GUESS    :WALKING
STARTTIME:1289746174720
ENDTIME  :1289746187579
LOCALSPD :0.0
LONGSPD  :0.0
LOCATION :Location[mProvider=network,mTime=1289746152928,mLatitude=55.753011,mLongitude=12.389394,mHasAltitude=false,mAltitude=0.0,mHasSpeed=false,mSpeed=0.0,mHasBearing=false,mBearing=0.0,mHasAccuracy=true,mAccuracy=594.0,mExtras=Bundle[mParcelledData.dataSize=148]]
ADDRESS :

4.68
0.27
0.31
0.12
0.28
0.26
0.12
0.19
0.18
0.15
0.13
0.27
0.16
0.24
0.15
0.32
0.26
0.21
0.17
0.08
0.30
0.29
0.21
0.70
1.28
2.38
0.73
0.24
0.27
0.41
0.42
0.25
0.40
0.16
0.15
0.24
0.11
0.54
0.16
0.31
0.39
0.49
0.22
0.28
0.34
0.33
0.25
0.27
0.34
0.81
0.47
0.34
0.04
0.07
0.31
0.31
0.30
0.23
0.06
0.09
0.14
0.39
0.36
0.36
0.45
0.10
0.22
0.23
0.18
0.15
0.30
0.21
0.22
0.48
0.66
0.37
0.49
0.27
0.10
0.24
0.26
0.44
0.13
0.31
0.30
0.34
0.30
0.42
0.57
0.02
0.23
0.22
0.20
0.18
0.04
0.20
0.26
0.57
0.55
0.16
0.58
0.30
0.44
0.45
0.44
0.38
0.19
0.12
0.15
0.16
0.24
0.26
0.24
0.44
0.25
0.29
0.16
0.36
0.17
0.14
0.17
0.25
0.40
0.37
0.28
0.32
0.35
0.17
