GUESS    :WALKING
STARTTIME:1289746187580
ENDTIME  :1289746200439
LOCALSPD :0.0
LONGSPD  :0.0
LOCATION :Location[mProvider=network,mTime=1289746152928,mLatitude=55.753011,mLongitude=12.389394,mHasAltitude=false,mAltitude=0.0,mHasSpeed=false,mSpeed=0.0,mHasBearing=false,mBearing=0.0,mHasAccuracy=true,mAccuracy=594.0,mExtras=Bundle[mParcelledData.dataSize=148]]
ADDRESS :

3.17
6.29
7.61
2.91
1.02
1.76
4.86
0.74
14.67
6.39
6.62
4.63
5.86
3.06
1.88
1.27
4.34
3.75
7.08
4.02
2.38
6.06
5.03
3.94
1.88
1.61
3.20
3.69
11.33
6.89
4.94
4.69
3.70
3.28
1.77
1.31
1.92
4.45
5.38
4.89
4.17
7.93
3.94
4.18
1.73
1.02
2.00
4.93
3.84
3.11
8.81
11.41
6.89
4.06
2.26
1.06
1.27
2.25
8.55
5.83
2.08
5.83
3.84
3.16
2.52
1.93
2.26
9.49
2.51
3.35
5.90
3.06
2.30
3.15
1.31
2.04
1.61
17.31
3.00
6.12
7.12
4.73
3.38
1.54
0.97
2.60
7.61
5.64
7.80
8.99
4.59
3.65
3.11
1.46
2.45
3.64
6.43
3.79
5.90
7.63
5.65
3.13
1.96
0.68
4.25
1.38
11.65
3.30
6.89
8.84
4.34
2.60
2.15
2.04
3.41
13.87
9.33
7.25
6.33
7.19
4.10
0.84
2.18
4.90
12.41
4.75
6.78
7.57
4.67
4.21
1.89
1.08
3.65
4.94
7.22
4.94
7.61
6.09
6.36
2.45
0.68
2.75
4.63
3.50
11.73
7.40
9.82
14.71
3.57
3.01
2.66
0.42
3.21
2.53
10.77
8.81
7.90
9.17
5.83
4.88
1.57
0.89
4.58
5.00
5.75
7.67
7.90
6.05
3.83
2.64
1.27
3.06
3.73
8.35
6.43
1.65
9.77
7.16
2.85
2.68
2.37
5.38
3.72
9.75
4.52
7.97
5.50
4.41
3.27
1.05
1.80
3.72
13.87
2.56
3.38
8.73
6.43
4.06
3.49
2.11
4.33
18.24
8.89
8.65
7.46
5.50
2.66
1.42
2.97
2.64
9.87
6.32
4.52
9.23
6.06
3.60
2.91
1.61
4.10
9.00
11.14
9.89
6.07
5.82
2.41
1.62
2.38
4.30
2.98
7.74
3.38
1.40
6.36
3.91
3.75
1.57
1.92
3.27
9.81
5.87
9.74
13.96
5.28
2.68
2.11
1.14
3.81
4.36
14.67
2.64
4.90
7.82
4.09
2.68
0.83
2.67
