GUESS    :WALKING
STARTTIME:1289746563950
ENDTIME  :1289746576809
LOCALSPD :0.0
LONGSPD  :0.0
LOCATION :Location[mProvider=network,mTime=1289746557004,mLatitude=55.751745,mLongitude=12.37691,mHasAltitude=false,mAltitude=0.0,mHasSpeed=false,mSpeed=0.0,mHasBearing=false,mBearing=0.0,mHasAccuracy=true,mAccuracy=722.0,mExtras=Bundle[mParcelledData.dataSize=148]]
ADDRESS :

2.39
0.05
0.20
0.15
0.08
0.07
0.08
0.05
0.04
0.10
0.24
0.10
0.06
0.17
0.11
0.02
0.12
0.14
0.13
0.34
1.41
0.24
0.13
0.18
0.10
0.13
0.07
0.09
0.05
0.03
0.21
0.10
0.14
0.11
0.08
0.09
0.11
0.15
0.12
0.13
0.24
0.12
0.11
0.06
0.02
0.19
0.06
0.17
0.17
0.11
0.22
0.15
0.15
0.14
0.10
0.14
0.09
0.08
0.09
0.19
0.30
0.14
0.14
0.11
0.12
0.21
0.09
0.19
0.14
0.08
0.02
0.13
0.11
0.07
0.04
0.11
0.06
0.15
0.04
0.14
0.28
0.10
0.12
0.01
0.10
0.09
0.08
0.15
0.04
0.04
0.02
0.11
0.10
0.05
0.03
0.10
0.16
0.16
0.14
0.17
0.18
0.05
0.11
0.05
0.14
0.17
0.06
0.01
0.08
0.03
0.02
0.11
0.11
0.04
0.07
0.13
0.16
0.13
0.13
0.20
0.33
0.15
0.02
0.02
0.08
0.14
0.06
0.19
