GUESS    :WALKING
STARTTIME:1289747357930
ENDTIME  :1289747370769
LOCALSPD :0.0
LONGSPD  :0.10008936
LOCATION :Location[mProvider=network,mTime=1289747328028,mLatitude=55.7515463,mLongitude=12.3738952,mHasAltitude=false,mAltitude=0.0,mHasSpeed=false,mSpeed=0.0,mHasBearing=false,mBearing=0.0,mHasAccuracy=true,mAccuracy=75.0,mExtras=Bundle[mParcelledData.dataSize=148]]
ADDRESS :

2.81
0.15
0.29
0.14
0.20
0.22
0.08
0.04
0.11
0.05
0.24
0.09
0.13
0.08
0.15
0.16
0.06
0.19
0.43
0.29
1.70
0.54
0.10
0.06
0.24
0.14
0.04
0.13
0.08
0.06
0.02
0.04
0.04
0.16
0.03
0.14
0.09
0.06
0.25
0.06
0.13
0.03
0.16
0.04
0.05
0.05
0.04
0.09
0.08
0.16
0.12
0.15
0.03
0.16
0.17
0.06
0.07
0.02
0.08
0.12
0.16
0.20
0.02
0.09
0.07
0.12
0.04
0.17
0.06
0.07
0.02
0.11
0.11
0.10
0.13
0.05
0.04
0.13
0.09
0.12
0.12
0.46
0.16
0.10
0.11
0.07
0.12
0.20
0.09
0.12
0.14
0.02
0.09
0.14
0.09
0.11
0.06
0.09
0.09
0.10
0.10
0.25
0.05
0.05
0.08
0.07
0.15
0.21
0.06
0.10
0.03
0.13
0.07
0.02
0.16
0.18
0.09
0.12
0.18
0.05
0.23
0.35
0.18
0.04
0.14
0.22
0.16
0.06
