GUESS    :WALKING
STARTTIME:1289747474590
ENDTIME  :1289747487410
LOCALSPD :0.22235785
LONGSPD  :0.4052015
LOCATION :Location[mProvider=network,mTime=1289747463243,mLatitude=55.75001923333334,mLongitude=12.374311599999999,mHasAltitude=false,mAltitude=0.0,mHasSpeed=false,mSpeed=0.0,mHasBearing=false,mBearing=0.0,mHasAccuracy=true,mAccuracy=67.0,mExtras=Bundle[mParcelledData.dataSize=148]]
ADDRESS :

0.64
1.27
2.00
3.26
3.70
2.96
3.06
2.86
1.70
0.94
1.69
1.21
0.63
0.38
1.23
0.80
3.41
1.05
6.06
1.18
2.32
0.44
0.99
0.90
0.91
1.01
1.42
0.44
1.65
1.54
1.68
1.20
0.27
1.27
1.08
1.18
1.21
1.44
0.33
0.27
0.61
0.72
2.41
1.25
1.20
0.84
1.77
0.99
0.64
0.95
1.08
0.78
1.65
0.91
1.73
1.69
0.76
1.13
1.12
0.69
1.58
2.72
2.94
2.44
2.10
2.52
2.23
0.65
0.50
1.32
0.69
0.60
0.31
1.50
0.71
1.39
1.50
2.87
1.76
2.79
1.65
1.70
1.01
1.27
0.80
0.93
1.38
2.41
0.74
1.36
1.14
0.90
0.49
0.67
1.44
1.53
0.59
1.06
2.00
2.37
2.74
2.11
1.59
0.93
0.98
1.38
0.74
1.27
1.83
2.22
2.07
1.95
2.22
0.91
1.18
1.09
3.36
1.20
1.83
1.61
1.39
1.20
1.46
1.53
2.15
1.43
2.41
3.23
4.75
0.35
0.72
0.72
1.54
0.87
0.61
0.45
1.05
0.49
1.18
0.38
0.83
1.01
0.50
0.83
0.74
0.95
1.14
1.04
1.28
1.66
2.15
1.84
2.41
0.86
1.42
0.86
0.30
0.61
0.27
0.99
0.76
0.39
1.91
0.78
1.54
2.53
3.26
1.42
3.06
0.50
1.42
1.12
0.89
0.38
0.45
1.46
0.95
0.14
0.67
1.05
1.18
1.70
1.84
2.02
3.36
0.71
0.99
1.18
1.35
1.25
0.95
0.80
0.71
1.08
1.95
0.89
0.65
2.79
6.21
5.54
2.79
2.79
0.42
1.06
1.17
1.31
1.10
0.54
0.49
1.65
1.87
3.57
3.60
3.55
3.70
4.78
3.01
2.47
3.02
1.50
2.33
2.18
1.78
1.29
1.73
0.61
0.94
1.12
0.82
0.75
1.69
4.13
2.11
4.25
3.31
1.65
4.36
1.33
0.98
1.50
1.50
1.27
1.57
0.72
0.75
0.90
0.38
0.86
1.57
0.93
4.11
2.72
2.19
2.70
2.48
0.67
