GUESS    :WALKING
STARTTIME:1289747734892
ENDTIME  :1289747747909
LOCALSPD :0.0
LONGSPD  :0.23518547
LOCATION :Location[mProvider=network,mTime=1289747735666,mLatitude=55.7495866,mLongitude=12.3756262,mHasAltitude=false,mAltitude=0.0,mHasSpeed=false,mSpeed=0.0,mHasBearing=false,mBearing=0.0,mHasAccuracy=true,mAccuracy=66.0,mExtras=Bundle[mParcelledData.dataSize=148]]
ADDRESS :

2.37
0.54
0.35
0.34
0.23
0.31
0.28
0.23
0.32
0.24
0.19
0.32
0.20
0.18
0.22
0.08
0.14
0.38
0.34
1.02
0.48
0.22
0.26
0.08
0.09
0.16
0.06
0.17
0.21
0.37
0.19
0.06
0.26
0.15
0.20
0.08
0.12
0.17
0.15
0.10
0.13
0.21
0.22
0.18
0.05
0.08
0.14
0.09
0.04
0.14
0.09
0.07
0.04
0.05
0.13
0.13
0.08
0.13
0.36
0.03
0.01
0.08
0.01
0.08
0.12
0.10
0.12
0.27
0.09
0.16
0.18
0.09
0.05
0.10
0.16
0.15
0.13
0.16
0.04
0.12
0.15
0.19
0.01
0.07
0.15
0.06
0.07
0.13
0.21
0.08
0.21
0.10
0.05
0.08
0.11
0.07
0.24
0.10
0.12
0.05
0.11
0.13
0.05
0.05
0.10
0.12
0.05
0.08
0.10
0.09
0.07
0.07
0.04
0.11
0.31
0.17
0.05
0.09
0.13
0.02
0.15
0.03
0.15
0.10
0.19
0.18
0.22
0.12
