GUESS    :WALKING
STARTTIME:1289747825970
ENDTIME  :1289747839179
LOCALSPD :0.0
LONGSPD  :0.29595372
LOCATION :Location[mProvider=network,mTime=1289747835701,mLatitude=55.749284419999995,mLongitude=12.3762928,mHasAltitude=false,mAltitude=0.0,mHasSpeed=false,mSpeed=0.0,mHasBearing=false,mBearing=0.0,mHasAccuracy=true,mAccuracy=52.0,mExtras=Bundle[mParcelledData.dataSize=148]]
ADDRESS :

2.40
0.98
0.10
0.42
0.36
0.06
0.07
0.25
0.17
0.29
0.26
0.16
0.22
0.23
0.26
0.07
0.16
0.38
0.08
0.43
0.46
1.04
0.90
0.41
0.27
0.19
0.28
0.08
0.04
0.14
0.13
0.25
0.11
0.18
0.12
0.12
0.21
0.15
0.02
0.13
0.15
0.16
0.18
0.21
0.06
0.17
0.14
0.15
0.13
0.13
0.13
0.04
0.10
0.08
0.16
0.11
0.03
0.10
0.09
0.14
0.02
0.13
0.18
0.13
0.15
0.09
0.21
0.12
0.09
0.12
0.05
0.10
0.06
0.12
0.13
0.07
0.07
0.24
0.02
0.12
0.11
0.09
0.07
0.01
0.02
0.09
0.08
0.15
0.24
0.21
0.05
0.07
0.15
0.10
0.06
0.08
0.19
0.04
0.04
0.07
0.08
0.10
0.02
0.07
0.08
0.10
0.09
0.11
0.07
0.11
0.17
0.12
0.14
0.06
0.10
0.17
0.08
0.11
0.08
0.03
0.07
0.07
0.06
0.19
0.26
0.25
0.25
0.16
