GUESS    :WALKING
STARTTIME:1289747839180
ENDTIME  :1289747852059
LOCALSPD :0.0
LONGSPD  :0.080376044
LOCATION :Location[mProvider=network,mTime=1289747835701,mLatitude=55.749284419999995,mLongitude=12.3762928,mHasAltitude=false,mAltitude=0.0,mHasSpeed=false,mSpeed=0.0,mHasBearing=false,mBearing=0.0,mHasAccuracy=true,mAccuracy=52.0,mExtras=Bundle[mParcelledData.dataSize=148]]
ADDRESS :

1.16
0.97
1.10
2.29
5.13
5.18
6.43
5.33
6.25
4.64
2.91
2.00
1.99
2.48
4.28
4.33
3.61
8.66
5.20
5.60
2.90
2.90
1.62
0.72
1.46
1.69
2.29
2.29
3.55
3.91
4.63
3.12
4.51
2.19
2.18
0.80
1.25
2.38
3.15
1.69
0.83
8.16
2.68
3.76
1.83
1.31
0.46
1.57
1.27
0.39
2.02
1.29
4.43
6.13
3.60
3.62
5.11
3.34
2.26
2.96
1.88
0.80
1.27
1.63
3.87
1.95
5.05
4.44
1.95
1.28
1.53
0.97
0.80
0.57
0.57
1.36
0.67
1.42
2.90
2.56
2.04
5.31
1.95
2.08
1.91
1.53
0.29
1.66
1.02
1.46
1.87
1.80
1.09
3.24
4.70
1.08
0.89
0.87
0.97
0.45
0.69
1.09
2.32
0.79
1.31
2.91
1.99
1.73
0.65
1.46
0.97
0.84
0.38
0.76
1.01
0.72
0.80
0.57
0.31
0.52
0.80
0.49
0.19
0.07
0.14
0.18
0.15
0.15
0.35
0.82
0.22
0.16
0.19
0.15
0.15
0.08
0.35
0.27
0.04
0.12
0.19
0.23
0.11
0.07
0.23
0.15
0.71
0.34
0.78
0.49
0.57
1.08
1.59
2.68
1.31
1.08
2.64
1.40
0.35
0.49
1.35
1.12
1.65
0.63
1.83
3.70
1.39
3.66
9.90
4.37
4.89
2.26
1.61
1.42
1.13
1.21
0.60
1.95
1.99
2.38
7.56
4.71
4.69
8.24
4.71
2.85
0.78
2.27
2.71
2.56
2.72
1.62
2.79
7.03
4.99
4.70
2.27
1.42
1.08
1.39
0.87
1.88
1.96
3.65
6.40
6.17
4.03
4.52
2.67
2.11
1.51
1.05
1.76
3.53
2.10
3.02
4.78
7.97
5.04
6.16
3.91
1.88
1.08
2.08
1.61
2.96
3.32
5.03
7.19
4.71
3.79
5.22
3.91
1.46
1.78
1.65
3.42
3.02
1.21
5.98
6.47
7.37
5.75
3.53
3.17
0.86
3.11
1.44
2.34
2.78
3.21
4.59
2.82
3.17
6.40
3.30
