GUESS    :MOVING_SM
STARTTIME:1289743339427
ENDTIME  :1289743352369
LOCALSPD :0.0
LONGSPD  :0.0
LOCATION :Location[mProvider=network,mTime=1289743321111,mLatitude=55.74931884999999,mLongitude=12.376296150000002,mHasAltitude=false,mAltitude=0.0,mHasSpeed=false,mSpeed=0.0,mHasBearing=false,mBearing=0.0,mHasAccuracy=true,mAccuracy=52.0,mExtras=Bundle[mParcelledData.dataSize=148]]
ADDRESS :

0.41
0.29
0.12
0.19
0.14
0.16
0.09
0.13
0.20
0.13
0.13
0.21
0.09
0.07
0.13
0.13
0.14
0.05
0.12
0.09
0.08
0.06
0.06
0.08
0.05
0.09
0.08
0.09
0.07
0.09
0.06
0.06
0.07
0.08
0.10
0.08
0.06
0.05
0.06
0.03
0.06
0.07
0.05
0.06
0.05
0.04
0.04
0.04
0.04
0.03
0.03
0.04
0.04
0.01
0.03
0.06
0.03
0.02
0.05
0.03
0.02
0.01
0.02
0.03
0.02
0.01
0.03
0.04
0.03
0.02
0.05
0.03
0.00
0.02
0.03
0.04
0.00
0.04
0.04
0.01
0.01
0.03
0.04
0.02
0.02
0.05
0.05
0.01
0.04
0.03
0.02
0.03
0.01
0.04
0.03
0.02
0.04
0.02
0.02
0.01
0.00
0.01
0.01
0.02
0.05
0.03
0.02
0.02
0.01
0.01
0.03
0.06
0.01
0.03
0.02
0.01
0.02
0.01
0.02
0.03
0.05
0.06
0.02
0.03
0.05
0.05
0.02
0.02
