GUESS    :MOVING_SM
STARTTIME:1289743391640
ENDTIME  :1289743405569
LOCALSPD :0.0
LONGSPD  :0.0
LOCATION :Location[mProvider=network,mTime=1289743363777,mLatitude=55.74941363333334,mLongitude=12.376145966666668,mHasAltitude=false,mAltitude=0.0,mHasSpeed=false,mSpeed=0.0,mHasBearing=false,mBearing=0.0,mHasAccuracy=true,mAccuracy=61.0,mExtras=Bundle[mParcelledData.dataSize=148]]
ADDRESS :

2.48
0.38
1.43
4.32
2.19
2.33
3.28
0.50
1.48
3.57
3.45
1.85
3.61
2.40
0.52
3.58
6.81
4.06
8.05
1.10
1.83
6.02
3.34
6.36
2.47
1.05
1.08
3.02
1.27
0.72
2.33
1.04
0.84
0.69
0.35
0.50
0.12
0.15
0.11
0.07
0.04
0.14
0.14
0.11
0.03
0.12
0.08
0.11
0.10
0.12
0.23
0.19
0.15
0.23
0.41
0.49
0.39
0.23
0.48
0.25
0.23
0.12
0.11
0.07
0.03
0.12
0.12
0.16
0.12
0.07
0.03
0.07
0.04
0.04
0.16
0.12
0.07
0.04
0.12
0.12
0.08
0.11
0.20
0.12
0.03
0.08
0.08
0.07
0.07
0.11
0.11
0.19
0.18
0.07
0.08
0.12
0.07
0.15
0.04
0.12
0.04
0.04
0.08
0.04
0.04
0.04
0.08
0.16
0.08
0.12
0.16
0.08
0.08
0.08
0.07
0.07
0.04
0.11
0.04
0.15
0.11
0.07
0.04
0.03
0.04
0.04
0.12
0.04
0.20
0.12
0.15
0.18
0.04
0.08
0.04
0.08
0.10
0.07
0.04
0.04
0.04
0.04
0.04
0.12
0.04
0.04
0.16
0.19
0.04
0.08
0.08
0.20
0.16
0.12
0.12
0.08
0.08
0.08
0.16
0.12
0.04
0.04
0.04
0.07
0.07
0.07
0.08
0.11
0.08
0.11
0.07
0.04
0.07
0.04
0.04
0.07
0.08
0.08
0.07
0.07
0.08
0.12
0.08
0.04
0.08
0.16
0.08
0.16
0.08
0.04
0.04
0.08
0.08
0.08
0.04
0.11
0.11
0.04
0.04
0.07
0.07
0.07
0.03
0.10
0.08
0.08
0.03
0.18
0.11
0.11
0.04
0.07
0.03
0.08
0.07
0.07
0.04
0.07
0.11
0.07
0.07
0.04
0.07
0.07
0.16
0.12
0.04
0.04
0.12
0.11
0.07
0.07
0.07
0.08
0.12
0.16
0.04
0.11
0.20
0.23
0.07
0.04
0.11
0.31
0.38
0.08
1.08
0.72
0.82
0.59
0.50
0.78
0.67
0.22
0.20
0.30
