GUESS    :MOVING_SM
STARTTIME:1289743550780
ENDTIME  :1289743563659
LOCALSPD :0.0
LONGSPD  :0.0
LOCATION :Location[mProvider=network,mTime=1289743543992,mLatitude=55.749163375,mLongitude=12.376264574999999,mHasAltitude=false,mAltitude=0.0,mHasSpeed=false,mSpeed=0.0,mHasBearing=false,mBearing=0.0,mHasAccuracy=true,mAccuracy=59.0,mExtras=Bundle[mParcelledData.dataSize=148]]
ADDRESS :

1.12
2.18
3.11
1.61
3.83
2.27
1.05
0.89
0.79
0.67
0.42
0.71
0.23
0.45
1.53
2.91
3.26
6.01
3.15
2.29
0.80
1.39
0.67
0.39
1.12
1.08
1.54
0.34
1.01
1.81
1.33
1.77
1.61
1.77
3.92
1.44
1.61
0.54
1.06
0.86
0.78
0.15
0.84
0.95
0.89
1.44
2.10
4.69
4.18
1.89
3.09
2.52
0.75
0.35
0.44
0.80
0.56
0.99
0.74
0.76
1.27
1.69
1.65
0.63
0.57
0.37
0.41
0.15
0.54
0.19
0.31
0.23
0.19
0.04
0.22
0.04
0.19
0.15
0.12
0.11
0.19
0.16
0.08
0.15
0.20
0.19
0.18
0.18
0.04
0.10
0.30
0.18
0.26
0.31
0.38
0.19
0.22
0.23
0.18
0.18
0.31
0.30
0.12
0.20
0.10
0.12
0.19
0.08
0.08
0.16
0.11
0.07
0.04
0.04
0.08
0.08
0.08
0.04
0.12
0.04
0.08
0.11
0.07
0.19
0.35
0.20
0.15
0.03
0.08
0.04
0.07
0.04
0.07
0.25
0.12
0.08
0.16
0.12
0.08
0.26
0.22
0.19
0.19
0.04
0.04
0.07
0.04
0.07
0.07
0.15
0.14
0.11
0.04
0.08
0.08
0.27
0.38
0.61
0.11
0.34
0.12
0.08
0.26
0.12
0.12
0.20
0.08
0.08
0.12
0.16
0.25
0.12
0.04
0.23
0.45
0.50
0.26
0.15
0.39
0.30
0.27
0.18
0.45
0.16
0.37
0.19
0.46
0.12
0.26
0.19
0.31
0.22
0.08
0.15
0.11
0.03
0.14
0.11
0.18
0.18
0.19
0.34
0.46
0.50
0.59
0.64
0.20
0.35
0.42
0.33
0.19
0.39
0.27
0.23
0.16
0.11
0.44
0.34
0.30
0.22
0.26
0.27
0.23
0.08
0.41
0.35
0.23
0.27
0.16
0.12
0.25
0.27
0.25
0.34
0.33
0.39
0.19
0.11
0.14
0.18
0.25
0.23
0.15
0.54
0.12
0.37
0.08
0.14
0.19
0.19
0.15
0.12
0.08
0.08
0.12
0.07
