GUESS    :IDLE
STARTTIME:1289912482734
ENDTIME  :1289912496533
LOCALSPD :0.0
LONGSPD  :-1.0
LOCATION :Location[mProvider=network,mTime=1289912457386,mLatitude=55.6289226375,mLongitude=12.644536125000002,mHasAltitude=false,mAltitude=0.0,mHasSpeed=false,mSpeed=0.0,mHasBearing=false,mBearing=0.0,mHasAccuracy=true,mAccuracy=20.0,mExtras=Bundle[mParcelledData.dataSize=148]]
ADDRESS :

0.12
0.12
0.04
0.12
0.08
0.12
0.08
0.12
0.08
0.08
0.08
0.04
0.08
0.08
0.12
0.16
0.16
0.08
0.08
0.04
0.12
0.08
0.08
0.04
0.04
0.08
0.04
0.08
0.04
0.12
0.08
0.12
0.04
0.08
0.04
0.04
0.12
0.08
0.04
0.04
0.08
0.12
0.08
0.04
0.04
0.04
0.08
0.12
0.08
0.08
0.08
0.08
0.12
0.12
0.12
0.04
0.08
0.04
0.08
0.04
0.12
0.08
0.12
0.08
0.08
0.04
0.04
0.12
0.16
0.16
0.12
0.12
0.20
0.12
0.08
0.16
0.08
0.12
0.12
0.12
0.04
0.04
0.12
0.08
0.12
0.04
0.12
0.04
0.04
0.12
0.08
0.08
0.12
0.08
0.08
0.04
0.04
0.08
0.08
0.04
0.08
0.16
0.12
0.08
0.08
0.04
0.04
0.12
0.12
0.12
0.04
0.12
0.08
0.08
0.16
0.12
0.08
0.08
0.08
0.04
0.08
0.04
0.04
0.04
0.16
0.12
0.08
0.04
0.12
0.08
0.08
0.08
0.04
0.04
0.04
0.08
0.04
0.04
0.12
0.08
0.12
0.20
0.04
0.12
0.04
0.04
0.04
0.04
0.08
0.08
0.08
0.08
0.12
0.12
0.08
0.16
0.12
0.08
0.08
0.04
0.12
0.12
0.04
0.16
0.04
0.12
0.12
0.04
0.12
0.12
0.12
0.04
0.04
0.04
0.04
0.04
0.08
0.04
0.16
0.08
0.04
0.04
0.12
0.08
0.12
0.08
0.08
0.04
0.04
0.08
0.08
0.04
0.08
0.16
0.08
0.04
0.04
0.07
0.07
0.04
0.12
0.08
0.04
0.12
0.04
0.04
0.08
0.08
0.08
0.04
0.04
0.12
0.16
0.07
0.07
0.04
0.07
0.15
0.16
0.15
0.07
0.16
0.16
0.08
0.08
0.04
0.12
0.08
0.08
0.04
0.08
0.04
0.12
0.04
0.16
0.04
0.08
0.08
0.08
0.04
0.04
0.12
0.12
0.04
0.04
0.08
0.04
0.08
0.08
0.08
0.04
0.08
0.04
0.04
0.12
0.04
