GUESS    :WALKING
STARTTIME:1288880910107
ENDTIME  :1288880923068
LOCALSPD :0.0
LONGSPD  :0.055438563
LOCATION :Location[mProvider=network,mTime=1288880899255,mLatitude=55.75023515,mLongitude=12.378528750000001,mHasAltitude=false,mAltitude=0.0,mHasSpeed=false,mSpeed=0.0,mHasBearing=false,mBearing=0.0,mHasAccuracy=true,mAccuracy=78.0,mExtras=Bundle[mParcelledData.dataSize=148]]
ADDRESS :

5.35
2.44
2.07
2.26
2.51
2.18
1.62
6.82
5.16
2.45
4.60
3.36
4.40
1.38
1.50
1.66
1.40
3.28
3.60
4.44
3.60
2.62
5.05
2.76
0.87
1.50
2.37
2.34
5.98
4.25
3.61
1.18
3.36
2.53
1.39
0.38
0.87
0.98
0.23
0.93
1.65
0.49
1.28
2.10
1.89
0.69
1.29
5.26
5.94
5.13
3.08
3.01
3.61
0.69
2.15
0.72
1.10
0.53
1.27
1.20
1.65
0.52
1.16
0.80
1.04
1.39
1.31
0.30
2.85
2.85
12.60
3.87
7.16
3.57
5.31
2.87
1.09
1.40
1.50
0.54
0.64
0.42
1.63
1.61
0.91
1.69
3.06
6.55
6.39
4.90
4.71
2.23
3.41
0.90
1.01
0.44
1.69
4.09
2.53
6.93
3.21
2.04
6.77
2.34
2.72
1.46
1.83
1.13
1.88
5.01
6.67
0.50
4.36
4.14
2.71
1.65
0.87
2.64
3.68
4.52
9.13
5.94
4.06
5.26
2.45
0.65
1.33
1.04
1.59
2.76
5.67
3.11
3.91
1.31
3.53
2.42
1.18
0.98
2.22
2.38
3.94
3.79
8.32
3.69
5.84
4.13
2.72
0.84
0.42
1.77
2.64
2.60
6.63
7.40
1.72
3.68
2.42
3.61
1.14
0.69
1.89
3.58
4.52
10.26
4.14
1.80
7.86
2.33
2.23
1.27
1.80
3.46
2.03
2.81
5.84
3.39
7.78
3.24
2.47
1.73
1.80
2.76
4.03
6.14
9.49
3.38
4.77
6.05
4.13
0.72
1.02
2.06
2.91
2.23
3.55
4.82
0.82
4.06
2.86
1.96
0.84
0.46
2.85
2.08
1.20
3.41
5.15
3.36
5.28
3.15
3.95
0.79
1.93
1.63
1.57
4.59
2.68
5.23
2.19
4.78
6.17
2.98
1.46
2.15
1.24
2.18
1.57
1.33
3.72
4.41
2.14
2.52
4.18
2.12
2.14
1.05
1.89
1.88
5.78
2.72
7.86
3.24
5.43
3.60
2.14
0.78
1.87
2.23
1.31
2.59
4.62
7.35
2.72
5.37
4.52
5.26
