GUESS    :MOVING_ME
STARTTIME:1288880962418
ENDTIME  :1288880975246
LOCALSPD :0.0
LONGSPD  :0.08533813
LOCATION :Location[mProvider=network,mTime=1288880955906,mLatitude=55.75023515,mLongitude=12.378528750000001,mHasAltitude=false,mAltitude=0.0,mHasSpeed=false,mSpeed=0.0,mHasBearing=false,mBearing=0.0,mHasAccuracy=true,mAccuracy=78.0,mExtras=Bundle[mParcelledData.dataSize=148]]
ADDRESS :

1.33
1.23
0.41
1.28
1.76
1.80
0.82
2.33
1.69
1.50
2.04
1.73
1.35
6.93
7.29
1.76
8.00
2.87
3.17
5.31
3.34
6.78
4.64
5.49
2.83
2.45
3.36
2.07
2.83
6.76
4.64
5.33
4.73
1.25
4.06
5.28
5.18
4.41
7.33
4.36
2.70
3.15
0.83
2.12
3.30
2.33
6.05
3.45
2.87
3.26
5.20
3.15
2.21
1.42
1.99
1.77
2.86
3.00
4.48
3.83
4.74
6.31
3.61
2.03
1.89
2.82
3.04
2.51
5.39
4.45
3.43
3.19
3.68
7.08
3.87
2.72
1.18
1.66
1.81
2.64
4.49
2.98
3.19
3.49
2.44
3.61
1.25
1.58
0.46
0.89
1.16
2.18
1.63
1.78
1.97
2.11
2.18
1.23
0.93
0.46
0.76
1.27
1.31
0.65
0.89
1.05
0.31
0.56
2.23
1.23
0.34
3.64
1.54
3.60
2.74
2.87
1.57
1.09
1.76
1.09
0.54
1.31
1.10
2.22
3.51
1.42
2.87
2.64
2.34
1.77
0.94
1.32
1.10
2.79
2.55
5.27
2.62
2.96
1.21
5.41
2.11
3.15
1.68
2.14
2.41
5.01
4.52
5.16
4.18
2.60
1.08
2.15
1.65
5.57
8.04
1.92
3.60
2.47
5.41
2.29
6.14
1.80
3.00
3.21
2.00
0.89
1.38
2.26
2.26
1.46
3.49
2.00
3.41
1.35
1.04
1.46
1.46
1.29
1.59
0.07
0.38
0.42
1.20
2.23
1.35
2.15
0.49
1.57
1.23
0.34
0.87
0.52
1.14
0.67
1.27
0.84
1.61
1.68
1.72
1.72
2.45
0.91
0.25
0.57
1.47
2.19
1.65
1.50
1.31
1.68
2.53
3.11
0.53
0.10
0.54
0.87
1.28
1.20
0.69
1.29
2.22
1.95
2.64
2.26
3.01
1.99
4.03
2.14
2.23
1.24
2.15
1.27
1.72
3.06
3.55
4.97
1.81
3.00
4.37
1.27
2.03
2.03
0.38
1.47
4.22
3.80
0.93
5.64
2.98
1.77
0.76
3.60
1.83
0.79
1.96
1.46
