GUESS    :MOVING_HI
STARTTIME:1288879704648
ENDTIME  :1288879717547
LOCALSPD :0.0
LONGSPD  :-1.0
LOCATION :Location[mProvider=network,mTime=1288879677393,mLatitude=55.74955920000001,mLongitude=12.376563575,mHasAltitude=false,mAltitude=0.0,mHasSpeed=false,mSpeed=0.0,mHasBearing=false,mBearing=0.0,mHasAccuracy=true,mAccuracy=50.0,mExtras=Bundle[mParcelledData.dataSize=148]]
ADDRESS :

0.84
1.47
1.58
8.31
7.25
5.30
4.73
4.48
2.00
3.36
1.46
5.71
13.44
6.86
5.87
6.05
5.43
0.80
1.29
0.95
4.02
10.79
3.85
2.27
5.38
4.86
3.76
1.39
6.13
3.99
4.67
8.08
7.34
5.39
7.97
3.57
3.68
2.07
1.85
2.64
2.64
4.13
6.29
6.22
3.34
10.99
1.72
3.95
3.13
1.99
2.72
2.60
4.21
8.46
1.57
7.21
3.91
4.17
4.40
3.43
2.72
1.51
5.04
10.49
4.59
8.98
4.60
4.28
2.98
1.87
3.69
6.10
4.18
4.85
4.06
5.52
0.91
2.52
3.53
1.99
2.21
3.72
3.72
6.25
2.96
8.19
4.79
2.51
5.04
1.81
2.26
2.37
5.18
2.94
1.85
5.18
4.33
1.53
3.28
3.65
4.67
3.79
8.76
7.29
5.35
9.17
3.99
3.76
4.39
1.04
2.64
4.25
5.05
1.57
8.47
5.34
0.76
2.96
6.97
2.30
6.17
7.12
4.63
4.13
6.24
3.26
4.67
1.61
2.64
3.95
4.06
4.44
2.98
3.90
2.07
3.17
1.95
0.42
1.39
0.78
0.50
0.90
0.68
0.53
1.27
1.59
0.89
1.12
1.80
1.14
3.02
2.87
0.84
1.46
1.17
0.79
0.59
0.97
2.06
3.04
4.06
3.83
4.29
1.85
4.26
2.83
1.76
0.69
2.34
3.32
2.71
3.30
3.43
9.04
3.85
3.31
8.84
2.26
2.90
2.26
1.48
2.00
4.06
3.45
3.87
1.99
2.44
1.99
1.93
1.74
1.72
1.95
1.39
3.35
2.21
1.48
1.69
2.38
1.69
2.79
0.65
0.79
0.84
0.84
0.87
0.74
0.65
1.87
1.96
0.97
2.22
1.50
2.34
0.91
1.72
2.03
0.50
1.48
1.91
2.53
1.51
0.72
1.29
0.48
0.95
1.38
1.17
2.07
2.60
1.27
0.34
0.54
1.50
0.59
1.46
0.65
0.95
1.53
0.56
2.11
1.85
3.47
2.89
4.59
5.71
4.62
1.61
1.97
0.75
1.88
2.11
2.15
2.19
2.26
3.79
6.22
