GUESS    :MOVING_ME
STARTTIME:1288879757239
ENDTIME  :1288879771357
LOCALSPD :0.0
LONGSPD  :-1.0
LOCATION :Location[mProvider=network,mTime=1288879737466,mLatitude=55.74955551666667,mLongitude=12.376757466666668,mHasAltitude=false,mAltitude=0.0,mHasSpeed=false,mSpeed=0.0,mHasBearing=false,mBearing=0.0,mHasAccuracy=true,mAccuracy=50.0,mExtras=Bundle[mParcelledData.dataSize=148]]
ADDRESS :

0.95
2.37
2.06
0.65
1.42
0.35
0.99
0.67
0.23
0.61
0.76
0.76
0.35
0.68
0.42
0.79
0.19
0.27
0.19
0.39
0.42
0.54
0.57
0.53
0.61
0.49
1.33
0.41
0.61
0.76
1.04
1.35
1.31
1.04
0.80
0.98
2.19
1.21
2.06
0.93
0.65
1.38
1.35
0.65
0.69
1.18
0.82
1.12
0.61
1.29
0.65
0.19
0.27
0.33
0.46
0.57
0.53
0.39
0.50
0.34
0.54
0.20
0.30
0.53
0.57
1.20
1.42
1.12
1.17
0.80
0.94
0.49
0.34
0.29
0.19
0.60
0.19
0.08
0.30
0.45
0.11
0.44
0.84
0.61
1.14
0.68
1.78
2.19
1.16
1.04
2.36
2.33
0.39
1.04
1.08
0.80
0.76
0.33
0.11
0.22
0.59
0.30
0.61
0.67
0.20
0.29
0.20
0.39
0.46
0.23
0.39
0.42
0.15
0.12
1.57
1.50
1.35
6.09
4.82
6.82
5.49
5.75
3.68
1.18
4.90
3.47
9.79
4.93
2.98
4.63
2.70
4.36
4.75
5.90
4.06
4.55
1.88
3.72
1.24
1.83
1.72
2.62
0.83
1.89
2.83
2.74
1.50
3.49
1.23
1.61
1.85
1.53
1.62
2.36
2.37
3.76
2.81
2.34
3.65
1.48
1.65
3.66
4.02
5.30
7.06
1.55
3.87
3.17
2.47
1.27
2.04
3.35
6.43
7.23
5.13
6.48
7.85
2.18
4.52
1.04
2.64
7.18
4.92
3.70
6.76
7.78
9.10
5.98
32.42
7.48
5.13
4.10
10.51
8.72
5.63
1.59
4.60
4.20
5.31
6.02
4.44
5.71
7.82
2.11
2.87
3.06
3.68
5.26
4.47
7.50
5.94
4.67
3.53
2.49
3.76
1.83
3.38
4.99
3.02
4.13
2.18
3.16
5.63
2.02
2.51
3.65
2.45
2.90
2.14
1.88
4.44
1.99
1.42
1.46
1.35
3.75
0.80
8.76
11.65
5.35
3.64
3.13
0.69
0.74
2.57
1.05
1.72
3.38
1.35
3.41
0.53
2.27
2.14
0.49
2.30
2.07
