GUESS    :MOVING_SM
STARTTIME:1288879985098
ENDTIME  :1288879998056
LOCALSPD :0.0
LONGSPD  :0.32241952
LOCATION :Location[mProvider=network,mTime=1288879980613,mLatitude=55.749666,mLongitude=12.3808557,mHasAltitude=false,mAltitude=0.0,mHasSpeed=false,mSpeed=0.0,mHasBearing=false,mBearing=0.0,mHasAccuracy=true,mAccuracy=51.0,mExtras=Bundle[mParcelledData.dataSize=148]]
ADDRESS :

0.46
1.14
1.04
2.37
1.63
2.06
2.30
1.58
1.73
0.53
1.05
0.45
0.61
0.31
0.19
0.38
0.33
0.38
0.57
0.33
0.33
0.35
0.42
0.26
0.41
1.36
1.62
1.06
2.06
1.08
0.38
0.53
1.02
0.95
0.38
0.68
1.04
0.80
0.23
0.49
0.69
0.53
0.82
0.60
0.54
0.44
0.46
0.26
0.39
0.25
0.64
0.31
0.39
0.38
0.31
0.44
0.20
0.42
0.37
0.30
0.61
0.15
0.48
0.60
0.99
0.37
2.00
0.48
2.63
1.04
1.10
0.99
0.90
2.30
1.99
4.75
1.65
1.77
5.07
5.13
12.37
2.40
3.77
10.24
2.03
7.50
2.41
3.19
3.45
3.90
6.36
3.06
5.79
1.97
5.27
1.91
5.23
2.56
5.20
7.55
2.94
4.71
1.16
5.71
1.04
1.65
1.54
1.85
1.35
1.97
2.79
2.12
1.42
2.30
1.31
0.86
0.95
0.89
1.66
1.32
0.86
0.53
1.33
0.74
1.53
1.77
1.29
1.77
1.54
1.44
2.07
1.88
2.29
1.58
0.44
1.16
1.18
1.18
0.65
0.69
0.30
0.27
0.49
0.94
0.61
0.38
0.56
1.05
0.52
0.89
0.39
0.53
0.37
0.27
0.18
0.15
0.25
0.57
0.49
0.35
0.50
0.45
0.34
0.57
0.61
0.15
0.59
1.50
0.90
0.69
0.80
1.69
0.37
0.93
0.65
0.27
0.34
0.80
0.41
0.64
0.31
0.12
0.90
1.10
1.35
3.34
0.75
0.34
1.24
1.20
0.46
0.14
1.04
0.19
0.30
0.31
0.27
0.45
0.30
0.38
0.12
0.07
0.07
0.31
0.08
0.08
0.07
0.11
0.12
0.63
0.12
0.31
0.19
0.16
0.34
0.12
0.22
0.14
0.25
0.33
0.19
0.16
0.23
0.12
0.19
0.39
0.16
0.20
0.04
0.15
0.15
0.04
0.15
0.26
0.15
0.08
0.38
0.26
0.16
0.22
0.19
0.20
0.18
0.15
0.19
0.25
0.12
0.31
0.20
0.22
0.39
0.54
0.26
0.35
0.19
0.27
