GUESS    :MOVING_ME
STARTTIME:1288879536278
ENDTIME  :1288879549216
LOCALSPD :0.0
LONGSPD  :-1.0
LOCATION :Location[mProvider=network,mTime=1288879497445,mLatitude=55.7495664,mLongitude=12.37671915,mHasAltitude=false,mAltitude=0.0,mHasSpeed=false,mSpeed=0.0,mHasBearing=false,mBearing=0.0,mHasAccuracy=true,mAccuracy=50.0,mExtras=Bundle[mParcelledData.dataSize=148]]
ADDRESS :

3.92
2.27
2.33
3.55
1.12
3.83
2.07
0.31
1.08
1.76
3.64
3.53
1.18
5.08
3.38
2.04
0.97
2.48
2.29
3.21
2.38
2.17
4.32
2.96
1.95
0.79
1.53
1.54
6.77
2.02
2.93
3.30
1.73
1.99
1.80
3.99
6.47
1.76
4.56
5.30
4.86
3.26
1.48
4.24
3.87
3.32
4.24
3.28
2.23
0.49
5.86
6.02
3.76
2.89
2.48
2.60
1.38
1.12
6.43
3.36
0.60
4.02
4.49
1.38
1.18
5.34
4.10
2.72
2.91
4.60
0.76
0.87
1.35
6.44
4.34
1.08
3.76
3.47
3.46
1.02
3.55
3.15
4.22
1.27
4.93
2.15
1.29
1.57
1.02
1.99
0.60
4.41
2.74
2.75
2.18
2.72
5.58
2.30
2.60
3.19
2.34
3.17
1.59
1.91
1.14
1.81
0.84
0.89
1.84
2.03
3.81
1.76
4.29
1.48
1.08
1.31
2.37
2.66
1.12
2.45
1.53
2.83
3.72
2.33
2.26
2.44
2.04
1.59
3.16
7.95
2.53
2.08
1.96
0.89
0.60
3.39
1.33
3.02
2.03
6.07
1.31
1.38
1.35
1.80
1.17
1.53
1.70
2.29
2.49
2.64
2.12
1.47
1.32
0.99
0.99
1.92
2.17
0.41
0.75
3.26
2.86
3.46
2.42
1.17
3.23
2.00
1.59
2.45
4.79
3.09
3.95
2.87
1.06
1.72
2.49
1.77
1.53
1.01
4.25
2.68
3.30
3.09
1.38
1.14
1.14
0.57
0.99
2.10
3.21
1.92
3.16
1.95
1.65
1.92
1.50
1.57
1.43
2.14
3.79
1.35
2.91
0.76
1.16
0.93
1.80
1.29
3.24
1.47
0.97
1.18
4.18
1.42
0.49
1.50
2.04
2.49
2.27
6.25
1.65
1.73
4.36
1.48
1.06
1.42
2.53
1.31
3.00
0.91
4.32
2.34
3.47
0.44
0.57
1.78
0.91
0.74
1.78
2.51
4.06
1.96
2.33
1.83
1.65
0.95
1.46
0.97
1.02
0.87
0.39
0.61
0.83
0.75
3.05
5.52
6.59
2.76
