GUESS    :MOVING_SM
STARTTIME:1288880036898
ENDTIME  :1288880049956
LOCALSPD :0.0
LONGSPD  :0.28906578
LOCATION :Location[mProvider=network,mTime=1288880037639,mLatitude=55.749666,mLongitude=12.3808557,mHasAltitude=false,mAltitude=0.0,mHasSpeed=false,mSpeed=0.0,mHasBearing=false,mBearing=0.0,mHasAccuracy=true,mAccuracy=51.0,mExtras=Bundle[mParcelledData.dataSize=148]]
ADDRESS :

0.68
1.04
1.23
0.71
1.43
0.97
0.34
0.53
0.41
0.67
0.93
0.78
1.08
0.49
1.46
0.72
0.20
0.35
0.29
0.30
0.50
0.74
0.99
1.31
1.06
1.23
3.11
7.10
8.35
14.57
6.96
15.05
12.00
8.14
5.69
2.91
3.69
3.11
1.58
0.69
1.27
2.86
1.48
0.69
1.50
1.16
2.94
0.86
0.57
3.08
1.08
1.14
1.21
0.22
0.30
0.04
0.03
0.23
0.23
0.29
0.61
0.34
0.16
0.18
0.07
0.12
0.74
0.34
1.10
0.52
1.01
0.53
0.38
0.61
0.42
0.25
0.33
0.41
0.04
0.19
0.12
0.04
0.16
0.11
0.07
0.20
0.08
0.20
0.20
0.12
0.15
0.30
0.42
0.57
0.19
0.35
0.26
0.22
0.26
0.08
0.19
0.19
0.16
0.07
0.15
0.07
0.25
0.15
0.11
0.12
0.12
0.12
0.12
0.04
0.25
0.12
0.12
0.08
0.20
0.12
0.16
0.19
0.14
0.07
0.12
0.08
0.12
0.19
0.04
0.11
0.08
0.19
0.04
0.04
0.04
0.11
0.12
0.16
0.12
0.08
0.12
0.16
0.16
0.08
0.04
0.12
0.12
0.08
0.12
0.04
0.04
0.12
0.16
0.23
0.19
0.76
0.23
0.15
0.39
0.39
0.35
0.22
0.12
0.38
0.31
0.25
0.46
0.46
0.71
0.20
0.38
0.65
0.11
0.15
0.57
0.37
0.78
0.10
0.41
0.45
0.76
0.69
0.78
0.46
0.59
1.16
0.34
0.54
0.59
0.19
0.78
0.38
0.08
0.19
0.35
0.27
0.23
0.46
0.23
0.03
0.50
0.37
0.97
1.35
0.44
1.20
0.63
0.72
1.10
0.53
0.80
0.64
0.42
0.60
0.57
0.64
0.99
0.69
0.30
0.41
0.27
0.50
0.04
0.16
0.20
0.20
0.04
0.14
0.23
0.23
0.12
0.12
0.18
0.15
0.23
0.12
0.04
0.04
0.11
0.07
0.16
0.07
0.04
0.07
0.07
0.04
0.08
0.04
0.08
0.04
0.04
0.20
0.20
0.07
0.15
0.15
