GUESS    :MOVING_SM
STARTTIME:1288880389378
ENDTIME  :1288880402276
LOCALSPD :0.0
LONGSPD  :0.0
LOCATION :Location[mProvider=network,mTime=1288880353009,mLatitude=55.749666,mLongitude=12.3808557,mHasAltitude=false,mAltitude=0.0,mHasSpeed=false,mSpeed=0.0,mHasBearing=false,mBearing=0.0,mHasAccuracy=true,mAccuracy=51.0,mExtras=Bundle[mParcelledData.dataSize=148]]
ADDRESS :

2.30
2.67
1.13
0.89
2.22
1.38
1.38
1.46
1.50
0.74
2.76
2.41
2.00
2.22
0.64
1.39
1.69
2.10
1.91
1.38
1.21
1.77
0.65
0.75
1.12
0.89
2.52
2.19
5.16
1.50
2.67
2.41
2.96
1.73
0.84
0.84
0.87
1.35
0.75
1.04
1.29
3.51
4.17
3.02
2.74
2.26
3.84
2.34
1.54
0.89
0.53
0.79
1.14
2.67
2.23
2.62
2.48
0.99
2.72
3.26
3.83
4.03
2.22
0.90
2.22
0.46
0.64
1.02
0.68
1.66
2.07
4.66
2.47
3.00
1.80
2.62
3.50
2.40
1.83
0.76
0.54
0.79
1.09
2.85
2.07
2.71
2.14
1.35
2.68
2.64
1.91
2.18
1.50
2.07
0.57
1.16
0.59
0.89
0.42
1.10
1.06
1.04
1.72
2.53
1.69
1.65
0.56
1.08
1.50
0.84
0.87
0.33
0.16
0.49
1.33
1.44
2.02
3.09
1.72
0.64
1.65
0.72
1.16
1.58
1.18
1.27
0.76
0.72
1.80
1.59
1.51
0.80
1.46
1.18
0.65
0.91
1.12
0.72
0.53
0.84
1.08
0.76
0.87
1.25
0.90
0.84
1.72
1.61
1.39
0.59
0.95
0.27
0.78
0.68
0.57
1.50
0.84
1.89
1.25
0.80
0.35
1.23
0.89
0.25
0.54
0.56
0.72
1.04
0.89
0.53
0.89
0.63
1.05
0.80
0.59
1.76
1.46
1.24
0.72
0.25
0.84
1.09
1.18
1.77
0.93
1.46
1.31
1.91
1.24
0.44
1.97
0.78
1.35
0.80
1.95
1.20
1.23
0.84
0.89
1.05
1.10
0.68
0.59
0.69
0.42
0.56
0.27
0.44
0.12
0.74
0.45
0.41
0.59
0.35
0.79
0.27
0.38
0.74
0.63
0.65
0.91
0.69
0.68
0.46
0.69
0.25
0.25
0.15
0.15
0.19
0.53
0.19
0.63
0.34
0.27
0.23
0.42
0.54
0.46
0.45
0.19
0.57
0.41
0.46
0.27
0.22
0.15
0.12
0.08
0.19
0.35
0.16
0.46
0.44
0.37
0.23
