GUESS    :MOVING_SM
STARTTIME:1288880493687
ENDTIME  :1288880506906
LOCALSPD :0.0
LONGSPD  :0.0
LOCATION :Location[mProvider=network,mTime=1288880473101,mLatitude=55.749666,mLongitude=12.3808557,mHasAltitude=false,mAltitude=0.0,mHasSpeed=false,mSpeed=0.0,mHasBearing=false,mBearing=0.0,mHasAccuracy=true,mAccuracy=51.0,mExtras=Bundle[mParcelledData.dataSize=148]]
ADDRESS :

0.23
0.19
0.14
0.18
0.04
0.11
0.07
0.11
0.14
0.25
0.15
0.22
0.41
0.16
0.12
0.12
0.12
0.12
0.16
0.08
0.15
0.12
0.26
0.15
0.08
0.08
0.08
0.16
0.19
0.38
0.34
0.23
0.19
0.04
0.23
0.12
0.07
0.04
0.27
0.16
0.16
0.08
0.16
0.23
0.23
0.25
0.12
0.16
0.12
0.08
0.11
0.07
0.12
0.08
0.08
0.07
0.08
0.04
0.08
0.04
0.08
0.08
0.08
0.08
0.16
0.04
0.04
0.04
0.08
0.23
0.07
0.08
0.03
0.04
0.12
0.08
0.34
0.22
0.27
0.91
0.23
0.38
0.45
0.15
0.10
0.25
0.18
0.15
0.27
0.23
0.07
0.16
0.16
0.19
0.15
1.01
0.98
1.18
0.80
0.20
0.30
0.72
0.46
0.30
0.25
0.23
0.61
0.34
1.18
0.91
1.88
1.09
1.04
0.35
0.89
0.80
0.82
0.65
1.20
0.90
0.53
0.52
0.25
0.27
0.15
0.84
1.13
1.48
1.83
1.01
0.46
0.69
0.34
1.04
0.45
0.91
0.29
0.61
0.41
0.08
0.04
0.12
0.15
0.31
0.22
0.54
0.22
1.80
0.99
0.46
0.87
2.72
1.42
1.43
1.80
0.76
1.02
1.08
1.10
0.49
2.22
0.98
0.63
1.44
1.88
1.80
2.37
1.16
0.89
1.06
1.57
0.72
2.42
2.48
2.64
1.61
3.13
2.86
1.42
1.13
0.98
1.27
1.32
3.36
1.95
5.90
5.37
1.69
3.87
2.10
2.04
1.10
1.39
1.93
3.69
3.00
4.44
6.09
5.41
4.63
2.76
1.76
1.53
1.42
0.63
1.59
1.57
5.86
4.07
1.40
4.06
4.45
1.18
3.02
2.10
1.95
3.57
1.63
2.34
8.02
5.82
5.90
5.88
1.42
1.40
1.50
1.16
0.76
1.51
1.80
4.48
1.38
4.51
2.94
4.64
3.88
2.53
2.57
1.18
4.85
2.62
1.54
4.14
3.72
6.05
6.20
2.15
1.63
1.81
3.30
1.61
0.97
2.11
0.71
0.64
2.41
