GUESS    :MOVING_SM
STARTTIME:1290697733662
ENDTIME  :1290697748119
LOCALSPD :-1.0
LONGSPD  :-1.0
LOCATION :Location[mProvider=network,mTime=1290697704350,mLatitude=55.782485799999996,mLongitude=12.513904010000001,mHasAltitude=false,mAltitude=0.0,mHasSpeed=false,mSpeed=0.0,mHasBearing=false,mBearing=0.0,mHasAccuracy=true,mAccuracy=53.0,mExtras=Bundle[mParcelledData.dataSize=148]]
ADDRESS :

10.31
0.42
0.04
0.04
0.04
0.08
0.08
0.12
0.04
0.04
0.04
0.08
0.04
0.08
0.04
0.04
0.08
0.04
0.04
0.04
0.16
0.08
0.08
0.08
0.08
0.08
0.16
0.08
0.08
0.08
0.08
0.08
0.12
0.08
0.04
0.08
0.08
0.04
0.04
0.04
0.12
0.04
0.08
0.12
0.12
0.08
0.12
0.08
0.04
0.08
0.08
0.08
0.08
0.08
0.04
0.04
0.04
0.08
0.12
0.08
0.07
0.11
0.12
0.04
0.04
0.08
0.08
0.07
0.11
0.15
0.11
0.08
0.12
0.08
0.04
0.04
0.12
0.04
0.08
0.08
0.04
0.04
0.12
0.04
0.08
0.04
0.08
0.12
0.12
0.08
0.08
0.08
0.16
0.08
0.07
0.07
0.04
0.12
0.16
0.04
0.08
0.08
0.12
0.08
0.08
0.12
0.16
0.08
0.08
0.04
0.04
0.12
0.16
0.08
0.08
0.04
0.04
0.08
0.04
0.12
0.04
0.12
0.08
0.12
0.08
0.08
0.08
0.08
0.08
0.08
0.04
0.04
0.08
0.08
0.04
0.04
0.08
0.04
0.08
0.08
0.04
0.08
0.04
0.16
0.16
0.04
0.08
0.04
0.08
0.12
0.12
0.12
0.16
0.12
0.08
0.08
0.12
0.12
0.12
0.07
0.03
0.08
0.08
0.12
0.12
0.04
0.16
0.12
0.08
0.16
0.08
0.12
0.08
0.08
0.08
0.04
0.04
0.04
0.08
0.08
0.08
0.04
0.08
0.12
0.04
0.04
0.12
0.04
0.08
0.12
0.08
0.16
0.11
0.03
0.04
0.12
0.04
0.11
0.03
0.08
0.08
0.04
0.08
0.16
0.20
0.11
0.18
0.11
0.08
0.27
0.23
0.20
0.11
0.08
0.34
0.08
0.23
0.48
0.25
0.30
0.20
0.27
0.31
0.25
0.07
0.26
0.26
0.23
0.12
0.37
0.23
0.15
0.27
0.25
0.15
0.19
0.08
0.16
0.31
0.27
0.14
1.39
1.73
0.23
0.42
0.11
0.19
0.07
0.11
0.23
0.44
0.33
0.11
0.23
0.34
0.12
