GUESS    :MOVING_ME
STARTTIME:1291019738151
ENDTIME  :1291019751299
LOCALSPD :0.41021955
LONGSPD  :4.011087
LOCATION :Location[mProvider=network,mTime=1291019706354,mLatitude=55.7653335,mLongitude=12.44393165,mHasAltitude=false,mAltitude=0.0,mHasSpeed=false,mSpeed=0.0,mHasBearing=false,mBearing=0.0,mHasAccuracy=true,mAccuracy=122.0,mExtras=Bundle[mParcelledData.dataSize=148]]
ADDRESS :

2.58
0.67
0.65
0.99
0.35
0.59
0.20
0.23
0.26
0.45
0.53
0.27
0.15
0.07
0.19
0.16
0.25
0.29
0.26
0.26
0.20
0.42
0.26
0.04
0.33
0.30
0.28
0.08
0.28
0.11
0.18
0.12
0.08
0.23
0.18
0.39
0.19
0.04
0.12
0.17
0.20
0.16
0.05
0.03
0.18
0.23
0.16
0.19
0.10
0.11
0.15
0.05
0.23
0.18
0.14
0.17
0.02
0.28
0.18
0.05
0.29
0.08
0.13
0.27
0.16
0.09
0.11
0.17
0.19
0.12
0.20
0.24
0.14
0.15
0.16
0.17
0.17
0.01
0.24
0.14
0.25
0.03
0.08
0.07
0.12
0.16
0.14
0.11
0.17
0.13
0.07
0.09
0.19
0.15
0.11
0.17
0.13
0.11
0.05
0.15
0.17
0.08
0.04
0.07
0.10
0.18
0.10
0.09
0.39
0.20
0.03
0.19
0.25
0.18
0.24
0.23
0.20
0.05
0.14
0.10
0.22
0.15
0.20
0.17
0.10
0.16
0.25
0.14
