GUESS    :MOVING_HI
STARTTIME:1291020127581
ENDTIME  :1291020140389
LOCALSPD :1.8758513
LONGSPD  :3.3949513
LOCATION :Location[mProvider=network,mTime=1291020111043,mLatitude=55.76538195,mLongitude=12.47033685,mHasAltitude=false,mAltitude=0.0,mHasSpeed=false,mSpeed=0.0,mHasBearing=false,mBearing=0.0,mHasAccuracy=true,mAccuracy=75.0,mExtras=Bundle[mParcelledData.dataSize=148]]
ADDRESS :

4.40
3.17
1.65
5.98
4.37
7.86
4.02
14.02
15.50
6.32
6.05
3.45
2.53
1.12
0.89
3.17
1.69
2.14
6.44
3.15
8.35
1.65
8.80
3.94
3.69
1.21
2.22
3.24
2.25
3.72
2.02
1.70
2.89
3.06
2.66
5.52
0.87
2.26
6.07
0.31
5.08
1.68
1.95
5.31
1.59
2.18
3.49
2.30
2.60
3.55
5.33
5.60
1.87
2.18
5.12
5.63
1.58
2.72
2.71
2.78
2.33
1.72
2.94
3.57
4.69
2.79
7.44
1.95
4.21
2.06
1.96
2.68
1.65
5.75
2.68
4.21
0.87
1.35
2.47
1.42
2.07
0.68
2.07
0.97
2.57
0.25
2.44
1.78
1.08
1.63
1.84
1.48
2.22
1.59
2.79
1.84
1.80
1.57
0.95
1.20
3.57
1.31
1.06
1.66
3.34
2.87
2.41
3.38
2.36
4.21
0.93
3.83
7.27
4.26
3.87
3.84
16.36
9.78
20.08
8.35
2.38
6.05
8.83
17.24
3.75
23.81
11.81
2.66
11.44
21.40
5.34
15.60
3.53
1.76
9.96
5.54
7.60
3.62
12.63
4.51
5.24
11.26
5.48
2.49
5.86
2.11
6.17
1.88
3.65
6.20
6.20
6.62
10.80
4.14
4.70
2.00
3.91
7.89
12.52
2.66
4.96
1.84
2.70
1.44
1.46
4.39
3.16
2.67
2.47
1.44
3.87
7.16
3.42
4.56
6.86
3.15
3.61
4.70
2.19
5.52
4.84
4.39
4.79
2.63
1.29
7.87
2.30
10.95
7.91
1.08
3.79
3.02
3.76
4.37
4.15
2.87
7.12
1.39
4.05
9.67
6.48
2.11
4.67
2.96
6.62
4.33
5.86
3.85
2.07
1.59
2.41
2.03
2.63
2.42
5.82
3.00
7.45
5.24
4.64
9.77
0.74
7.23
1.38
2.79
1.57
3.23
7.12
7.57
2.83
3.81
2.12
4.18
4.03
3.15
1.54
3.39
1.38
4.43
1.92
1.16
3.26
2.60
3.00
2.45
1.73
6.28
1.80
1.57
3.23
1.96
1.65
3.41
3.94
6.44
3.83
2.03
