GUESS    :MOVING_HI
STARTTIME:1291020192101
ENDTIME  :1291020205589
LOCALSPD :1.899364
LONGSPD  :3.6096518
LOCATION :Location[mProvider=network,mTime=1291020204330,mLatitude=55.7646982,mLongitude=12.47706785,mHasAltitude=false,mAltitude=0.0,mHasSpeed=false,mSpeed=0.0,mHasBearing=false,mBearing=0.0,mHasAccuracy=true,mAccuracy=96.0,mExtras=Bundle[mParcelledData.dataSize=148]]
ADDRESS :

1.23
4.14
2.07
4.25
1.12
1.72
1.10
2.47
2.33
0.18
1.02
1.42
1.31
2.25
5.13
3.61
4.40
7.94
4.10
3.34
3.83
4.29
3.34
2.87
10.23
6.13
3.32
5.82
4.85
14.29
3.30
6.21
4.32
3.83
3.04
8.39
3.35
3.24
3.21
0.38
1.88
1.23
1.85
1.06
1.88
3.17
0.84
2.41
1.55
5.34
1.06
2.25
2.37
2.26
2.26
2.68
0.71
3.28
0.86
3.72
3.31
0.95
1.28
1.08
1.54
1.54
2.79
3.21
2.79
2.90
2.64
0.95
1.38
2.71
0.38
3.57
0.95
2.07
2.36
4.13
6.66
2.49
12.34
1.68
5.33
3.65
1.27
2.60
1.85
4.06
1.04
2.53
4.11
1.33
2.64
1.16
3.30
0.91
1.72
1.33
4.17
3.34
5.18
4.55
1.31
7.14
1.68
3.60
1.27
4.18
0.72
1.55
2.47
2.23
3.50
1.43
2.49
2.76
3.45
3.36
2.75
1.76
3.30
2.89
1.55
2.87
2.76
2.59
5.43
5.87
1.18
0.59
1.10
1.89
3.11
2.83
2.03
1.42
5.63
2.87
3.60
1.65
3.16
4.77
5.42
1.84
3.02
2.30
2.82
1.38
2.62
2.91
3.79
1.68
6.55
4.60
1.95
1.18
5.12
1.63
1.88
1.10
2.26
2.06
4.33
1.38
2.94
2.87
2.10
2.94
7.82
2.64
8.12
3.49
1.33
4.03
3.88
4.59
5.08
4.47
10.46
10.31
1.57
1.50
2.10
2.06
6.20
3.04
3.83
2.34
2.72
4.40
3.05
3.95
3.09
1.23
3.12
1.42
2.85
3.45
2.52
2.30
7.04
4.37
3.19
3.73
3.79
6.48
1.68
10.05
10.68
6.02
4.93
3.99
9.28
3.26
6.93
2.67
7.31
8.77
5.52
7.67
1.91
3.53
1.44
4.15
5.78
5.05
3.05
9.74
6.70
4.74
13.70
6.10
2.72
3.57
1.48
4.90
6.86
6.31
9.85
6.32
9.28
6.10
4.10
3.21
2.07
1.80
4.48
2.76
3.09
8.35
10.77
8.59
2.14
5.26
