GUESS    :MOVING_ME
STARTTIME:1291020373951
ENDTIME  :1291020386790
LOCALSPD :0.0
LONGSPD  :2.311393
LOCATION :Location[mProvider=network,mTime=1291020341267,mLatitude=55.765018,mLongitude=12.484615,mHasAltitude=false,mAltitude=0.0,mHasSpeed=false,mSpeed=0.0,mHasBearing=false,mBearing=0.0,mHasAccuracy=true,mAccuracy=779.0,mExtras=Bundle[mParcelledData.dataSize=148]]
ADDRESS :

2.79
0.36
0.62
0.44
0.54
0.74
0.35
0.84
0.21
0.48
0.46
0.25
0.50
0.26
0.40
0.28
0.38
0.39
0.20
0.46
0.17
0.37
0.60
0.46
0.24
0.50
0.24
0.26
0.14
0.12
0.31
0.09
0.25
0.12
0.17
0.21
0.17
0.12
0.21
0.14
0.19
0.18
0.17
0.26
0.19
0.11
0.19
0.33
0.10
0.08
0.12
0.15
0.13
0.06
0.21
0.24
0.33
0.18
0.15
0.36
0.25
0.47
0.20
0.28
0.13
0.21
0.49
0.03
0.42
0.10
0.12
0.16
0.12
0.39
0.11
0.22
0.07
0.11
0.24
0.18
0.19
0.10
0.11
0.11
0.07
0.22
0.16
0.05
0.20
0.16
0.19
0.08
0.10
0.14
0.08
0.21
0.17
0.31
0.13
0.19
0.25
0.07
0.19
0.25
0.06
0.25
0.08
0.16
0.24
0.25
0.13
0.32
0.16
0.12
0.22
0.11
0.05
0.04
0.11
0.08
0.10
0.16
0.04
0.07
0.25
0.12
0.19
0.26
