GUESS    :MOVING_HI
STARTTIME:1291020815760
ENDTIME  :1291020828591
LOCALSPD :5.039976
LONGSPD  :3.4921145
LOCATION :Location[mProvider=network,mTime=1291020808129,mLatitude=55.776898630000005,mLongitude=12.50760658,mHasAltitude=false,mAltitude=0.0,mHasSpeed=false,mSpeed=0.0,mHasBearing=false,mBearing=0.0,mHasAccuracy=true,mAccuracy=50.0,mExtras=Bundle[mParcelledData.dataSize=148]]
ADDRESS :

1.48
1.61
2.25
2.55
6.21
5.56
1.14
2.07
2.53
1.53
2.19
2.25
1.68
2.96
2.34
4.29
3.75
2.94
3.46
3.11
3.11
3.30
3.79
1.42
1.16
3.11
2.37
3.57
1.35
1.73
1.69
2.60
3.08
3.95
7.63
3.61
5.83
3.54
9.41
4.63
1.87
4.05
1.88
5.41
1.01
1.96
2.83
3.13
1.51
0.44
2.00
1.46
1.12
1.57
2.19
1.18
2.45
2.15
1.27
1.54
2.26
1.08
1.54
0.97
1.80
2.41
1.73
3.02
5.88
5.00
1.46
0.76
1.33
0.41
2.07
1.29
2.49
2.38
3.64
1.92
2.85
5.20
2.76
7.04
1.18
2.81
4.74
0.97
2.64
3.83
2.18
2.03
6.03
2.87
2.86
1.74
2.51
3.21
2.51
0.38
1.42
1.80
4.71
2.66
4.51
2.34
1.42
1.69
2.18
0.95
3.04
1.54
2.60
2.87
2.91
2.60
4.14
2.52
4.03
3.83
2.72
0.99
4.17
1.83
3.87
1.81
3.21
0.91
5.64
2.79
3.06
4.21
1.81
1.40
0.57
2.64
0.90
2.91
1.96
1.57
4.74
1.31
1.95
2.97
2.34
3.92
3.91
8.50
5.90
3.17
4.11
6.93
18.93
19.95
10.02
5.01
3.66
9.93
12.60
4.20
3.80
2.96
4.22
2.94
2.15
2.72
2.47
2.45
1.92
2.22
6.29
2.51
6.39
2.37
2.75
2.15
1.33
9.19
3.15
5.00
3.95
1.16
3.79
0.83
0.69
2.33
1.59
0.83
2.15
2.60
4.56
1.02
2.71
3.32
2.07
2.10
0.82
2.49
2.34
1.61
2.93
1.80
3.36
4.37
1.65
3.28
2.02
2.57
1.66
0.67
1.72
1.35
2.45
3.45
2.52
7.34
6.67
0.95
2.75
1.57
3.57
2.82
1.69
3.11
0.41
1.21
3.28
3.41
2.52
3.08
2.22
2.33
0.72
1.61
5.64
2.07
2.03
4.14
1.74
2.87
0.57
3.47
2.41
1.44
1.04
2.64
0.90
2.93
3.26
2.57
6.06
3.46
3.19
2.23
6.01
3.50
