GUESS    :MOVING_ME
STARTTIME:1291020828592
ENDTIME  :1291020841430
LOCALSPD :5.039976
LONGSPD  :3.4921145
LOCATION :Location[mProvider=network,mTime=1291020808129,mLatitude=55.776898630000005,mLongitude=12.50760658,mHasAltitude=false,mAltitude=0.0,mHasSpeed=false,mSpeed=0.0,mHasBearing=false,mBearing=0.0,mHasAccuracy=true,mAccuracy=50.0,mExtras=Bundle[mParcelledData.dataSize=148]]
ADDRESS :

3.35
1.54
1.85
2.45
2.32
1.55
0.72
3.42
0.83
3.17
1.50
4.86
3.49
2.51
1.55
1.88
1.08
2.96
0.95
2.02
2.42
1.59
2.03
2.30
2.22
4.41
1.85
1.38
1.65
1.76
2.60
1.06
2.29
4.47
3.09
2.49
3.50
3.62
1.88
2.29
0.82
0.95
1.06
1.50
0.89
1.27
1.68
2.82
1.93
1.92
2.87
2.03
1.96
0.91
0.89
0.87
2.38
1.48
1.10
1.61
2.52
2.68
2.14
2.94
2.15
3.76
4.10
1.63
1.42
2.68
1.02
1.58
2.18
1.57
10.27
4.64
8.92
3.30
5.88
3.58
4.58
6.03
9.83
3.00
13.10
2.82
6.42
7.79
12.14
3.21
9.41
12.56
5.71
6.28
2.21
1.33
3.73
1.06
3.65
1.47
3.65
1.10
0.89
4.06
1.13
2.26
1.16
1.57
3.08
2.25
1.76
1.42
1.18
3.51
3.05
2.67
1.40
6.70
2.67
3.83
3.13
4.51
0.93
3.05
0.83
1.80
1.08
1.36
2.45
1.27
1.13
1.31
2.51
1.29
6.20
2.29
1.84
1.57
2.53
2.55
4.17
0.98
3.84
1.27
2.26
2.72
1.36
3.57
1.16
3.84
1.01
3.95
3.39
4.82
0.59
0.83
0.89
1.88
1.76
2.02
1.66
3.50
1.39
2.12
2.67
0.93
3.30
1.81
0.95
1.54
1.54
0.84
0.45
1.06
2.53
1.23
3.23
3.38
1.92
1.87
5.24
4.02
0.97
1.32
0.53
2.03
3.11
2.67
0.74
1.95
1.10
1.14
1.54
1.54
0.59
1.46
1.35
1.55
2.18
1.58
2.27
0.93
3.30
3.06
0.30
1.61
1.62
1.33
2.41
1.20
0.61
1.61
1.69
2.02
1.25
0.91
1.36
1.68
2.14
1.23
1.53
1.76
1.04
1.20
1.08
1.96
2.83
2.53
1.14
0.83
1.91
1.42
0.97
1.55
1.46
1.48
0.95
2.26
0.94
2.07
2.36
2.59
3.32
2.98
2.03
1.92
1.40
2.23
1.24
0.57
1.72
1.42
1.42
1.12
1.42
1.14
