GUESS    :MOVING_HI
STARTTIME:1291018681212
ENDTIME  :1291018695341
LOCALSPD :1.0984321
LONGSPD  :0.69356847
LOCATION :Location[mProvider=network,mTime=1291018671364,mLatitude=55.75092973333333,mLongitude=12.380548899999999,mHasAltitude=false,mAltitude=0.0,mHasSpeed=false,mSpeed=0.0,mHasBearing=false,mBearing=0.0,mHasAccuracy=true,mAccuracy=58.0,mExtras=Bundle[mParcelledData.dataSize=148]]
ADDRESS :

1.59
1.13
1.28
1.69
1.21
0.49
0.99
3.36
4.05
1.59
0.78
2.00
1.05
2.21
3.26
3.34
2.34
0.99
2.34
1.39
1.08
1.08
2.10
2.90
0.56
2.19
3.72
5.35
4.37
1.87
4.78
2.03
1.93
1.23
1.80
1.18
1.80
1.33
0.84
1.33
2.26
2.98
2.72
3.09
4.22
1.78
8.93
15.58
5.80
7.31
8.46
3.17
3.90
2.44
2.00
3.02
2.83
2.22
4.15
3.77
0.97
2.34
1.54
0.53
1.48
0.61
1.72
2.57
2.32
3.57
3.19
1.84
0.99
1.88
2.52
2.10
0.94
1.80
2.10
2.98
1.76
0.93
2.00
5.68
6.06
4.73
5.05
1.99
4.59
2.75
4.90
10.34
10.42
20.34
1.85
7.08
7.71
3.99
2.56
3.15
2.17
0.72
1.48
0.80
0.69
0.64
4.03
3.13
0.97
2.71
6.32
3.09
1.42
1.18
0.38
2.79
1.95
1.13
2.81
2.56
2.41
5.78
3.62
4.13
3.95
2.03
2.37
3.02
1.23
2.64
1.33
1.57
0.93
1.61
1.57
1.84
3.79
9.49
3.26
4.90
2.66
4.64
2.91
0.44
4.70
2.12
1.32
1.88
1.78
1.80
3.30
1.09
2.23
6.96
2.64
2.42
2.94
2.67
1.88
1.84
2.82
1.44
1.89
1.70
0.99
2.48
0.98
1.61
1.18
2.22
3.49
2.32
3.72
1.66
2.18
2.49
2.30
1.31
1.14
1.83
1.36
1.02
1.47
1.76
2.85
4.29
1.18
2.59
1.54
2.07
2.26
1.23
1.12
0.93
3.00
3.31
2.03
1.76
1.70
1.69
1.08
1.42
3.83
2.67
3.02
2.38
2.75
4.78
2.56
1.46
2.02
1.93
5.37
0.79
2.23
2.03
4.18
1.53
1.92
2.83
3.06
2.48
1.05
2.98
12.38
19.57
21.03
41.87
34.35
4.94
27.28
14.60
21.56
39.92
12.83
23.79
6.78
12.64
6.69
3.88
0.48
6.03
2.79
2.64
0.89
2.56
3.00
2.91
3.31
4.99
3.57
4.17
3.68
3.68
3.13
4.54
