GUESS    :MOVING_ME
STARTTIME:1291019311243
ENDTIME  :1291019324069
LOCALSPD :3.7241435
LONGSPD  :3.6751347
LOCATION :Location[mProvider=network,mTime=1291019285826,mLatitude=55.75697892000001,mLongitude=12.4201177,mHasAltitude=false,mAltitude=0.0,mHasSpeed=false,mSpeed=0.0,mHasBearing=false,mBearing=0.0,mHasAccuracy=true,mAccuracy=85.0,mExtras=Bundle[mParcelledData.dataSize=148]]
ADDRESS :

3.64
3.72
2.14
0.87
3.00
0.80
1.68
2.57
2.32
3.11
3.65
2.06
1.69
1.33
1.74
2.79
0.80
4.88
1.87
1.50
3.21
1.87
2.74
1.92
2.70
1.68
3.13
2.60
1.36
1.29
2.30
3.57
3.36
2.79
2.52
1.25
1.92
2.15
0.95
2.38
2.26
1.23
1.95
1.72
0.08
1.54
0.93
3.08
2.14
1.85
1.77
1.10
0.41
3.77
1.53
0.80
3.57
3.00
2.38
3.53
1.69
3.49
1.69
6.84
0.90
2.10
1.84
2.47
3.26
2.48
2.44
2.87
2.79
1.50
0.99
1.31
1.91
1.46
1.73
4.48
4.52
3.15
1.96
1.96
1.51
3.15
1.93
0.54
0.52
1.13
1.23
2.29
1.50
3.00
2.45
1.70
2.03
0.39
0.78
3.30
1.02
1.48
2.04
4.22
1.59
3.75
0.98
4.29
2.26
1.25
1.89
1.29
1.46
1.14
1.42
1.74
1.31
2.02
1.99
3.62
7.21
2.79
4.55
0.44
1.92
1.68
5.01
3.30
5.76
2.37
4.37
2.53
4.17
1.81
3.87
4.48
4.51
6.03
5.58
5.99
1.09
2.15
2.98
4.85
3.43
1.77
3.11
3.69
4.34
1.66
1.80
1.96
3.53
1.69
2.76
2.03
1.87
0.57
1.73
3.95
3.90
1.70
1.99
2.04
2.93
2.64
3.90
1.35
1.87
1.89
1.65
2.72
4.69
4.29
5.00
4.92
4.51
4.90
3.83
3.68
2.22
3.79
1.84
1.55
0.42
3.20
2.48
2.45
0.57
5.67
3.88
4.11
3.49
2.78
2.26
1.96
3.43
2.15
5.16
1.54
4.09
3.16
2.68
2.47
3.38
2.26
3.98
3.26
0.69
3.87
0.89
1.87
2.97
1.62
2.41
2.11
3.27
1.76
3.04
4.32
1.24
4.71
7.90
8.98
3.06
1.93
3.11
1.18
1.96
0.99
0.95
2.56
1.57
2.96
2.33
2.14
3.00
3.09
4.56
2.53
7.40
1.01
7.03
2.71
3.53
1.58
2.26
3.64
4.21
1.38
1.46
4.14
2.03
2.81
0.69
2.97
