GUESS    :MOVING_SM
STARTTIME:1291019596201
ENDTIME  :1291019609039
LOCALSPD :0.0
LONGSPD  :4.042893
LOCATION :Location[mProvider=network,mTime=1291019570280,mLatitude=55.7609756,mLongitude=12.4375926,mHasAltitude=false,mAltitude=0.0,mHasSpeed=false,mSpeed=0.0,mHasBearing=false,mBearing=0.0,mHasAccuracy=true,mAccuracy=75.0,mExtras=Bundle[mParcelledData.dataSize=148]]
ADDRESS :

0.91
1.40
0.63
0.87
1.23
0.87
0.12
0.44
1.88
1.04
1.89
1.58
1.39
0.45
1.04
1.38
0.65
1.42
1.58
0.78
2.04
1.53
1.53
0.80
1.74
1.33
0.74
2.00
1.05
1.50
1.12
0.80
1.61
1.20
0.69
1.16
0.74
0.97
1.24
1.33
2.03
1.33
0.97
1.43
0.23
1.08
1.76
0.48
1.76
0.50
1.10
2.37
2.56
2.62
2.45
1.29
1.70
1.04
1.18
1.39
1.72
2.30
1.16
2.52
1.05
1.44
0.42
1.57
0.61
1.25
0.90
2.38
2.62
0.69
0.57
0.91
0.61
1.50
0.42
2.22
1.05
0.30
1.14
1.61
0.89
1.25
0.56
1.16
1.42
1.87
0.72
1.39
1.61
1.08
1.35
0.65
1.84
0.89
2.22
1.12
2.19
2.52
4.48
1.13
2.27
1.42
1.70
1.91
1.61
2.03
0.67
2.22
1.46
1.48
0.46
1.12
1.39
1.33
0.61
0.80
2.10
1.18
1.33
2.04
0.68
1.27
1.23
2.33
1.69
0.80
2.11
1.46
0.93
1.27
1.42
1.02
0.76
1.31
0.99
2.53
2.81
1.14
2.90
1.65
1.61
2.33
1.84
1.57
0.69
1.61
0.56
1.46
1.23
0.89
2.76
1.88
1.46
1.42
1.01
2.17
2.94
0.80
2.38
0.82
0.49
0.52
0.74
1.24
2.25
0.93
2.23
2.32
3.19
2.19
1.83
0.45
1.33
2.93
0.80
2.23
1.39
1.89
0.97
1.33
2.30
2.11
1.06
2.10
2.14
1.46
2.49
0.97
1.20
1.46
1.48
1.12
1.53
1.08
0.19
1.20
1.18
1.88
1.88
0.42
0.38
0.93
1.33
1.84
1.46
1.84
1.29
0.59
0.86
1.27
0.56
1.09
0.99
0.89
0.94
0.76
0.35
0.90
0.52
0.78
0.46
1.23
1.40
2.03
0.89
1.13
0.74
0.99
0.46
0.65
1.29
0.74
1.54
0.57
1.27
0.90
0.95
1.28
0.74
0.44
1.23
1.39
1.38
1.42
0.97
1.40
1.06
2.98
2.41
6.09
11.41
5.38
