GUESS    :WALKING
STARTTIME:1288776037308
ENDTIME  :1288776050851
LOCALSPD :0.3554076
LONGSPD  :0.15944064
LOCATION :Location[mProvider=network,mTime=1288776045170,mLatitude=55.7509194,mLongitude=12.3777246,mHasAltitude=false,mAltitude=0.0,mHasSpeed=false,mSpeed=0.0,mHasBearing=false,mBearing=0.0,mHasAccuracy=true,mAccuracy=65.0,mExtras=Bundle[mParcelledData.dataSize=148]]
ADDRESS :

4.94
2.16
1.41
0.21
0.02
0.29
0.78
0.20
0.13
0.37
0.06
0.33
0.93
1.39
0.67
0.14
0.10
0.16
0.33
0.31
0.28
0.53
0.68
0.37
1.24
1.30
1.65
0.62
0.71
0.06
0.40
0.19
0.43
0.45
0.42
0.28
0.34
0.28
0.56
0.85
0.34
0.35
0.15
0.34
0.12
0.15
0.28
0.02
0.20
0.07
0.38
0.32
0.22
0.14
0.27
0.34
0.20
0.27
0.18
0.12
0.33
0.12
0.13
0.47
0.77
0.31
0.48
0.19
0.16
0.22
0.20
0.38
0.09
0.08
0.26
0.25
0.55
0.33
0.22
0.32
0.25
0.36
0.24
0.36
0.33
0.02
0.22
0.11
0.22
0.43
0.44
0.24
0.07
0.18
0.10
0.15
0.28
0.48
0.16
0.30
0.40
0.17
0.30
0.27
0.39
0.49
0.19
0.32
0.55
0.63
0.37
0.24
0.32
0.78
0.49
0.23
0.22
0.59
0.53
0.59
0.16
0.31
0.27
0.10
0.25
0.20
0.09
0.13
