GUESS    :WALKING
STARTTIME:1288776425998
ENDTIME  :1288776440072
LOCALSPD :0.0
LONGSPD  :0.0888519
LOCATION :Location[mProvider=network,mTime=1288776393482,mLatitude=55.7509194,mLongitude=12.3777246,mHasAltitude=false,mAltitude=0.0,mHasSpeed=false,mSpeed=0.0,mHasBearing=false,mBearing=0.0,mHasAccuracy=true,mAccuracy=65.0,mExtras=Bundle[mParcelledData.dataSize=148]]
ADDRESS :

3.16
2.64
0.74
0.42
0.87
0.42
0.46
0.35
0.64
0.29
0.17
0.25
0.43
0.58
0.43
0.16
0.22
0.31
0.12
0.37
0.45
0.31
0.71
0.60
1.24
0.92
0.83
0.35
0.31
0.40
0.18
0.07
0.38
0.31
0.12
0.19
0.27
0.37
0.38
0.11
0.15
0.21
0.38
0.36
0.15
0.18
0.17
0.16
0.11
0.37
0.33
0.02
0.10
0.20
0.02
0.10
0.08
0.32
0.34
0.07
0.14
0.34
0.44
0.27
0.03
0.15
0.29
0.29
0.25
0.19
0.17
0.29
0.12
0.15
0.35
0.53
0.31
0.13
0.02
0.08
0.21
0.34
0.09
0.25
0.11
0.18
0.22
0.28
0.12
0.13
0.07
0.25
0.15
0.10
0.14
0.21
0.16
0.08
0.20
0.24
0.20
0.23
0.16
0.07
0.17
0.22
0.06
0.07
0.11
0.07
0.12
0.09
0.10
0.07
0.24
0.11
0.21
0.12
0.24
0.16
0.02
0.03
0.03
0.10
0.09
0.25
0.18
0.28
