GUESS    :MOVING_ME
STARTTIME:1288776481932
ENDTIME  :1288776495907
LOCALSPD :0.0
LONGSPD  :0.028246505
LOCATION :Location[mProvider=network,mTime=1288776449509,mLatitude=55.7506185,mLongitude=12.37762625,mHasAltitude=false,mAltitude=0.0,mHasSpeed=false,mSpeed=0.0,mHasBearing=false,mBearing=0.0,mHasAccuracy=true,mAccuracy=65.0,mExtras=Bundle[mParcelledData.dataSize=148]]
ADDRESS :

1.59
1.03
0.58
0.47
0.31
0.56
0.68
0.45
0.57
0.51
0.59
0.73
0.39
0.29
0.19
0.33
0.64
0.32
0.03
0.03
0.08
0.42
0.20
0.26
0.15
0.19
0.04
0.25
0.10
0.25
0.05
0.21
0.18
0.18
0.07
0.11
0.19
0.19
0.03
0.12
0.25
0.22
0.22
0.25
0.11
0.26
0.27
0.21
0.13
0.19
0.16
0.09
0.29
0.13
0.24
0.06
0.19
0.18
0.35
0.26
0.10
0.12
0.13
0.06
0.30
0.24
0.26
0.14
0.13
0.20
0.27
0.12
0.10
0.16
0.17
0.31
0.16
0.24
0.13
0.06
0.14
0.25
0.19
0.14
0.08
0.11
0.10
0.17
0.01
0.04
0.14
0.12
0.10
0.08
0.06
0.13
0.14
0.05
0.07
0.08
0.09
0.24
0.16
0.12
0.14
0.06
0.24
0.16
0.15
0.24
0.20
0.26
0.30
0.16
0.28
0.28
0.18
0.26
0.18
0.25
0.30
0.25
0.26
0.17
0.08
0.18
0.22
0.24
