GUESS    :MOVING_HI
STARTTIME:1288776730362
ENDTIME  :1288776743317
LOCALSPD :0.0
LONGSPD  :0.0013106617
LOCATION :Location[mProvider=network,mTime=1288776689693,mLatitude=55.74968698333333,mLongitude=12.377100399999998,mHasAltitude=false,mAltitude=0.0,mHasSpeed=false,mSpeed=0.0,mHasBearing=false,mBearing=0.0,mHasAccuracy=true,mAccuracy=77.0,mExtras=Bundle[mParcelledData.dataSize=148]]
ADDRESS :

3.52
2.60
1.27
0.89
0.77
0.49
0.47
0.97
0.19
0.66
0.27
0.22
0.76
0.72
0.69
0.35
0.55
0.18
0.52
0.32
0.11
0.96
0.41
0.23
1.12
1.10
0.59
0.26
0.50
0.22
0.24
0.05
0.38
0.06
0.66
0.14
0.40
0.49
0.18
0.66
0.11
0.21
0.37
0.09
0.24
0.16
0.28
0.31
0.11
0.40
0.03
0.32
0.20
0.17
0.32
0.29
0.14
0.09
0.31
0.34
0.27
0.27
0.20
0.27
0.31
0.25
0.10
0.37
0.08
0.34
0.12
0.26
0.28
0.37
0.05
0.12
0.24
0.04
0.06
0.30
0.16
0.34
0.18
0.42
0.33
0.47
0.21
0.27
0.01
0.24
0.12
0.22
0.08
0.31
0.18
0.29
0.03
0.36
0.09
0.26
0.23
0.11
0.35
0.25
0.20
0.39
0.16
0.14
0.20
0.04
0.09
0.33
0.42
0.31
0.11
0.14
0.03
0.18
0.14
0.11
0.23
0.28
0.11
0.14
0.11
0.21
0.36
0.33
