GUESS    :IDLE
STARTTIME:1288622691842
ENDTIME  :1288622706391
LOCALSPD :-1.0
LONGSPD  :-1.0
LOCATION :Location[mProvider=network,mTime=1288622692712,mLatitude=55.78249884,mLongitude=12.51392314,mHasAltitude=false,mAltitude=0.0,mHasSpeed=false,mSpeed=0.0,mHasBearing=false,mBearing=0.0,mHasAccuracy=true,mAccuracy=53.0,mExtras=Bundle[mParcelledData.dataSize=148]]
ADDRESS :

0.08
0.01
0.00
0.00
0.01
0.01
0.01
0.00
0.00
0.01
0.00
0.00
0.00
0.01
0.01
0.00
0.01
0.00
0.00
0.01
0.00
0.00
0.00
0.01
0.00
0.00
0.00
0.00
0.00
0.01
0.00
0.00
0.01
0.01
0.00
0.00
0.00
0.00
0.00
0.01
0.00
0.01
0.00
0.01
0.01
0.01
0.00
0.00
0.00
0.00
0.01
0.00
0.00
0.00
0.00
0.01
0.00
0.01
0.00
0.01
0.00
0.00
0.00
0.01
0.00
0.01
0.01
0.01
0.00
0.01
0.00
0.01
0.00
0.01
0.00
0.01
0.01
0.00
0.00
0.00
0.00
0.00
0.00
0.00
0.00
0.00
0.01
0.00
0.00
0.00
0.00
0.01
0.01
0.00
0.00
0.00
0.00
0.00
0.00
0.01
0.01
0.01
0.00
0.01
0.00
0.01
0.00
0.00
0.01
0.00
0.00
0.00
0.01
0.01
0.01
0.01
0.00
0.00
0.01
0.00
0.00
0.00
0.00
0.00
0.01
0.01
0.00
0.00
