GUESS    :WALKING
STARTTIME:1288535925365
ENDTIME  :1288535938293
LOCALSPD :0.0
LONGSPD  :0.0
LOCATION :Location[mProvider=network,mTime=1288535901648,mLatitude=55.7422042,mLongitude=12.3618239,mHasAltitude=false,mAltitude=0.0,mHasSpeed=false,mSpeed=0.0,mHasBearing=false,mBearing=0.0,mHasAccuracy=true,mAccuracy=75.0,mExtras=Bundle[mParcelledData.dataSize=148]]
ADDRESS :

5.58
4.64
4.70
4.06
2.68
1.83
4.14
2.22
4.17
1.23
6.92
5.23
1.10
3.02
4.69
1.20
1.35
1.53
1.80
1.08
2.87
1.95
2.06
6.32
3.83
3.20
3.94
2.29
0.53
1.01
1.73
5.24
4.11
2.96
7.72
3.91
3.50
6.32
2.68
1.91
2.30
0.84
1.08
3.49
1.31
3.08
6.05
5.05
5.35
4.11
3.55
1.58
3.19
1.88
5.87
0.95
1.58
6.66
1.66
4.73
3.53
1.81
1.44
3.45
3.38
0.99
2.11
2.33
3.04
7.55
5.67
5.08
3.61
1.14
2.27
2.06
2.79
2.40
3.38
2.02
4.82
7.23
1.85
4.59
3.84
2.83
1.73
1.21
2.83
1.59
3.30
2.19
4.30
6.96
2.89
3.41
2.30
2.42
3.43
2.08
4.63
6.82
2.25
6.74
7.30
6.33
8.51
1.66
1.95
2.11
2.25
3.00
4.30
1.04
2.72
7.14
2.10
5.45
2.71
1.92
2.04
1.62
3.28
4.67
6.05
3.42
8.12
5.38
4.10
6.48
1.40
2.59
1.69
5.52
1.84
2.75
3.30
8.34
2.37
4.15
1.91
1.61
3.45
5.56
3.69
8.17
2.45
2.02
8.51
3.79
2.36
5.86
2.23
1.99
0.89
2.18
4.92
1.29
1.97
5.64
3.73
3.55
1.65
4.90
6.62
5.54
1.47
4.22
4.36
2.41
7.71
4.90
4.03
4.52
2.49
2.34
1.18
1.33
3.21
1.46
2.18
2.57
7.16
1.08
3.26
2.37
2.87
2.83
2.10
1.47
3.28
6.66
1.96
7.30
2.71
2.60
2.72
2.60
1.51
1.88
2.03
2.26
2.98
3.01
4.36
5.65
0.95
2.10
2.72
4.11
2.36
3.80
3.75
1.54
2.10
6.31
5.94
2.98
8.92
3.61
1.57
3.91
1.27
5.09
2.21
2.26
6.89
7.40
4.06
3.41
3.06
2.11
0.65
1.23
2.72
4.82
3.87
6.73
7.78
4.25
5.60
2.79
1.84
2.26
2.15
1.46
4.75
3.13
4.26
6.16
5.12
3.45
3.57
5.22
5.28
1.10
