GUESS    :MOVING_ME
STARTTIME:1288536264565
ENDTIME  :1288536277545
LOCALSPD :8.344339
LONGSPD  :0.7864045
LOCATION :Location[mProvider=network,mTime=1288536234838,mLatitude=55.750961,mLongitude=12.37149,mHasAltitude=false,mAltitude=0.0,mHasSpeed=false,mSpeed=0.0,mHasBearing=false,mBearing=0.0,mHasAccuracy=true,mAccuracy=607.0,mExtras=Bundle[mParcelledData.dataSize=148]]
ADDRESS :

2.00
1.39
3.49
3.24
1.05
1.18
0.87
1.88
1.58
2.26
1.43
1.33
0.93
1.21
0.80
1.33
0.90
0.35
1.08
1.38
0.68
1.02
0.42
0.38
1.27
0.63
1.18
0.86
1.77
0.65
1.14
0.65
1.20
1.29
1.54
1.27
0.54
2.34
2.47
1.93
2.83
1.83
0.98
0.38
2.57
1.76
1.18
1.69
4.71
3.21
2.19
1.81
0.83
0.30
0.89
1.10
1.14
1.31
1.27
0.64
0.93
1.14
1.23
1.27
1.14
0.69
2.49
3.45
2.44
3.15
3.16
0.72
1.33
1.12
0.72
0.80
0.93
0.65
0.76
1.25
2.93
3.45
5.98
5.60
4.21
3.21
1.09
1.39
1.50
1.91
0.95
1.38
1.29
2.63
2.53
4.96
3.20
1.50
3.00
2.71
1.87
1.96
1.46
2.83
2.11
2.38
2.68
5.22
2.96
2.03
2.81
3.06
2.15
2.79
0.59
0.41
4.14
5.91
6.18
5.37
1.81
2.27
3.08
0.61
2.82
0.87
0.95
0.80
0.30
1.01
1.73
5.91
1.57
3.30
4.06
2.49
1.97
2.15
1.65
3.75
0.69
1.47
1.95
0.72
0.65
1.06
1.65
0.93
1.46
1.12
0.38
0.35
1.68
1.42
0.89
2.33
1.24
1.08
2.32
1.16
1.46
0.61
0.87
1.16
1.02
4.32
1.50
3.09
1.58
1.50
1.27
2.30
0.67
0.76
1.06
1.31
2.42
1.04
1.33
0.63
0.82
0.99
0.61
0.46
0.16
0.61
0.97
0.37
0.74
0.76
1.69
2.37
1.73
1.84
2.33
1.33
0.84
0.69
1.21
1.69
1.20
1.61
1.69
0.67
1.87
0.35
3.76
5.39
4.09
3.60
1.69
0.59
1.78
2.14
1.58
0.99
1.35
1.61
0.63
0.82
3.34
6.52
6.13
3.66
4.86
3.68
1.65
0.59
2.49
1.27
2.36
0.75
0.97
1.13
4.86
4.93
4.11
5.94
4.75
3.02
2.64
1.10
0.23
0.57
1.39
2.83
1.16
4.48
6.89
7.65
4.75
2.34
4.03
2.42
2.14
1.10
