GUESS    :WALKING
STARTTIME:1288534931706
ENDTIME  :1288534944594
LOCALSPD :0.0
LONGSPD  :0.0
LOCATION :Location[mProvider=network,mTime=1288534903401,mLatitude=55.740442,mLongitude=12.376823,mHasAltitude=false,mAltitude=0.0,mHasSpeed=false,mSpeed=0.0,mHasBearing=false,mBearing=0.0,mHasAccuracy=true,mAccuracy=872.0,mExtras=Bundle[mParcelledData.dataSize=148]]
ADDRESS :

5.05
5.05
2.81
16.56
10.34
5.46
2.81
3.91
2.57
0.80
0.39
1.95
2.82
2.76
1.16
5.94
5.13
3.68
4.21
6.16
3.99
4.18
2.30
3.87
2.87
10.08
5.07
6.93
3.06
3.85
3.68
3.68
0.99
2.52
2.07
2.03
1.84
5.57
5.90
6.78
2.30
4.73
2.63
2.79
0.72
1.51
2.07
3.41
4.09
7.95
7.67
4.52
2.53
4.49
3.26
2.30
2.98
2.37
1.48
3.60
2.26
3.41
9.08
4.92
7.55
2.56
5.03
2.14
0.50
1.10
2.90
4.71
4.71
4.97
7.14
3.57
3.00
5.45
3.54
3.35
2.11
2.44
5.08
4.41
7.61
8.69
6.63
2.33
4.06
4.62
1.31
1.43
0.84
3.19
3.17
2.60
2.49
2.26
1.47
1.61
1.20
0.86
2.97
3.51
2.30
1.53
1.12
1.57
2.90
2.96
1.85
3.41
1.80
0.59
1.76
0.69
0.35
1.08
1.29
1.10
0.41
0.56
1.14
0.65
0.59
1.57
3.91
9.98
3.41
6.24
6.12
4.00
3.43
1.62
1.66
2.14
0.78
1.43
1.06
3.84
5.67
7.21
7.85
2.29
5.87
4.78
2.41
3.85
3.32
1.46
8.00
8.65
6.09
4.86
5.90
1.97
7.34
4.59
4.13
0.98
2.62
1.91
1.32
5.57
6.46
9.38
1.58
7.27
2.91
1.77
2.83
5.26
2.11
4.30
8.84
5.64
4.71
4.40
7.50
5.90
2.86
3.83
3.09
3.76
5.88
2.78
3.91
6.61
4.60
4.05
2.33
1.77
2.26
4.55
0.91
3.98
3.36
2.83
2.64
2.34
2.52
2.38
1.80
1.29
1.24
0.89
2.18
0.69
1.59
3.11
1.23
3.96
1.54
0.94
1.31
0.49
1.09
0.72
0.83
0.61
0.64
0.27
1.27
0.33
1.16
0.46
0.08
0.65
0.50
0.22
0.23
0.31
0.15
0.23
0.19
0.14
0.18
0.23
0.27
0.31
0.27
0.61
0.35
0.82
0.27
0.76
1.27
1.23
0.91
1.54
2.26
3.65
2.36
2.02
1.80
2.98
