GUESS    :WALKING
STARTTIME:1288535833554
ENDTIME  :1288535846933
LOCALSPD :0.0
LONGSPD  :0.0
LOCATION :Location[mProvider=network,mTime=1288535842266,mLatitude=55.7422042,mLongitude=12.3618239,mHasAltitude=false,mAltitude=0.0,mHasSpeed=false,mSpeed=0.0,mHasBearing=false,mBearing=0.0,mHasAccuracy=true,mAccuracy=75.0,mExtras=Bundle[mParcelledData.dataSize=148]]
ADDRESS :

5.98
5.82
7.08
6.28
0.80
5.46
6.33
5.26
2.74
4.74
7.26
5.35
2.03
1.42
5.27
6.16
11.60
1.73
5.71
3.49
3.13
3.70
10.34
6.25
4.00
6.73
5.78
6.85
1.76
4.06
3.75
6.51
2.79
2.30
3.13
5.43
5.86
7.27
2.42
5.56
3.32
1.72
4.60
5.91
8.79
1.76
4.21
3.65
5.26
6.13
5.71
5.71
2.68
7.59
4.97
1.58
10.49
1.73
2.71
9.37
13.99
4.22
8.55
7.21
7.33
6.93
2.98
3.36
3.15
0.48
4.10
1.73
1.97
1.73
0.97
5.31
6.51
5.90
1.57
4.09
2.87
6.28
4.33
4.82
5.05
3.99
8.76
5.52
3.15
1.53
2.76
3.49
8.21
4.86
9.97
9.93
2.98
3.91
4.44
3.38
3.57
5.49
8.81
1.39
2.81
2.76
6.62
2.48
3.87
4.45
8.05
7.76
2.91
2.81
2.94
4.02
3.43
1.85
1.23
0.93
2.22
1.92
1.92
2.76
1.39
2.14
5.56
1.62
5.33
2.51
1.08
3.61
2.72
2.67
2.04
4.41
1.84
3.91
4.36
2.22
1.61
1.72
2.60
0.74
1.92
3.68
2.47
2.45
3.02
1.20
2.64
1.83
3.06
3.58
3.09
6.88
2.14
3.70
1.69
4.00
1.88
2.66
2.87
3.00
2.41
1.18
3.17
2.57
1.08
1.05
0.53
1.96
1.96
3.88
2.04
5.22
3.00
1.72
4.13
1.51
6.47
3.50
5.88
8.77
7.63
3.53
7.52
5.38
2.60
2.94
7.01
9.81
2.37
7.00
4.05
4.62
1.18
4.18
2.86
2.12
2.25
2.14
5.24
4.18
3.60
4.86
8.21
8.76
2.29
4.73
5.53
3.26
9.30
5.05
1.91
6.59
5.31
5.20
2.57
0.99
1.17
1.91
2.45
2.11
6.62
2.44
2.51
1.46
0.82
2.96
1.35
2.33
1.91
4.81
12.14
2.83
3.87
4.99
3.60
4.02
3.17
3.66
3.32
4.94
2.53
6.84
8.47
3.60
6.21
1.95
1.88
1.57
2.30
1.84
3.80
2.83
