GUESS    :MOVING_SM
STARTTIME:1289329787594
ENDTIME  :1289329802346
LOCALSPD :-1.0
LONGSPD  :-1.0
LOCATION :Location[mProvider=network,mTime=1289329788408,mLatitude=55.74958615,mLongitude=12.3767289,mHasAltitude=false,mAltitude=0.0,mHasSpeed=false,mSpeed=0.0,mHasBearing=false,mBearing=0.0,mHasAccuracy=true,mAccuracy=50.0,mExtras=Bundle[mParcelledData.dataSize=148]]
ADDRESS :

0.49
0.38
0.34
0.49
0.04
0.23
0.16
0.45
1.31
0.76
0.38
0.41
0.54
0.41
0.34
0.26
0.45
0.31
0.63
0.50
0.27
0.15
0.26
0.44
0.45
0.42
0.04
0.12
0.16
0.19
0.42
0.14
0.23
0.38
0.19
0.12
0.11
0.31
0.12
0.29
0.42
0.19
0.38
0.08
0.16
0.18
0.35
0.49
0.49
0.69
0.30
0.42
0.27
0.30
0.49
0.91
0.38
0.27
0.46
0.57
0.44
0.48
0.19
0.48
0.52
0.61
0.82
1.39
0.29
0.49
0.18
0.31
0.20
0.15
0.11
0.15
0.42
0.42
0.65
0.46
0.11
0.67
0.68
0.19
0.26
0.34
0.57
0.46
0.61
0.76
0.20
0.50
0.27
0.15
0.18
0.27
0.20
0.33
0.37
0.31
0.60
0.50
0.31
0.49
0.34
0.46
0.35
0.08
0.15
0.84
0.94
1.08
1.35
0.38
0.14
0.19
0.11
0.64
0.60
0.34
0.50
0.30
0.27
0.11
0.07
0.61
0.87
0.57
0.87
0.38
0.30
0.25
0.26
0.42
0.61
0.31
0.23
0.07
0.12
0.16
0.39
0.45
0.23
0.31
0.39
0.23
0.08
0.82
0.74
0.16
0.15
0.20
0.12
0.12
0.12
0.23
0.04
0.04
0.42
0.63
0.48
0.67
0.04
0.76
0.84
0.53
0.29
0.27
0.27
0.25
0.08
0.08
0.15
0.57
0.53
0.53
0.30
0.99
0.12
0.50
0.38
1.25
0.38
0.38
0.38
0.50
0.18
0.04
0.14
0.15
0.16
0.27
0.53
0.87
0.79
0.59
0.60
0.12
0.76
0.68
0.95
0.57
0.18
0.45
0.03
0.80
1.02
0.68
0.31
0.15
0.27
0.23
0.34
0.38
0.26
0.69
0.61
0.23
0.19
0.15
0.26
0.61
0.74
0.87
0.53
0.12
0.26
0.18
0.27
0.54
0.38
0.31
0.12
0.23
0.23
0.12
0.15
0.19
0.31
0.23
0.11
0.11
0.14
0.08
0.12
0.15
0.03
0.14
0.04
0.35
0.16
0.69
0.54
0.49
0.33
0.31
