GUESS    :IDLE
STARTTIME:1288869300328
ENDTIME  :1288869314559
LOCALSPD :0.0
LONGSPD  :0.082861565
LOCATION :Location[mProvider=network,mTime=1288869305500,mLatitude=55.7509194,mLongitude=12.3777246,mHasAltitude=false,mAltitude=0.0,mHasSpeed=false,mSpeed=0.0,mHasBearing=false,mBearing=0.0,mHasAccuracy=true,mAccuracy=65.0,mExtras=Bundle[mParcelledData.dataSize=148]]
ADDRESS :

0.75
0.27
0.42
0.31
0.20
0.11
0.10
0.14
0.05
0.39
0.25
0.27
0.35
0.07
0.15
0.04
0.15
0.19
0.08
0.12
0.15
0.11
0.08
0.04
0.04
0.07
0.14
0.07
0.11
0.15
0.27
0.16
0.04
0.08
0.07
0.04
0.08
0.27
0.19
0.15
0.18
0.15
0.12
0.16
0.12
0.08
0.04
0.11
0.04
0.19
0.20
0.08
0.04
0.04
0.12
0.16
0.04
0.12
0.16
0.04
0.08
0.04
0.04
0.12
0.04
0.04
0.11
0.08
0.07
0.19
0.16
0.12
0.12
0.08
0.07
0.11
0.12
0.08
0.07
0.07
0.08
0.08
0.08
0.07
0.07
0.08
0.08
0.04
0.08
0.04
0.16
0.16
0.08
0.08
0.08
0.12
0.08
0.08
0.11
0.07
0.04
0.12
0.12
0.08
0.04
0.16
0.08
0.12
0.08
0.04
0.08
0.04
0.04
0.07
0.15
0.08
0.12
0.04
0.12
0.08
0.04
0.04
0.04
0.04
0.04
0.12
0.12
0.12
0.08
0.04
0.08
0.12
0.07
0.08
0.10
0.07
0.08
0.04
0.04
0.04
0.04
0.04
0.08
0.08
0.04
0.08
0.08
0.04
0.04
0.11
0.11
0.04
0.12
0.04
0.11
0.04
0.03
0.11
0.12
0.15
0.12
0.08
0.04
0.11
0.11
0.19
0.11
0.12
0.15
0.08
0.19
0.12
0.12
0.16
0.08
0.08
0.12
0.04
0.04
0.04
0.08
0.08
0.04
0.16
0.12
0.12
0.08
0.08
0.08
0.04
0.04
0.04
0.08
0.08
0.12
0.16
0.04
0.04
0.08
0.08
0.08
0.12
0.20
0.12
0.12
0.12
0.08
0.04
0.04
0.16
0.20
0.16
0.08
0.04
0.08
0.12
0.08
0.12
0.19
0.11
0.04
0.08
0.04
0.16
0.16
0.12
0.08
0.04
0.04
0.04
0.04
0.15
0.11
0.08
0.08
0.12
0.12
0.08
0.04
0.04
0.04
0.04
0.04
0.08
0.20
0.12
0.08
0.08
0.12
0.16
0.16
0.12
0.12
0.08
0.12
0.15
