GUESS    :MOVING_SM
STARTTIME:1288869559717
ENDTIME  :1288869573477
LOCALSPD :0.0
LONGSPD  :0.047906194
LOCATION :Location[mProvider=network,mTime=1288869561725,mLatitude=55.750688433333345,mLongitude=12.377512233333334,mHasAltitude=false,mAltitude=0.0,mHasSpeed=false,mSpeed=0.0,mHasBearing=false,mBearing=0.0,mHasAccuracy=true,mAccuracy=54.0,mExtras=Bundle[mParcelledData.dataSize=148]]
ADDRESS :

0.34
0.71
0.34
0.15
0.61
0.61
1.10
3.20
4.40
2.91
2.03
1.88
1.18
0.27
0.52
0.38
0.16
0.23
0.27
0.30
0.30
0.15
0.07
0.08
0.15
0.15
0.08
0.11
0.19
0.12
0.19
0.15
0.08
0.11
0.15
0.16
0.14
0.11
0.12
0.27
0.34
0.07
0.50
0.19
0.12
0.38
0.30
0.07
0.16
0.23
0.15
0.12
0.11
0.12
0.34
0.11
0.29
0.08
0.04
0.08
0.15
0.15
0.08
0.11
0.08
0.19
0.08
0.15
0.15
0.08
0.11
0.15
0.04
0.12
0.08
0.04
0.14
0.14
0.08
0.04
0.11
0.11
0.07
0.16
0.10
0.04
0.12
0.08
0.03
0.11
0.31
0.30
0.46
0.25
0.23
0.46
1.10
0.23
0.86
0.71
0.46
0.72
0.69
0.12
0.38
0.61
1.04
0.12
0.50
0.23
0.41
0.27
0.18
0.78
1.18
2.68
1.69
2.53
2.64
2.32
1.66
1.28
1.63
2.11
1.08
1.96
1.99
1.76
5.03
1.48
2.86
3.60
4.81
3.79
1.42
0.83
1.74
1.06
0.78
0.91
0.65
1.85
1.20
1.27
2.34
0.78
0.27
1.35
0.44
1.72
0.61
1.25
1.33
3.19
1.95
2.26
0.99
2.29
4.34
1.87
1.95
5.28
3.57
9.90
5.82
3.87
2.98
1.68
3.45
0.69
1.14
1.84
0.90
1.23
1.85
1.46
1.81
0.82
2.14
1.65
5.13
3.09
6.91
3.20
2.87
1.04
1.62
1.95
5.15
4.11
3.39
2.72
5.19
5.60
3.38
2.26
1.01
1.85
2.03
2.96
1.08
3.53
0.46
0.50
0.84
0.20
0.19
0.39
2.45
0.98
1.24
0.86
1.04
0.45
1.25
0.16
0.49
1.21
1.31
1.42
1.18
2.07
1.16
0.84
0.82
1.04
0.45
1.83
0.93
1.69
0.11
1.23
1.23
0.30
0.19
0.27
0.38
0.69
0.44
0.46
0.59
0.22
0.79
0.31
0.75
0.11
0.15
0.18
0.23
0.25
0.25
0.93
0.31
0.23
1.25
0.69
