GUESS    :WALKING
STARTTIME:1288869680917
ENDTIME  :1288869694241
LOCALSPD :0.09182434
LONGSPD  :0.04331337
LOCATION :Location[mProvider=network,mTime=1288869684483,mLatitude=55.7496217,mLongitude=12.3774925,mHasAltitude=false,mAltitude=0.0,mHasSpeed=false,mSpeed=0.0,mHasBearing=false,mBearing=0.0,mHasAccuracy=true,mAccuracy=51.0,mExtras=Bundle[mParcelledData.dataSize=148]]
ADDRESS :

10.84
18.14
7.93
3.69
10.27
5.68
12.56
4.78
11.90
17.42
6.76
8.17
4.69
33.59
14.25
18.73
12.56
9.89
5.86
14.18
11.44
4.48
10.69
4.21
6.36
5.69
11.48
21.79
7.97
7.21
14.53
32.13
25.89
12.50
13.25
14.67
11.88
6.51
6.50
6.03
12.11
5.41
4.49
12.01
16.14
14.10
10.08
11.22
5.56
25.47
5.00
14.52
2.11
15.35
9.13
14.40
2.66
5.56
5.67
12.22
6.82
6.67
13.33
19.00
16.06
8.12
10.34
5.97
31.86
3.94
13.69
8.83
13.87
9.40
14.17
2.53
2.32
2.81
11.25
5.18
3.36
16.51
12.22
9.64
12.57
7.52
1.65
40.22
27.66
18.85
22.64
8.61
7.42
14.63
6.89
6.01
11.07
8.70
2.85
6.17
7.55
11.05
11.45
11.90
10.58
5.04
30.86
5.94
16.30
14.55
17.01
8.72
16.13
8.31
7.19
12.33
15.91
5.90
9.62
13.80
10.34
17.27
8.77
10.68
7.31
35.52
25.06
19.27
21.22
9.08
10.61
16.19
3.26
4.64
11.52
15.66
7.08
5.57
8.77
15.77
17.69
8.29
9.96
3.12
26.82
3.53
21.23
16.93
9.03
13.14
17.46
4.90
2.51
4.52
11.18
3.46
6.74
8.12
14.45
21.68
7.35
14.60
5.78
37.40
18.35
19.18
15.40
10.91
7.95
5.86
2.04
3.00
11.50
3.06
4.22
14.94
19.91
12.71
10.42
11.84
5.42
30.92
14.40
22.08
14.83
20.69
12.29
16.32
2.36
3.27
9.23
10.69
6.05
14.79
16.59
14.37
8.87
13.53
3.99
23.02
9.79
19.27
6.37
16.36
13.55
13.28
2.14
3.19
13.69
5.75
3.26
8.93
8.23
9.45
18.35
7.91
9.94
6.80
36.08
22.41
25.20
20.27
12.30
10.23
7.25
3.34
2.26
11.06
4.45
2.94
13.01
15.09
8.43
17.27
5.68
8.43
8.58
31.23
16.66
24.35
19.50
9.93
14.51
17.23
7.00
5.13
7.64
13.58
2.49
5.94
6.32
10.57
17.98
9.22
11.50
8.31
