GUESS    :IDLE
STARTTIME:1288869872720
ENDTIME  :1288869887366
LOCALSPD :0.0
LONGSPD  :0.060549267
LOCATION :Location[mProvider=network,mTime=1288869831792,mLatitude=55.74958615,mLongitude=12.3767289,mHasAltitude=false,mAltitude=0.0,mHasSpeed=false,mSpeed=0.0,mHasBearing=false,mBearing=0.0,mHasAccuracy=true,mAccuracy=50.0,mExtras=Bundle[mParcelledData.dataSize=148]]
ADDRESS :

0.08
0.01
0.00
0.01
0.00
0.00
0.00
0.00
0.01
0.01
0.00
0.00
0.01
0.00
0.00
0.01
0.01
0.00
0.00
0.01
0.01
0.01
0.01
0.01
0.00
0.01
0.01
0.00
0.01
0.00
0.01
0.00
0.00
0.00
0.00
0.00
0.00
0.00
0.00
0.00
0.00
0.00
0.00
0.00
0.00
0.01
0.00
0.00
0.00
0.00
0.00
0.01
0.00
0.00
0.00
0.00
0.00
0.01
0.00
0.00
0.00
0.00
0.01
0.00
0.00
0.00
0.00
0.00
0.00
0.00
0.01
0.00
0.01
0.01
0.00
0.01
0.01
0.00
0.00
0.00
0.00
0.00
0.01
0.01
0.00
0.01
0.01
0.00
0.01
0.00
0.01
0.01
0.00
0.01
0.00
0.00
0.00
0.00
0.01
0.00
0.00
0.00
0.00
0.00
0.00
0.00
0.00
0.01
0.00
0.00
0.00
0.00
0.00
0.00
0.00
0.00
0.00
0.00
0.00
0.00
0.00
0.00
0.00
0.00
0.00
0.00
0.00
0.00
