GUESS    :WALKING
STARTTIME:1288113084070
ENDTIME  :1288113099729
LOCALSPD :0.0
LONGSPD  :-1.0
LOCATION :Location[mProvider=network,mTime=1288113044010,mLatitude=55.782488477777775,mLongitude=12.514000099999999,mHasAltitude=false,mAltitude=0.0,mHasSpeed=false,mSpeed=0.0,mHasBearing=false,mBearing=0.0,mHasAccuracy=true,mAccuracy=53.0,mExtras=Bundle[mParcelledData.dataSize=148]]
ADDRESS :

1.48
0.66
0.59
0.53
0.27
0.22
0.19
0.26
0.28
0.22
0.23
0.26
0.26
0.19
0.31
0.05
0.33
0.30
0.39
0.44
0.15
0.24
0.28
0.31
0.55
0.40
0.42
0.24
0.14
0.10
0.29
0.27
0.22
0.26
0.21
0.22
0.10
0.08
0.08
0.10
0.16
0.06
0.24
0.26
0.17
0.06
0.15
0.09
0.09
0.13
0.09
0.12
0.28
0.19
0.09
0.16
0.22
0.17
0.18
0.19
0.11
0.14
0.15
0.07
0.11
0.05
0.09
0.08
0.05
0.11
0.12
0.11
0.03
0.08
0.10
0.12
0.15
0.19
0.23
0.14
0.14
0.12
0.11
0.17
0.13
0.19
0.20
0.15
0.08
0.08
0.12
0.07
0.17
0.12
0.02
0.13
0.08
0.02
0.02
0.10
0.11
0.07
0.09
0.15
0.14
0.15
0.09
0.05
0.12
0.11
0.11
0.05
0.13
0.15
0.16
0.01
0.12
0.16
0.16
0.03
0.05
0.06
0.04
0.03
0.06
0.11
0.06
0.03
