GUESS    :IDLE
STARTTIME:1288001267625
ENDTIME  :1288001282812
LOCALSPD :0.0
LONGSPD  :-1.0
LOCATION :org.peterstrand.service.LocationWrapper@44920648
ADDRESS :

0.12
0.08
0.08
0.16
0.16
0.04
0.19
0.07
0.04
0.08
0.04
0.16
0.08
0.11
0.08
0.07
0.12
0.04
0.12
0.12
0.12
0.12
0.08
0.08
0.08
0.19
0.15
0.15
0.07
0.04
0.07
0.11
0.04
0.12
0.12
0.12
0.04
0.07
0.03
0.04
0.11
0.15
0.08
0.07
0.11
0.04
0.12
0.08
0.04
0.11
0.11
0.08
0.04
0.04
0.07
0.08
0.03
0.12
0.12
0.08
0.11
0.15
0.08
0.08
0.16
0.08
0.12
0.16
0.12
0.12
0.12
0.12
0.08
0.04
0.08
0.15
0.15
0.12
0.07
0.11
0.04
0.04
0.16
0.08
0.08
0.04
0.07
0.11
0.08
0.04
0.07
0.11
0.08
0.08
0.08
0.04
0.12
0.12
0.08
0.03
0.08
0.03
0.11
0.04
0.12
0.07
0.08
0.07
0.11
0.04
0.04
0.12
0.12
0.12
0.08
0.08
0.19
0.07
0.04
0.03
0.11
0.04
0.04
0.04
0.07
0.07
0.08
0.12
0.08
0.16
0.12
0.04
0.25
0.20
0.08
0.08
0.08
0.08
0.03
0.07
0.04
0.04
0.11
0.11
0.04
0.08
0.08
0.12
0.04
0.08
0.08
0.11
0.11
0.11
0.15
0.16
0.11
0.11
0.12
0.07
0.07
0.08
0.08
0.08
0.04
0.04
0.16
0.11
0.07
0.12
0.12
0.04
0.04
0.08
0.08
0.08
0.04
0.08
0.12
0.07
0.07
0.03
0.11
0.11
0.07
0.08
0.08
0.12
0.08
0.03
0.11
0.08
0.04
0.04
0.08
0.19
0.11
0.04
0.07
0.07
0.07
0.07
0.08
0.04
0.08
0.08
0.08
0.20
0.12
0.07
0.07
0.12
0.08
0.12
0.04
0.11
0.11
0.11
0.11
0.07
0.14
0.10
0.03
0.03
0.03
0.07
0.07
0.04
0.04
0.16
0.08
0.04
0.11
0.07
0.04
0.08
0.11
0.07
0.03
0.05
0.11
0.16
0.20
0.18
0.07
0.11
0.08
0.03
0.03
0.07
0.08
0.19
0.08
0.04
0.04
0.11
