GUESS    :MOVING_HI
STARTTIME:1289733239877
ENDTIME  :1289733252766
LOCALSPD :0.0
LONGSPD  :0.5585309
LOCATION :Location[mProvider=network,mTime=1289733217106,mLatitude=55.7831624,mLongitude=12.375105099999999,mHasAltitude=false,mAltitude=0.0,mHasSpeed=false,mSpeed=0.0,mHasBearing=false,mBearing=0.0,mHasAccuracy=true,mAccuracy=75.0,mExtras=Bundle[mParcelledData.dataSize=148]]
ADDRESS :

4.31
0.75
1.42
0.35
0.74
0.65
0.69
0.82
0.64
0.44
0.64
0.43
0.94
0.57
0.38
0.34
0.37
0.22
0.62
1.10
0.20
1.04
0.95
0.99
0.80
1.14
0.55
0.81
0.50
0.60
0.77
0.56
0.61
0.65
0.46
0.29
0.30
0.25
0.29
0.31
0.18
0.29
0.30
0.34
0.41
0.25
0.41
0.31
0.51
0.40
0.13
0.29
0.37
0.18
0.33
0.16
0.40
0.28
0.21
0.16
0.28
0.34
0.34
0.32
0.13
0.22
0.12
0.17
0.07
0.27
0.35
0.42
0.44
0.62
0.21
0.05
0.25
0.44
0.30
0.61
0.16
0.17
0.35
0.39
0.13
0.07
0.11
0.29
0.29
0.44
0.21
0.20
0.09
0.26
0.25
0.35
0.11
0.31
0.06
0.14
0.27
0.25
0.24
0.07
0.40
0.15
0.36
0.14
0.48
0.32
0.51
0.36
0.24
0.48
0.33
0.16
0.27
0.25
0.12
0.09
0.11
0.46
0.32
0.39
0.11
0.36
0.25
0.36
