GUESS    :MOVING_SM
STARTTIME:1289734020517
ENDTIME  :1289734035877
LOCALSPD :0.0
LONGSPD  :0.0
LOCATION :Location[mProvider=network,mTime=1289734033120,mLatitude=55.783246,mLongitude=12.376654,mHasAltitude=false,mAltitude=0.0,mHasSpeed=false,mSpeed=0.0,mHasBearing=false,mBearing=0.0,mHasAccuracy=true,mAccuracy=75.0,mExtras=Bundle[mParcelledData.dataSize=148]]
ADDRESS :

0.82
1.18
1.08
0.89
0.86
0.53
0.37
0.16
0.80
0.95
1.38
1.85
0.69
1.42
1.50
0.84
1.10
0.69
0.89
0.72
0.37
2.25
1.25
0.84
0.75
0.68
0.46
0.34
0.15
0.30
0.34
0.15
0.65
0.61
1.18
1.20
0.75
0.68
0.45
0.72
0.91
0.74
0.76
1.87
1.93
1.81
1.08
0.83
0.65
0.89
0.67
0.31
0.64
0.23
0.91
0.41
0.75
0.82
1.80
1.25
1.44
1.62
2.03
1.17
1.27
0.93
0.71
0.61
0.80
0.53
0.74
0.80
0.93
1.44
1.58
1.17
2.57
2.23
1.39
1.10
2.17
2.04
0.84
0.39
1.12
0.89
0.65
1.50
1.18
1.27
2.11
1.72
3.05
1.73
1.08
0.56
0.99
0.91
0.34
0.89
0.82
1.69
1.35
5.75
1.92
0.99
1.05
1.91
1.39
1.43
0.53
1.91
1.28
3.46
4.02
2.37
1.18
1.06
1.77
0.22
0.84
0.99
1.50
1.29
2.47
4.10
2.26
1.20
0.89
1.46
1.27
0.45
2.87
1.09
1.91
2.57
3.28
1.81
3.19
1.54
0.65
0.76
1.23
1.36
2.10
2.98
3.91
1.92
1.53
1.95
1.18
1.25
1.84
2.72
1.72
1.91
3.87
2.14
1.65
1.63
1.38
1.12
0.80
1.08
1.47
2.30
1.16
1.23
0.27
1.33
1.29
0.80
0.54
0.97
2.87
1.18
6.84
3.70
2.34
1.76
0.71
1.44
1.84
1.14
0.97
0.97
0.38
1.08
1.62
0.80
0.74
1.32
0.87
1.61
0.45
0.25
0.22
0.46
0.23
0.33
0.49
0.37
0.84
0.57
0.42
1.59
2.70
1.93
0.44
0.80
0.61
0.87
0.46
0.68
0.78
0.71
0.37
1.23
0.49
1.06
0.67
0.57
0.41
0.35
0.94
0.07
0.23
0.53
0.30
0.23
0.20
0.12
0.12
0.46
0.23
0.54
0.34
0.35
0.26
0.35
0.38
0.31
0.15
0.20
0.12
0.26
0.19
0.22
0.15
0.23
0.41
0.11
0.89
0.80
0.75
0.30
