GUESS    :MOVING_SM
STARTTIME:1289734867438
ENDTIME  :1289734882923
LOCALSPD :0.0
LONGSPD  :0.0
LOCATION :Location[mProvider=network,mTime=1289734871021,mLatitude=55.783246,mLongitude=12.376654,mHasAltitude=false,mAltitude=0.0,mHasSpeed=false,mSpeed=0.0,mHasBearing=false,mBearing=0.0,mHasAccuracy=true,mAccuracy=75.0,mExtras=Bundle[mParcelledData.dataSize=148]]
ADDRESS :

0.62
0.44
0.11
0.12
0.13
0.05
0.10
0.11
0.08
0.07
0.09
0.05
0.03
0.09
0.03
0.10
0.10
0.12
0.08
0.07
0.08
0.11
0.06
0.01
0.08
0.08
0.04
0.03
0.05
0.03
0.04
0.08
0.10
0.03
0.01
0.02
0.03
0.04
0.03
0.01
0.05
0.09
0.04
0.02
0.03
0.01
0.03
0.06
0.05
0.06
0.01
0.01
0.03
0.03
0.03
0.05
0.03
0.02
0.01
0.03
0.02
0.04
0.05
0.02
0.06
0.05
0.03
0.04
0.02
0.01
0.02
0.05
0.07
0.05
0.03
0.05
0.02
0.01
0.04
0.05
0.05
0.02
0.02
0.03
0.05
0.01
0.06
0.02
0.05
0.03
0.05
0.06
0.03
0.05
0.07
0.05
0.03
0.05
0.05
0.05
0.03
0.03
0.03
0.02
0.05
0.03
0.04
0.03
0.03
0.03
0.01
0.05
0.05
0.02
0.10
0.09
0.08
0.04
0.06
0.04
0.02
0.02
0.06
0.05
0.06
0.06
0.03
0.02
