GUESS    :WALKING
STARTTIME:1289735116578
ENDTIME  :1289735129786
LOCALSPD :0.011035069
LONGSPD  :0.0028144487
LOCATION :Location[mProvider=network,mTime=1289735115741,mLatitude=55.7834110875,mLongitude=12.374626425,mHasAltitude=false,mAltitude=0.0,mHasSpeed=false,mSpeed=0.0,mHasBearing=false,mBearing=0.0,mHasAccuracy=true,mAccuracy=52.0,mExtras=Bundle[mParcelledData.dataSize=148]]
ADDRESS :

2.17
3.35
4.86
3.72
7.65
4.18
2.71
1.99
2.47
2.47
4.29
1.61
4.56
4.17
9.07
1.08
1.06
1.23
0.26
2.48
3.12
5.94
2.42
5.49
2.56
0.83
1.53
0.97
1.69
2.00
3.79
3.12
3.79
1.87
0.45
0.99
1.31
2.79
3.95
3.79
8.12
1.31
1.21
1.58
0.83
4.48
3.73
4.97
2.87
6.29
3.36
2.34
3.55
4.21
5.23
3.94
3.00
3.98
2.79
2.53
2.42
1.18
0.72
1.59
3.26
3.38
2.11
7.86
5.48
5.28
1.57
0.65
2.03
0.84
3.11
3.53
5.72
5.42
2.96
3.45
2.49
2.08
2.37
1.18
1.21
3.84
1.29
3.00
2.10
4.77
1.74
1.06
0.23
1.23
1.66
4.41
2.60
3.57
1.91
4.03
2.72
1.96
2.29
2.53
1.18
1.78
2.53
0.45
6.78
5.53
8.28
2.30
0.59
2.18
1.77
0.65
3.46
3.21
6.99
5.03
7.16
1.88
2.15
2.15
3.02
1.23
4.48
1.10
4.94
6.85
9.75
2.93
0.82
0.39
1.92
1.57
6.40
5.97
9.98
11.33
5.52
2.10
0.89
2.72
3.16
5.78
8.05
4.90
7.10
10.45
3.42
1.20
2.60
4.90
4.05
10.54
6.78
4.17
6.40
3.55
1.63
5.01
1.88
2.26
6.20
5.16
7.79
6.36
3.24
1.29
2.91
2.23
3.02
2.27
1.65
1.80
3.38
3.49
4.85
5.75
3.53
5.91
3.42
2.07
2.07
3.53
1.88
2.68
5.56
7.16
2.70
4.49
4.74
3.06
1.92
1.31
0.95
2.83
3.16
5.84
5.58
2.41
4.36
4.54
4.11
2.19
2.08
2.76
2.87
3.15
2.72
7.16
2.70
2.51
5.28
5.79
3.79
4.22
1.46
2.86
4.20
4.22
6.70
2.97
10.45
5.94
4.59
2.03
3.16
4.36
3.76
4.14
9.74
2.76
2.87
7.90
4.44
1.95
2.74
3.02
3.11
2.68
7.08
1.59
7.34
6.13
6.24
2.14
3.58
5.22
4.06
3.41
9.64
3.42
2.41
10.02
