GUESS    :MOVING_SM
STARTTIME:1289735195456
ENDTIME  :1289735208345
LOCALSPD :0.0
LONGSPD  :0.0028300267
LOCATION :Location[mProvider=network,mTime=1289735158452,mLatitude=55.7834110875,mLongitude=12.374626425,mHasAltitude=false,mAltitude=0.0,mHasSpeed=false,mSpeed=0.0,mHasBearing=false,mBearing=0.0,mHasAccuracy=true,mAccuracy=52.0,mExtras=Bundle[mParcelledData.dataSize=148]]
ADDRESS :

1.12
0.17
0.19
0.29
0.08
0.12
0.08
0.23
0.14
0.10
0.07
0.07
0.14
0.07
0.01
0.18
0.08
0.05
0.09
0.07
0.09
0.25
0.08
0.17
0.07
0.05
0.11
0.08
0.12
0.13
0.03
0.08
0.05
0.12
0.02
0.10
0.13
0.09
0.19
0.03
0.03
0.06
0.08
0.02
0.13
0.07
0.13
0.12
0.07
0.02
0.11
0.02
0.03
0.11
0.16
0.02
0.02
0.02
0.09
0.04
0.07
0.04
0.03
0.03
0.05
0.08
0.05
0.04
0.07
0.03
0.13
0.06
0.06
0.03
0.04
0.10
0.07
0.01
0.04
0.04
0.06
0.10
0.10
0.03
0.07
0.07
0.07
0.09
0.02
0.06
0.04
0.08
0.11
0.07
0.05
0.04
0.05
0.08
0.01
0.02
0.05
0.09
0.13
0.07
0.07
0.03
0.03
0.13
0.06
0.09
0.09
0.14
0.07
0.04
0.07
0.04
0.03
0.14
0.10
0.14
0.11
0.03
0.04
0.08
0.05
0.12
0.15
0.03
