GUESS    :MOVING_SM
STARTTIME:1289735366036
ENDTIME  :1289735378945
LOCALSPD :0.0
LONGSPD  :0.053861678
LOCATION :Location[mProvider=network,mTime=1289735360259,mLatitude=55.7817455,mLongitude=12.3713339,mHasAltitude=false,mAltitude=0.0,mHasSpeed=false,mSpeed=0.0,mHasBearing=false,mBearing=0.0,mHasAccuracy=true,mAccuracy=268.0,mExtras=Bundle[mParcelledData.dataSize=148]]
ADDRESS :

0.89
0.35
0.68
0.95
0.46
1.12
0.91
1.88
1.16
3.30
1.27
0.59
3.17
1.95
2.34
3.27
1.54
2.52
1.23
0.53
3.87
1.27
1.16
1.51
1.77
1.80
2.76
1.14
3.94
1.29
1.89
0.82
0.79
1.43
1.12
1.57
1.14
1.54
0.75
5.05
2.76
1.68
2.03
1.25
1.17
0.52
1.16
0.19
0.50
0.87
1.10
0.68
1.84
1.76
2.38
3.31
1.44
1.88
1.33
0.76
1.38
1.44
1.42
1.95
1.40
0.99
1.97
0.50
1.65
1.05
0.31
0.91
0.83
1.01
0.37
0.49
0.50
0.46
0.84
0.87
1.27
0.35
1.18
0.34
1.57
0.50
0.42
0.50
0.76
0.35
0.26
0.68
0.34
0.23
0.18
0.79
0.65
0.78
0.82
0.46
0.57
0.45
0.26
0.38
0.57
0.69
2.11
3.24
1.99
1.72
2.26
1.81
4.40
0.87
2.26
2.68
2.74
0.67
0.95
0.50
0.41
0.20
0.65
0.34
0.39
0.38
0.72
0.45
0.30
1.46
1.23
0.64
2.11
0.65
0.93
0.93
0.27
0.50
0.80
3.16
3.28
0.80
1.21
1.40
1.99
3.53
0.91
1.05
2.48
1.16
0.99
1.06
0.68
0.72
0.39
0.34
0.69
0.42
0.63
0.53
1.10
0.49
0.97
1.08
0.31
0.29
1.23
0.89
0.69
0.26
1.23
0.45
0.65
0.33
0.75
0.64
0.78
0.74
0.23
0.65
0.14
0.42
0.82
0.69
1.21
0.45
0.67
0.97
0.41
0.56
0.65
1.05
1.69
0.54
0.91
0.59
0.31
0.38
0.38
0.35
0.30
0.03
0.26
0.30
0.27
0.46
0.41
1.06
0.38
1.04
0.49
0.20
0.42
0.38
0.57
0.60
0.74
0.74
0.57
0.29
1.05
0.26
1.09
0.98
0.49
0.61
0.89
1.54
2.08
1.06
0.50
0.34
0.49
0.61
0.42
0.45
0.68
0.19
0.84
0.50
0.93
1.10
1.92
0.78
1.66
2.47
0.74
3.64
1.10
1.81
2.45
1.66
2.68
0.76
1.24
1.05
