GUESS    :WALKING
STARTTIME:1289735809957
ENDTIME  :1289735822816
LOCALSPD :0.0
LONGSPD  :7.2711163
LOCATION :Location[mProvider=network,mTime=1289735791810,mLatitude=55.74947118333333,mLongitude=12.376673383333333,mHasAltitude=false,mAltitude=0.0,mHasSpeed=false,mSpeed=0.0,mHasBearing=false,mBearing=0.0,mHasAccuracy=true,mAccuracy=50.0,mExtras=Bundle[mParcelledData.dataSize=148]]
ADDRESS :

2.04
1.47
0.55
0.11
0.50
0.09
0.20
0.31
0.34
0.08
0.08
0.18
0.17
0.17
0.20
0.10
0.15
0.17
0.13
0.11
0.12
0.34
0.22
0.07
0.40
0.63
0.22
0.11
0.20
0.07
0.17
0.04
0.06
0.09
0.16
0.19
0.08
0.08
0.18
0.10
0.11
0.09
0.07
0.04
0.09
0.12
0.10
0.00
0.04
0.12
0.21
0.08
0.09
0.02
0.04
0.06
0.10
0.07
0.11
0.10
0.10
0.09
0.13
0.18
0.13
0.10
0.13
0.18
0.22
0.10
0.17
0.19
0.17
0.07
0.11
0.11
0.16
0.18
0.19
0.21
0.03
0.05
0.08
0.07
0.12
0.19
0.08
0.07
0.03
0.10
0.11
0.12
0.12
0.25
0.13
0.13
0.09
0.22
0.10
0.06
0.03
0.04
0.10
0.14
0.15
0.09
0.07
0.20
0.09
0.10
0.14
0.16
0.09
0.12
0.11
0.09
0.01
0.13
0.09
0.08
0.10
0.01
0.04
0.03
0.16
0.12
0.02
0.10
