GUESS    :MOVING_SM
STARTTIME:1287763893035
ENDTIME  :1287763907113
LOCATION :Location[mProvider=network,mTime=1287763898077,mLatitude=55.782549919999994,mLongitude=12.514049459999999,mHasAltitude=false,mAltitude=0.0,mHasSpeed=false,mSpeed=0.0,mHasBearing=false,mBearing=0.0,mHasAccuracy=true,mAccuracy=53.0,mExtras=Bundle[mParcelledData.dataSize=148]]
ADDRESS :

3.62
5.35
3.30
2.47
3.32
2.56
6.32
4.90
14.14
6.24
26.01
14.38
12.83
6.58
3.76
4.17
2.71
1.50
0.87
2.96
3.32
1.80
1.68
2.76
3.36
3.65
2.14
2.03
2.44
7.68
7.25
4.90
0.68
2.42
4.20
8.61
3.73
0.78
2.53
1.04
0.37
0.26
0.11
0.11
0.07
0.08
0.04
0.04
0.11
0.14
0.04
0.08
0.11
0.04
0.04
0.11
0.07
0.04
0.07
0.07
0.11
0.15
0.07
0.10
0.14
0.04
0.03
0.14
0.04
0.04
0.08
0.07
0.04
0.07
0.03
0.05
0.03
0.10
0.11
0.03
0.05
0.04
0.04
0.04
0.10
0.14
0.03
0.11
0.08
0.07
0.07
0.03
0.03
0.04
0.14
0.15
0.12
0.04
0.10
0.04
0.07
0.07
0.04
0.04
0.11
0.18
0.04
0.03
0.03
0.04
0.11
0.08
0.07
0.07
0.03
0.11
0.11
0.10
0.05
0.03
0.04
0.04
0.05
0.07
0.07
0.07
0.03
0.08
0.08
0.07
0.04
0.10
0.07
0.04
0.05
0.05
0.05
0.05
0.07
0.07
0.03
0.07
0.03
0.08
0.10
0.07
0.07
0.07
0.07
0.03
0.07
0.11
0.10
0.12
0.04
0.03
0.05
0.10
0.14
0.07
0.07
0.14
0.11
0.07
0.10
0.10
0.03
0.04
0.04
0.08
0.04
0.11
0.11
0.08
0.15
0.11
0.03
0.15
0.12
0.07
0.07
0.07
0.15
0.15
0.11
0.08
0.07
0.15
0.07
0.11
0.08
0.04
0.04
0.03
0.07
0.07
0.10
0.15
0.07
0.07
0.07
0.07
0.04
0.11
0.14
0.15
0.08
0.04
0.04
0.08
0.04
0.04
0.04
0.11
0.04
0.03
0.03
0.07
0.10
0.05
0.03
0.03
0.05
0.04
0.04
0.04
0.08
0.12
0.15
0.11
0.08
0.04
0.08
0.07
0.11
0.04
0.04
0.04
0.04
0.07
0.03
0.11
0.03
0.04
0.07
0.04
0.07
0.03
0.08
0.08
0.04
0.11
0.11
0.11
0.08
0.04
