GUESS    :WALKING
STARTTIME:1290760636297
ENDTIME  :1290760649741
LOCALSPD :4.883963
LONGSPD  :5.3305154
LOCATION :Location[mProvider=network,mTime=1290760617578,mLatitude=55.7646852,mLongitude=12.4801732125,mHasAltitude=false,mAltitude=0.0,mHasSpeed=false,mSpeed=0.0,mHasBearing=false,mBearing=0.0,mHasAccuracy=true,mAccuracy=60.0,mExtras=Bundle[mParcelledData.dataSize=148]]
ADDRESS :

2.80
0.48
0.18
0.17
0.18
0.17
0.52
0.29
0.11
0.21
0.17
0.17
0.17
0.27
0.02
0.16
0.17
0.16
0.16
0.23
0.18
0.11
0.05
0.22
0.17
0.70
0.20
0.07
0.20
0.05
0.18
0.20
0.19
0.12
0.15
0.06
0.10
0.34
0.22
0.11
0.13
0.00
0.15
0.22
0.16
0.15
0.25
0.09
0.16
0.24
0.22
0.27
0.20
0.19
0.17
0.29
0.08
0.15
0.18
0.18
0.23
0.19
0.09
0.11
0.18
0.05
0.16
0.07
0.07
0.09
0.03
0.07
0.10
0.06
0.03
0.14
0.19
0.10
0.14
0.03
0.06
0.31
0.17
0.11
0.05
0.10
0.02
0.26
0.18
0.44
0.34
0.26
0.27
0.26
0.20
0.10
0.30
0.07
0.13
0.21
0.08
0.02
0.21
0.22
0.09
0.12
0.04
0.14
0.24
0.14
0.09
0.18
0.22
0.04
0.13
0.16
0.04
0.12
0.18
0.12
0.15
0.08
0.13
0.18
0.28
0.15
0.21
0.09
