GUESS    :MOVING_ME
STARTTIME:1290760856931
ENDTIME  :1290760870722
LOCALSPD :0.0
LONGSPD  :4.7748623
LOCATION :Location[mProvider=network,mTime=1290760854715,mLatitude=55.76687707999999,mLongitude=12.49541296,mHasAltitude=false,mAltitude=0.0,mHasSpeed=false,mSpeed=0.0,mHasBearing=false,mBearing=0.0,mHasAccuracy=true,mAccuracy=35.0,mExtras=Bundle[mParcelledData.dataSize=148]]
ADDRESS :

5.94
2.26
4.10
5.19
2.87
9.15
10.61
3.21
8.25
1.35
5.63
2.34
1.96
1.92
1.66
1.12
0.91
0.67
1.31
1.54
2.72
2.29
3.31
3.26
1.50
2.26
1.35
0.91
2.64
0.97
1.09
1.69
1.99
1.68
1.06
1.53
2.70
0.59
2.04
2.15
3.98
1.12
5.60
4.14
3.00
3.65
0.91
2.53
1.48
1.27
1.68
2.18
2.47
1.02
1.61
0.84
1.23
0.74
1.31
0.84
1.04
3.41
0.80
1.91
2.15
0.78
4.33
4.93
3.76
4.67
2.97
4.75
2.41
1.77
1.96
1.81
0.95
1.06
1.69
2.11
3.99
1.33
1.20
0.99
0.46
1.48
0.93
1.04
0.68
1.08
1.50
1.77
3.92
2.45
1.42
0.68
0.74
0.65
1.63
1.88
1.05
0.42
0.69
1.80
1.46
1.77
1.10
0.56
2.00
1.31
3.11
1.97
0.83
1.18
0.46
0.35
1.58
1.80
0.84
1.08
2.30
2.21
2.52
2.49
1.16
2.72
1.35
1.12
2.15
4.02
6.51
3.21
5.98
0.86
2.30
1.21
1.63
5.20
3.49
5.67
0.80
5.90
4.13
4.14
2.11
3.45
2.04
2.00
1.92
3.66
2.30
1.61
3.08
1.50
2.36
0.60
2.06
2.85
2.79
1.43
1.08
1.08
0.80
2.33
0.95
1.29
1.48
0.89
1.10
1.35
1.20
1.69
1.77
2.56
0.65
0.93
0.69
0.57
1.93
1.14
3.80
1.04
1.38
2.98
2.37
1.23
1.91
3.42
2.87
1.44
1.77
1.50
0.89
1.35
1.57
3.41
0.84
3.83
5.86
3.47
4.10
6.43
1.84
2.68
2.74
1.40
1.04
2.70
1.33
6.01
3.57
4.86
11.48
1.80
5.11
1.84
3.91
2.87
1.57
5.83
3.94
1.76
3.65
4.05
4.14
2.19
3.73
0.78
3.28
1.57
2.49
5.50
3.51
6.25
5.53
9.08
1.88
4.10
0.87
2.60
5.37
3.49
2.38
4.06
6.54
4.54
2.52
1.99
4.51
1.28
4.06
1.77
3.54
9.34
5.03
6.01
