GUESS    :MOVING_ME
STARTTIME:1290761181479
ENDTIME  :1290761195343
LOCALSPD :1.3488476
LONGSPD  :2.521221
LOCATION :Location[mProvider=network,mTime=1290761155116,mLatitude=55.77407481111111,mLongitude=12.505764300000001,mHasAltitude=false,mAltitude=0.0,mHasSpeed=false,mSpeed=0.0,mHasBearing=false,mBearing=0.0,mHasAccuracy=true,mAccuracy=89.0,mExtras=Bundle[mParcelledData.dataSize=148]]
ADDRESS :

5.56
4.51
3.57
2.45
1.18
2.91
0.38
1.54
5.48
2.33
1.54
2.03
3.69
1.20
3.60
3.26
1.87
2.07
0.41
0.87
2.71
1.80
4.43
3.55
2.00
1.25
1.62
1.40
3.64
4.90
2.49
2.41
3.94
1.46
3.72
4.29
2.45
1.12
4.60
2.49
1.08
3.20
2.83
6.43
2.90
3.66
2.38
2.97
2.76
3.45
3.32
2.30
3.26
2.26
2.98
1.95
1.81
4.45
1.61
3.23
1.04
1.39
0.93
2.66
2.56
5.33
2.02
1.43
0.95
1.02
0.31
2.60
4.59
3.13
1.81
3.19
2.41
2.44
2.33
1.81
2.23
2.53
2.17
2.26
0.93
2.71
3.26
1.73
1.09
2.94
4.37
1.77
3.15
2.53
1.89
2.33
1.08
2.86
1.24
0.61
3.11
2.90
2.02
1.91
2.07
2.30
0.45
3.11
4.55
1.72
1.76
1.42
1.65
2.66
3.41
4.03
3.54
3.17
6.13
3.30
5.24
2.56
1.92
3.45
1.88
1.76
4.86
3.11
0.63
3.21
8.88
2.21
3.64
3.32
1.47
3.04
2.82
1.47
3.00
3.41
3.45
2.30
4.03
1.88
2.60
2.68
3.15
1.83
2.62
1.76
2.03
1.28
3.21
7.01
2.90
4.06
2.08
1.57
2.45
3.87
4.06
2.52
2.86
0.50
3.02
1.31
0.68
0.42
2.94
3.90
3.21
2.83
1.65
2.33
0.83
3.30
2.75
1.61
2.86
1.28
1.18
1.89
3.21
1.65
3.57
3.38
2.38
2.47
0.83
2.42
2.23
4.44
5.67
5.23
3.15
4.28
2.48
4.09
4.78
5.90
4.05
3.42
0.74
0.95
1.80
1.10
3.50
5.86
2.33
2.38
3.17
2.42
3.45
2.83
3.08
2.07
2.71
3.47
2.26
2.45
1.89
2.71
4.29
2.37
2.52
0.74
2.70
2.30
2.17
2.45
2.66
3.79
5.64
2.53
1.95
2.15
1.50
2.56
2.15
1.54
0.94
2.96
3.11
1.46
0.52
4.64
1.46
2.33
1.08
0.61
1.20
1.02
3.23
3.79
2.76
1.20
