GUESS    :MOVING_ME
STARTTIME:1290761350460
ENDTIME  :1290761365158
LOCALSPD :1.0495358
LONGSPD  :3.3272393
LOCATION :Location[mProvider=network,mTime=1290761351407,mLatitude=55.783288,mLongitude=12.526421,mHasAltitude=false,mAltitude=0.0,mHasSpeed=false,mSpeed=0.0,mHasBearing=false,mBearing=0.0,mHasAccuracy=true,mAccuracy=781.0,mExtras=Bundle[mParcelledData.dataSize=148]]
ADDRESS :

1.33
2.07
0.31
3.84
1.78
2.02
1.99
2.64
2.07
3.11
2.64
2.36
2.66
1.14
3.12
3.64
1.80
4.14
0.75
3.28
0.86
0.61
1.54
1.01
1.46
2.04
3.19
1.08
2.94
1.38
2.03
2.78
1.92
1.77
1.89
2.76
1.25
1.08
0.26
2.48
0.46
1.95
0.37
1.53
0.68
1.54
0.57
1.13
1.43
0.80
0.14
0.60
1.42
2.60
1.54
1.63
0.30
1.10
1.20
0.54
0.99
0.86
0.79
0.61
0.33
1.28
2.19
0.97
1.61
0.99
0.99
0.44
0.49
0.23
0.52
1.55
1.23
1.50
1.47
0.72
0.91
4.25
1.38
4.21
7.85
15.51
12.31
12.97
2.74
3.26
1.59
0.99
1.61
1.58
1.65
5.53
4.02
3.46
1.53
1.80
1.17
1.53
0.95
1.27
5.72
1.80
4.47
2.52
3.72
0.65
3.21
2.18
6.69
4.86
3.35
1.96
1.46
0.75
0.72
1.27
1.92
0.65
0.64
0.86
0.83
1.06
0.97
1.12
2.79
0.99
0.34
2.22
0.53
0.84
0.93
2.75
2.53
1.42
3.70
2.30
2.03
1.40
1.65
2.14
0.26
0.15
1.08
0.82
1.92
2.32
3.72
7.57
6.32
4.78
4.94
0.91
4.32
1.42
1.73
1.51
2.57
1.80
3.27
4.69
4.97
4.84
14.29
8.23
4.73
2.89
3.31
1.12
1.14
2.41
4.37
6.93
7.14
12.46
4.47
2.49
1.35
1.46
0.57
0.97
1.84
2.85
1.99
1.68
4.07
1.65
3.68
3.68
2.83
4.84
3.91
1.24
2.07
1.50
3.11
6.54
8.62
9.47
4.36
1.38
2.89
0.91
1.35
1.23
1.73
8.04
4.05
6.99
5.83
5.67
8.00
3.34
2.18
1.47
1.06
7.71
6.89
14.82
4.81
6.16
3.87
12.60
1.25
3.06
3.38
6.21
5.49
6.18
1.18
1.40
2.87
2.18
3.95
1.10
4.17
4.29
1.02
3.00
2.30
1.62
2.57
3.64
3.24
2.64
0.93
1.10
0.35
1.24
1.08
1.42
0.34
0.91
