GUESS    :WALKING
STARTTIME:1290761394352
ENDTIME  :1290761408380
LOCALSPD :1.0495358
LONGSPD  :3.736436
LOCATION :Location[mProvider=network,mTime=1290761351407,mLatitude=55.783288,mLongitude=12.526421,mHasAltitude=false,mAltitude=0.0,mHasSpeed=false,mSpeed=0.0,mHasBearing=false,mBearing=0.0,mHasAccuracy=true,mAccuracy=781.0,mExtras=Bundle[mParcelledData.dataSize=148]]
ADDRESS :

2.44
1.63
0.98
0.31
0.79
0.37
0.28
0.25
0.08
0.10
0.05
0.28
0.35
0.12
0.09
0.23
0.15
0.23
0.11
0.11
0.15
0.34
0.24
0.14
0.59
1.01
0.51
0.46
0.14
0.38
0.10
0.28
0.39
0.23
0.20
0.11
0.26
0.15
0.07
0.20
0.19
0.13
0.20
0.19
0.17
0.07
0.13
0.09
0.19
0.14
0.17
0.21
0.16
0.07
0.13
0.04
0.09
0.18
0.19
0.09
0.08
0.09
0.18
0.12
0.05
0.10
0.14
0.05
0.24
0.12
0.02
0.09
0.09
0.13
0.06
0.20
0.23
0.06
0.17
0.14
0.10
0.17
0.02
0.09
0.13
0.22
0.07
0.22
0.04
0.12
0.11
0.05
0.03
0.12
0.05
0.22
0.09
0.25
0.24
0.07
0.14
0.20
0.30
0.13
0.14
0.08
0.14
0.05
0.12
0.14
0.17
0.09
0.19
0.15
0.11
0.04
0.11
0.12
0.11
0.20
0.19
0.21
0.13
0.08
0.22
0.15
0.12
0.18
