GUESS    :IDLE
STARTTIME:1290761576450
ENDTIME  :1290761590419
LOCALSPD :0.0
LONGSPD  :0.20385453
LOCATION :Location[mProvider=network,mTime=1290761541810,mLatitude=55.78246511428572,mLongitude=12.5139973,mHasAltitude=false,mAltitude=0.0,mHasSpeed=false,mSpeed=0.0,mHasBearing=false,mBearing=0.0,mHasAccuracy=true,mAccuracy=53.0,mExtras=Bundle[mParcelledData.dataSize=148]]
ADDRESS :

0.08
0.08
0.04
0.04
0.04
0.04
0.08
0.04
0.04
0.08
0.08
0.04
0.04
0.08
0.08
0.08
0.08
0.08
0.04
0.04
0.08
0.08
0.08
0.12
0.04
0.08
0.08
0.04
0.08
0.04
0.04
0.08
0.12
0.04
0.03
0.15
0.04
0.04
0.08
0.08
0.04
0.08
0.12
0.08
0.03
0.11
0.07
0.12
0.15
0.04
0.04
0.12
0.08
0.04
0.12
0.15
0.07
0.07
0.11
0.04
0.08
0.12
0.12
0.08
0.04
0.04
0.04
0.08
0.04
0.12
0.08
0.04
0.04
0.08
0.08
0.04
0.04
0.08
0.12
0.08
0.08
0.07
0.03
0.03
0.07
0.04
0.08
0.04
0.11
0.07
0.08
0.08
0.12
0.08
0.08
0.08
0.08
0.07
0.03
0.08
0.12
0.08
0.08
0.11
0.08
0.03
0.11
0.11
0.04
0.07
0.04
0.11
0.07
0.04
0.04
0.15
0.08
0.15
0.07
0.11
0.07
0.07
0.08
0.07
0.12
0.20
0.03
0.11
0.12
0.12
0.11
0.15
0.12
0.04
0.04
0.08
0.12
0.08
0.08
0.11
0.11
0.08
0.04
0.16
0.08
0.12
0.12
0.08
0.08
0.08
0.08
0.12
0.04
0.16
0.08
0.08
0.12
0.04
0.04
0.08
0.08
0.16
0.12
0.20
0.04
0.04
0.12
0.08
0.08
0.12
0.15
0.11
0.08
0.12
0.04
0.08
0.16
0.16
0.08
0.04
0.11
0.03
0.04
0.04
0.12
0.12
0.07
0.07
0.04
0.04
0.08
0.04
0.08
0.04
0.08
0.08
0.08
0.12
0.08
0.04
0.08
0.04
0.08
0.16
0.12
0.08
0.12
0.04
0.08
0.08
0.12
0.12
0.12
0.12
0.04
0.08
0.08
0.04
0.04
0.04
0.08
0.08
0.04
0.04
0.08
0.16
0.11
0.11
0.12
0.12
0.08
0.08
0.04
0.16
0.16
0.04
0.04
0.16
0.16
0.11
0.07
0.04
0.08
0.08
0.12
0.11
0.11
0.04
0.12
0.08
0.04
0.03
0.15
0.04
0.08
0.04
