GUESS    :MOVING_SM
STARTTIME:1290759457831
ENDTIME  :1290759472071
LOCALSPD :3.4522307
LONGSPD  :0.7989503
LOCATION :Location[mProvider=network,mTime=1290759444054,mLatitude=55.750743366666676,mLongitude=12.385425633333334,mHasAltitude=false,mAltitude=0.0,mHasSpeed=false,mSpeed=0.0,mHasBearing=false,mBearing=0.0,mHasAccuracy=true,mAccuracy=75.0,mExtras=Bundle[mParcelledData.dataSize=148]]
ADDRESS :

1.41
0.14
0.02
0.22
0.18
0.21
0.23
0.20
0.25
0.03
0.13
0.23
0.14
0.13
0.16
0.08
0.06
0.14
0.11
0.19
0.13
0.22
0.02
0.04
0.17
0.07
0.10
0.15
0.08
0.08
0.08
0.07
0.05
0.11
0.04
0.10
0.10
0.08
0.14
0.15
0.04
0.14
0.12
0.02
0.13
0.08
0.03
0.14
0.03
0.11
0.06
0.07
0.04
0.09
0.03
0.05
0.03
0.06
0.16
0.02
0.07
0.07
0.11
0.14
0.12
0.06
0.10
0.02
0.07
0.03
0.02
0.09
0.04
0.03
0.09
0.06
0.12
0.03
0.09
0.12
0.12
0.04
0.10
0.03
0.03
0.06
0.09
0.05
0.05
0.14
0.06
0.05
0.05
0.15
0.16
0.13
0.06
0.12
0.15
0.09
0.12
0.07
0.08
0.10
0.10
0.11
0.01
0.10
0.08
0.06
0.09
0.20
0.06
0.05
0.06
0.07
0.11
0.04
0.08
0.09
0.04
0.08
0.05
0.05
0.10
0.06
0.05
0.06
