GUESS    :MOVING_ME
STARTTIME:1290759486400
ENDTIME  :1290759500589
LOCALSPD :2.7847993
LONGSPD  :0.85304815
LOCATION :Location[mProvider=network,mTime=1290759472776,mLatitude=55.750743366666676,mLongitude=12.385425633333334,mHasAltitude=false,mAltitude=0.0,mHasSpeed=false,mSpeed=0.0,mHasBearing=false,mBearing=0.0,mHasAccuracy=true,mAccuracy=75.0,mExtras=Bundle[mParcelledData.dataSize=148]]
ADDRESS :

1.65
0.31
0.26
0.18
0.29
0.39
0.24
0.26
0.20
0.19
0.25
0.21
0.12
0.17
0.22
0.15
0.19
0.11
0.13
0.14
0.23
0.17
0.10
0.08
0.11
0.12
0.02
0.05
0.15
0.01
0.16
0.12
0.17
0.09
0.05
0.05
0.13
0.09
0.06
0.07
0.09
0.05
0.06
0.13
0.04
0.06
0.06
0.09
0.19
0.07
0.13
0.05
0.01
0.04
0.19
0.04
0.06
0.11
0.11
0.13
0.05
0.05
0.08
0.05
0.03
0.08
0.14
0.13
0.14
0.03
0.08
0.11
0.15
0.09
0.10
0.14
0.08
0.05
0.15
0.07
0.12
0.05
0.13
0.14
0.09
0.05
0.15
0.01
0.09
0.06
0.09
0.10
0.21
0.12
0.04
0.07
0.05
0.12
0.18
0.07
0.01
0.07
0.10
0.09
0.07
0.18
0.24
0.18
0.11
0.13
0.12
0.18
0.20
0.14
0.02
0.11
0.04
0.06
0.10
0.06
0.13
0.10
0.22
0.05
0.03
0.16
0.26
0.04
