GUESS    :MOVING_ME
STARTTIME:1290758973501
ENDTIME  :1290758987831
LOCALSPD :0.0
LONGSPD  :-1.0
LOCATION :Location[mProvider=network,mTime=1290758958088,mLatitude=55.7495518,mLongitude=12.376704733333334,mHasAltitude=false,mAltitude=0.0,mHasSpeed=false,mSpeed=0.0,mHasBearing=false,mBearing=0.0,mHasAccuracy=true,mAccuracy=50.0,mExtras=Bundle[mParcelledData.dataSize=148]]
ADDRESS :

0.57
0.80
0.63
0.72
0.83
0.31
1.16
1.27
0.76
0.61
0.63
0.78
0.38
1.16
0.79
1.27
1.31
0.46
0.50
0.72
1.27
1.08
1.88
0.45
1.73
0.60
0.61
1.05
0.64
0.53
0.99
0.38
1.12
1.89
1.27
0.26
0.65
0.46
0.74
1.85
1.53
0.59
1.80
0.57
1.38
1.40
1.54
2.21
2.10
2.62
4.17
4.30
8.51
1.80
2.51
2.41
2.62
1.70
2.63
0.49
8.54
8.70
6.03
3.01
0.71
0.67
1.91
0.54
2.98
3.15
1.63
0.64
0.63
0.45
0.41
1.18
0.26
0.56
0.74
0.69
0.65
0.44
1.29
1.31
1.55
0.72
0.95
0.69
0.69
0.14
1.33
0.61
0.29
0.63
0.35
0.37
0.68
0.65
0.20
0.41
0.42
1.27
1.31
0.53
0.90
0.30
0.46
1.50
1.50
3.83
9.08
6.21
2.37
3.94
0.78
1.96
2.52
2.04
1.84
2.78
9.82
10.20
7.59
4.56
5.33
3.65
3.94
1.61
3.49
0.89
2.53
3.80
2.44
2.27
3.27
4.84
4.13
5.39
2.48
1.54
0.80
1.61
2.18
0.44
2.74
1.21
1.63
1.42
0.75
1.59
0.44
0.26
0.72
0.90
0.42
0.39
1.12
0.53
0.95
1.38
0.50
0.89
0.84
0.50
0.35
0.53
0.49
0.39
0.50
0.27
0.50
0.18
0.26
0.12
0.45
0.42
0.30
0.38
0.57
0.99
0.84
1.17
5.13
3.81
0.59
1.73
1.10
1.16
0.63
0.38
0.27
0.25
0.50
0.68
0.31
0.46
0.35
0.27
0.34
1.23
1.84
1.10
0.89
0.65
0.71
1.21
0.79
0.83
0.76
1.23
0.65
1.29
0.61
0.27
1.10
1.39
0.52
0.90
1.24
0.27
1.95
0.26
1.29
0.79
1.61
2.11
0.76
3.64
3.91
1.58
1.46
2.64
2.18
0.97
1.42
0.15
0.34
3.32
2.78
5.75
2.57
2.10
2.41
2.15
1.04
1.42
1.48
1.69
1.77
6.25
12.93
6.03
4.17
3.45
1.80
1.59
