GUESS    :MOVING_ME
STARTTIME:1289810166729
ENDTIME  :1289810180204
LOCALSPD :3.2513192
LONGSPD  :3.652602
LOCATION :Location[mProvider=network,mTime=1289810177025,mLatitude=55.777052420000004,mLongitude=12.50783355,mHasAltitude=false,mAltitude=0.0,mHasSpeed=false,mSpeed=0.0,mHasBearing=false,mBearing=0.0,mHasAccuracy=true,mAccuracy=60.0,mExtras=Bundle[mParcelledData.dataSize=148]]
ADDRESS :

2.92
0.28
0.53
0.31
0.37
0.74
0.49
0.62
0.47
0.64
0.28
0.16
0.36
0.28
0.62
0.14
0.23
0.15
0.20
0.16
0.33
0.17
0.01
0.21
0.15
0.35
0.51
0.19
0.24
0.10
0.21
0.10
0.14
0.24
0.07
0.10
0.11
0.11
0.14
0.35
0.16
0.07
0.11
0.05
0.12
0.12
0.11
0.16
0.28
0.20
0.20
0.22
0.18
0.10
0.06
0.25
0.24
0.16
0.36
0.10
0.05
0.11
0.14
0.18
0.24
0.15
0.16
0.26
0.07
0.17
0.11
0.12
0.25
0.11
0.21
0.10
0.29
0.36
0.07
0.31
0.16
0.24
0.11
0.13
0.23
0.02
0.18
0.08
0.15
0.24
0.12
0.18
0.13
0.27
0.13
0.18
0.14
0.04
0.28
0.09
0.16
0.06
0.19
0.08
0.14
0.05
0.12
0.19
0.04
0.24
0.07
0.23
0.05
0.07
0.28
0.38
0.15
0.06
0.14
0.02
0.03
0.05
0.15
0.10
0.27
0.21
0.16
0.16
