GUESS    :MOVING_ME
STARTTIME:1289808074134
ENDTIME  :1289808088092
LOCALSPD :-1.0
LONGSPD  :-1.0
LOCATION :Location[mProvider=network,mTime=1289808061249,mLatitude=55.74957875,mLongitude=12.376729950000001,mHasAltitude=false,mAltitude=0.0,mHasSpeed=false,mSpeed=0.0,mHasBearing=false,mBearing=0.0,mHasAccuracy=true,mAccuracy=50.0,mExtras=Bundle[mParcelledData.dataSize=148]]
ADDRESS :

2.38
1.01
0.10
0.42
0.70
0.26
0.46
1.12
0.85
0.11
0.67
0.14
0.15
0.26
0.38
0.58
0.38
0.20
0.27
0.16
0.13
0.17
0.30
0.20
0.16
0.14
0.14
0.24
0.18
0.29
0.15
0.42
0.13
0.21
0.19
0.22
0.10
0.36
0.26
0.23
0.08
0.34
0.06
0.13
0.08
0.16
0.14
0.18
0.19
0.29
0.09
0.06
0.12
0.16
0.21
0.06
0.13
0.15
0.08
0.04
0.12
0.01
0.20
0.20
0.14
0.15
0.06
0.16
0.11
0.16
0.27
0.20
0.14
0.12
0.19
0.13
0.14
0.15
0.08
0.24
0.10
0.30
0.29
0.19
0.18
0.20
0.15
0.05
0.18
0.25
0.18
0.10
0.26
0.32
0.13
0.20
0.16
0.20
0.04
0.14
0.11
0.12
0.09
0.18
0.15
0.02
0.25
0.21
0.25
0.08
0.21
0.23
0.10
0.20
0.20
0.08
0.11
0.07
0.29
0.22
0.07
0.18
0.02
0.07
0.02
0.16
0.28
0.16
