GUESS    :MOVING_ME
STARTTIME:1289808521006
ENDTIME  :1289808534466
LOCALSPD :1.8779335
LONGSPD  :0.9242581
LOCATION :Location[mProvider=network,mTime=1289808518546,mLatitude=55.751022174999996,mLongitude=12.382201774999999,mHasAltitude=false,mAltitude=0.0,mHasSpeed=false,mSpeed=0.0,mHasBearing=false,mBearing=0.0,mHasAccuracy=true,mAccuracy=64.0,mExtras=Bundle[mParcelledData.dataSize=148]]
ADDRESS :

3.45
5.52
3.13
3.70
3.21
6.12
2.02
9.28
4.64
7.34
3.30
4.25
3.65
2.71
1.81
2.47
1.88
1.16
2.53
2.56
2.34
2.94
1.69
1.85
2.18
2.37
1.80
0.42
0.78
0.82
0.74
0.59
0.75
1.08
2.18
0.99
1.33
1.99
3.23
1.53
1.99
2.60
1.44
0.87
2.37
2.22
0.80
0.87
2.44
0.41
0.31
1.20
0.87
1.25
2.18
1.62
1.12
1.57
1.08
0.76
1.46
1.06
2.49
3.32
2.14
2.00
1.40
2.23
1.09
3.55
1.99
2.79
2.94
1.96
2.22
1.61
4.89
2.57
4.24
0.61
3.45
1.50
1.65
2.29
1.80
0.42
1.66
1.43
0.91
0.59
1.63
2.30
1.68
3.68
1.04
1.47
2.03
0.99
0.99
1.99
2.79
0.99
0.69
0.54
1.58
1.21
1.09
2.49
1.81
3.21
1.20
1.10
0.79
0.44
2.64
1.84
1.21
0.97
1.38
0.44
1.99
1.27
0.34
1.46
0.75
0.52
0.95
1.33
0.93
3.34
2.18
2.29
3.79
2.30
1.95
1.50
2.51
3.30
5.20
1.91
2.59
0.99
1.97
2.15
1.72
1.77
1.77
0.91
0.80
1.57
2.07
1.28
1.20
1.88
3.30
2.07
1.54
1.72
1.12
1.08
1.14
1.31
1.16
1.20
1.87
3.91
3.30
1.72
2.45
0.27
0.64
1.43
1.33
1.42
2.96
2.68
6.63
5.64
1.84
3.02
2.22
1.38
1.48
2.67
2.66
1.88
1.84
1.46
2.12
1.81
1.88
2.10
1.65
2.03
2.71
4.06
7.01
7.86
7.49
4.26
2.49
2.68
3.34
3.79
6.86
1.76
7.25
4.37
1.69
4.02
3.21
3.34
3.76
2.26
1.20
2.91
1.78
3.09
3.26
2.40
1.84
1.10
6.31
8.12
4.75
8.64
9.25
5.41
3.88
1.89
3.02
4.69
4.36
1.99
3.17
6.59
4.56
4.20
4.28
2.75
4.59
1.46
0.99
3.36
5.90
9.55
7.67
2.15
6.63
11.62
3.00
4.78
1.04
2.03
3.53
0.35
