GUESS    :MOVING_ME
STARTTIME:1289808615447
ENDTIME  :1289808628894
LOCALSPD :0.0
LONGSPD  :0.36679754
LOCATION :Location[mProvider=network,mTime=1289808619272,mLatitude=55.745795,mLongitude=12.391048,mHasAltitude=false,mAltitude=0.0,mHasSpeed=false,mSpeed=0.0,mHasBearing=false,mBearing=0.0,mHasAccuracy=true,mAccuracy=828.0,mExtras=Bundle[mParcelledData.dataSize=148]]
ADDRESS :

1.43
1.42
1.89
0.94
1.32
1.43
1.77
1.05
0.78
0.76
1.18
1.40
1.04
0.39
2.57
2.64
0.31
1.21
2.15
1.63
1.68
1.21
2.94
1.29
0.83
1.18
1.61
1.38
0.63
0.71
0.95
1.58
1.06
2.45
2.94
1.99
1.08
1.70
0.57
1.65
1.65
1.65
2.12
2.37
1.73
1.55
1.31
0.46
1.01
0.83
2.25
1.51
2.60
2.64
2.03
1.80
1.63
2.34
0.93
1.46
0.65
0.69
0.79
1.66
1.46
1.38
2.53
1.38
2.64
3.13
1.91
2.98
3.05
2.00
3.55
6.82
5.63
3.84
2.60
4.05
3.73
3.57
1.23
2.11
1.35
1.16
1.18
1.69
1.43
2.38
0.46
2.29
0.82
0.65
2.26
1.10
2.14
1.81
1.17
1.46
1.87
1.39
1.61
2.33
1.27
1.73
0.99
1.62
2.27
1.91
1.04
0.90
1.02
1.61
0.45
0.91
0.35
1.39
2.22
0.98
0.89
1.96
1.53
2.52
1.28
1.63
1.73
2.30
0.99
0.50
1.23
1.29
1.51
0.93
1.54
1.23
1.50
2.18
3.41
1.51
3.76
2.41
4.13
8.27
2.82
4.37
2.26
5.24
0.49
3.05
2.60
0.69
0.53
1.55
2.15
2.23
1.23
1.12
0.42
0.39
0.64
0.97
0.74
0.35
1.14
0.84
0.53
1.18
0.14
0.46
2.27
3.76
1.31
1.58
1.74
1.28
1.35
1.72
1.80
0.53
0.53
1.23
1.08
0.84
0.97
0.63
1.23
0.75
2.10
2.40
0.20
1.96
0.83
3.76
2.72
1.76
1.27
1.06
0.84
0.80
0.76
1.14
0.67
2.08
0.78
1.87
2.07
1.17
1.27
1.54
2.36
1.72
4.29
2.94
9.81
5.24
7.10
4.22
3.70
2.60
2.60
2.60
1.53
1.63
0.82
0.69
1.12
1.29
0.93
0.78
0.53
0.61
0.34
1.17
1.83
0.52
0.45
0.48
0.16
1.12
0.97
0.84
1.14
1.06
0.94
0.80
2.91
2.52
0.57
0.45
0.30
0.44
0.23
0.64
1.14
0.78
