GUESS    :MOVING_ME
STARTTIME:1289808845637
ENDTIME  :1289808859185
LOCALSPD :4.8682218
LONGSPD  :3.2776835
LOCATION :Location[mProvider=network,mTime=1289808856912,mLatitude=55.752849049999995,mLongitude=12.40771145,mHasAltitude=false,mAltitude=0.0,mHasSpeed=false,mSpeed=0.0,mHasBearing=false,mBearing=0.0,mHasAccuracy=true,mAccuracy=60.0,mExtras=Bundle[mParcelledData.dataSize=148]]
ADDRESS :

3.77
1.35
2.68
1.33
3.57
2.49
2.66
1.38
2.06
3.46
3.77
1.27
1.23
0.46
1.69
1.78
1.24
0.99
2.26
2.59
2.79
5.79
8.40
2.56
6.74
0.38
5.67
11.20
2.56
3.72
4.07
1.70
2.75
1.32
2.67
1.46
4.14
2.29
2.74
2.06
3.57
3.41
3.04
1.54
2.89
2.91
2.52
4.52
2.85
1.65
2.67
1.53
2.30
2.38
2.17
2.47
1.57
2.81
2.71
4.03
1.85
0.75
3.19
1.55
1.12
0.99
1.54
1.99
2.27
2.86
2.29
2.56
1.84
1.73
1.76
0.74
1.33
1.95
2.91
1.81
2.57
3.01
0.75
1.13
0.99
3.64
5.98
2.91
3.06
2.11
6.20
2.45
4.17
2.37
3.53
2.85
2.49
2.41
1.77
2.91
1.53
1.95
0.95
2.76
2.37
0.65
2.53
0.63
0.93
4.37
6.82
2.64
1.54
5.04
4.90
2.00
3.88
5.03
1.38
1.61
1.36
2.45
1.27
3.06
6.05
3.15
3.06
2.71
3.98
3.64
2.67
1.84
2.34
2.51
1.04
2.74
1.81
3.15
1.33
2.57
4.99
1.69
1.13
0.61
1.27
1.44
1.02
1.46
1.72
1.17
1.18
1.95
2.37
2.87
1.20
1.35
2.60
4.64
2.68
1.12
2.83
2.68
1.39
2.87
0.95
2.03
2.37
2.55
1.16
2.51
1.99
2.49
2.41
1.38
2.42
2.72
0.64
0.93
3.88
1.96
3.49
1.06
3.70
2.29
2.38
2.07
1.36
1.76
0.42
1.33
0.79
1.88
3.49
1.27
1.69
2.10
0.72
0.23
4.29
2.63
1.13
2.55
2.42
3.05
1.09
2.36
2.26
2.30
2.07
3.68
1.42
3.38
0.80
2.30
1.25
0.86
2.34
0.80
4.18
2.38
2.14
1.25
1.38
1.57
1.25
0.95
0.99
0.83
3.23
2.47
1.05
2.11
2.83
1.47
2.03
1.46
1.50
1.18
1.42
2.14
1.32
1.14
2.67
3.87
2.51
2.14
0.46
0.91
2.67
1.23
0.53
1.96
3.00
2.37
1.83
3.15
