GUESS    :MOVING_SM
STARTTIME:1289401380825
ENDTIME  :1289401396185
LOCALSPD :0.0
LONGSPD  :-1.0
LOCATION :Location[mProvider=network,mTime=1289401364650,mLatitude=55.782438490000004,mLongitude=12.51394093,mHasAltitude=false,mAltitude=0.0,mHasSpeed=false,mSpeed=0.0,mHasBearing=false,mBearing=0.0,mHasAccuracy=true,mAccuracy=53.0,mExtras=Bundle[mParcelledData.dataSize=148]]
ADDRESS :

1.08
0.67
0.78
0.99
0.69
1.80
4.30
0.89
4.11
0.99
1.85
1.57
1.68
2.52
0.61
0.50
1.65
0.87
2.34
1.42
0.76
0.19
0.61
0.69
0.61
0.22
0.41
0.89
0.63
0.30
1.43
0.50
0.91
0.41
0.97
0.57
1.50
1.61
1.29
0.89
0.27
1.39
2.11
1.57
0.98
1.66
0.54
0.65
0.99
0.46
0.54
0.69
0.53
0.54
0.64
0.78
0.93
0.68
0.46
1.44
2.33
2.57
1.88
1.16
1.04
0.76
0.80
1.06
0.37
0.87
1.36
1.12
0.84
1.01
0.30
1.12
1.44
4.37
2.38
1.83
0.95
2.36
1.27
1.16
0.74
1.16
0.59
0.89
1.58
1.53
2.33
6.06
2.49
1.92
0.69
1.08
0.61
0.90
0.84
0.90
1.66
1.69
1.84
2.64
2.37
1.38
1.14
1.25
1.99
0.53
0.46
1.88
2.15
1.14
2.96
0.91
4.96
0.49
0.91
1.17
1.09
0.74
0.65
1.44
1.70
1.20
3.02
1.96
3.91
2.14
0.72
1.54
0.54
1.18
0.57
0.15
1.23
0.65
0.74
1.32
2.36
1.54
5.67
1.57
1.21
1.20
0.63
1.58
0.67
0.76
1.05
0.38
2.52
2.11
3.15
2.90
2.62
1.73
1.23
1.05
0.41
0.12
1.14
0.89
0.57
1.80
1.33
3.80
1.35
1.13
0.94
0.89
0.99
0.37
0.27
0.91
0.84
0.31
2.08
2.49
2.34
3.51
1.57
1.40
1.87
1.38
1.21
0.56
0.31
0.41
0.69
2.08
1.17
0.97
2.22
3.91
1.06
2.18
1.05
2.40
1.18
1.38
1.21
0.52
1.50
3.36
4.34
2.08
1.16
1.04
1.62
0.76
0.93
0.76
1.95
1.99
1.63
2.94
5.15
1.25
1.58
1.14
2.10
0.78
1.80
1.95
1.39
1.27
5.39
2.72
0.99
1.63
1.25
0.49
1.21
2.63
1.87
1.97
5.60
1.48
0.34
1.09
2.42
0.83
2.37
3.17
1.27
2.29
3.72
2.30
1.42
1.93
1.53
0.46
1.25
2.68
