GUESS    :IDLE
STARTTIME:1288115408150
ENDTIME  :1288115423097
LOCALSPD :-1.0
LONGSPD  :-1.0
LOCATION :Location[mProvider=network,mTime=1288115408951,mLatitude=55.78250246666667,mLongitude=12.514005544444444,mHasAltitude=false,mAltitude=0.0,mHasSpeed=false,mSpeed=0.0,mHasBearing=false,mBearing=0.0,mHasAccuracy=true,mAccuracy=53.0,mExtras=Bundle[mParcelledData.dataSize=148]]
ADDRESS :

0.08
0.12
0.08
0.08
0.08
0.08
0.25
0.16
0.12
0.12
0.04
0.12
0.12
0.11
0.15
0.12
0.08
0.08
0.12
0.12
0.15
0.08
0.19
0.08
0.08
0.08
0.12
0.08
0.08
0.04
0.23
0.19
0.12
0.19
0.15
0.08
0.23
0.16
0.23
0.12
0.11
0.15
0.07
0.07
0.04
0.04
0.08
0.12
0.08
0.12
0.23
0.11
0.16
0.12
0.07
0.26
0.22
0.11
0.20
0.46
0.39
0.22
0.22
0.30
0.16
0.16
0.20
0.16
0.20
0.19
0.23
0.12
0.04
0.12
0.16
0.20
0.12
0.08
0.08
0.04
0.12
0.08
0.04
0.08
0.07
0.15
0.04
0.08
0.20
0.20
0.16
0.29
0.11
0.16
0.30
0.23
0.07
0.07
0.16
0.08
0.04
0.08
0.08
0.08
0.04
0.08
0.08
0.12
0.20
0.16
0.12
0.08
0.20
0.04
0.20
0.16
0.11
0.07
0.08
0.12
0.11
0.11
0.08
0.11
0.15
0.04
0.12
0.08
0.08
0.12
0.08
0.08
0.04
0.11
0.15
0.08
0.08
0.12
0.12
0.16
0.08
0.08
0.12
0.08
0.04
0.19
0.19
0.08
0.08
0.04
0.08
0.11
0.11
0.20
0.20
0.08
0.04
0.16
0.12
0.12
0.16
0.08
0.04
0.04
0.04
0.12
0.12
0.08
0.08
0.08
0.04
0.04
0.12
0.04
0.04
0.12
0.04
0.08
0.04
0.08
0.08
0.12
0.16
0.04
0.04
0.12
0.12
0.08
0.08
0.04
0.12
0.12
0.16
0.08
0.08
0.12
0.11
0.11
0.12
0.08
0.08
0.12
0.08
0.12
0.08
0.04
0.04
0.08
0.12
0.08
0.12
0.04
0.08
0.16
0.12
0.04
0.15
0.08
0.19
0.15
0.19
0.08
0.07
0.08
0.07
0.20
0.12
0.07
0.15
0.04
0.11
0.11
0.12
0.11
0.53
0.50
0.48
0.34
0.27
0.27
0.20
0.11
0.04
0.19
0.11
0.26
0.39
0.42
0.35
0.19
0.46
0.20
0.46
0.08
0.53
1.50
