GUESS    :MOVING_SM
STARTTIME:1288721028018
ENDTIME  :1288721043548
LOCALSPD :-1.0
LONGSPD  :-1.0
LOCATION :Location[mProvider=network,mTime=1288721043423,mLatitude=55.74958615,mLongitude=12.3767289,mHasAltitude=false,mAltitude=0.0,mHasSpeed=false,mSpeed=0.0,mHasBearing=false,mBearing=0.0,mHasAccuracy=true,mAccuracy=50.0,mExtras=Bundle[mParcelledData.dataSize=148]]
ADDRESS :

1.17
1.45
0.61
0.62
0.29
0.42
0.62
0.31
0.14
0.21
0.39
0.29
0.17
0.15
0.19
0.28
0.27
0.10
0.14
0.21
0.23
0.17
0.12
0.19
0.18
0.11
0.07
0.15
0.08
0.24
0.20
0.18
0.18
0.11
0.08
0.04
0.04
0.10
0.13
0.05
0.10
0.12
0.06
0.04
0.04
0.09
0.10
0.11
0.14
0.11
0.11
0.10
0.05
0.06
0.09
0.14
0.15
0.06
0.06
0.10
0.13
0.10
0.00
0.07
0.02
0.19
0.25
0.15
0.06
0.06
0.02
0.10
0.10
0.04
0.02
0.06
0.05
0.06
0.14
0.10
0.05
0.06
0.05
0.07
0.14
0.12
0.13
0.11
0.05
0.04
0.02
0.02
0.01
0.06
0.11
0.06
0.13
0.13
0.07
0.08
0.04
0.11
0.20
0.22
0.13
0.13
0.11
0.10
0.15
0.15
0.21
0.24
0.17
0.11
0.15
0.17
0.24
0.20
0.12
0.10
0.06
0.05
0.15
0.12
0.02
0.04
0.06
0.11
