GUESS    :MOVING_SM
STARTTIME:1290347331507
ENDTIME  :1290347345999
LOCALSPD :-1.0
LONGSPD  :-1.0
LOCATION :Location[mProvider=network,mTime=1290347287411,mLatitude=55.7496157,mLongitude=12.376975666666667,mHasAltitude=false,mAltitude=0.0,mHasSpeed=false,mSpeed=0.0,mHasBearing=false,mBearing=0.0,mHasAccuracy=true,mAccuracy=50.0,mExtras=Bundle[mParcelledData.dataSize=148]]
ADDRESS :

0.32
0.04
0.08
0.18
0.10
0.02
0.05
0.07
0.09
0.11
0.07
0.07
0.14
0.08
0.00
0.11
0.09
0.02
0.04
0.05
0.12
0.02
0.08
0.11
0.05
0.08
0.08
0.09
0.07
0.07
0.10
0.07
0.04
0.02
0.02
0.06
0.06
0.01
0.08
0.03
0.06
0.04
0.05
0.05
0.03
0.04
0.07
0.04
0.05
0.05
0.07
0.02
0.02
0.05
0.03
0.05
0.02
0.04
0.01
0.03
0.02
0.05
0.03
0.01
0.03
0.06
0.04
0.03
0.05
0.03
0.03
0.01
0.01
0.02
0.02
0.03
0.03
0.04
0.02
0.00
0.02
0.02
0.01
0.01
0.03
0.01
0.03
0.02
0.01
0.02
0.04
0.03
0.02
0.01
0.02
0.04
0.03
0.02
0.02
0.03
0.02
0.02
0.02
0.02
0.02
0.03
0.02
0.02
0.01
0.03
0.01
0.02
0.00
0.02
0.01
0.02
0.01
0.02
0.01
0.02
0.01
0.02
0.02
0.01
0.01
0.02
0.01
0.01
