GUESS    :MOVING_ME
STARTTIME:1288250171083
ENDTIME  :1288250185241
LOCALSPD :10.662989
LONGSPD  :6.5901465
LOCATION :Location[mProvider=network,mTime=1288250127841,mLatitude=55.76343655,mLongitude=12.439961799999999,mHasAltitude=false,mAltitude=0.0,mHasSpeed=false,mSpeed=0.0,mHasBearing=false,mBearing=0.0,mHasAccuracy=true,mAccuracy=58.0,mExtras=Bundle[mParcelledData.dataSize=148]]
ADDRESS :

3.43
2.33
2.10
1.08
3.68
3.80
2.96
2.33
1.95
0.91
3.09
1.65
2.49
2.83
2.29
2.57
3.06
3.41
2.96
3.65
3.83
2.07
0.27
1.31
0.41
3.16
1.96
2.83
2.56
1.72
2.94
2.27
2.18
2.70
2.36
4.02
3.57
1.14
1.57
1.73
2.91
1.43
0.45
1.62
1.42
1.21
0.67
1.83
2.23
1.01
5.54
1.38
2.86
2.98
2.29
0.64
2.10
5.05
1.42
2.04
1.96
1.31
2.32
2.71
2.33
1.29
1.39
1.53
2.87
3.00
2.11
2.06
5.43
3.21
1.70
3.17
1.10
2.75
2.21
1.76
4.29
5.05
6.78
4.55
7.71
3.36
3.13
5.08
1.13
3.80
3.11
9.00
4.10
6.97
2.64
0.93
4.52
2.22
2.62
3.26
3.15
6.85
4.60
3.98
2.91
1.62
0.79
1.24
1.06
1.32
1.54
2.18
1.06
1.61
1.50
1.57
0.38
2.57
3.46
1.16
3.16
2.14
0.78
3.15
0.90
2.03
3.64
3.05
2.11
3.53
3.32
0.39
0.97
0.67
0.57
2.02
2.57
2.07
3.06
4.71
3.54
2.34
1.65
2.36
2.60
1.65
1.88
0.90
0.26
2.47
0.74
2.11
1.65
2.41
0.68
2.08
3.36
1.43
1.58
1.95
0.84
3.95
4.60
2.75
1.50
1.42
3.32
1.57
1.73
0.99
0.65
1.12
1.80
0.57
1.39
1.55
2.57
1.61
1.55
1.68
0.87
1.53
2.44
2.85
3.17
4.96
1.54
1.58
1.97
2.08
1.35
0.91
2.26
1.84
1.92
0.95
1.08
1.20
1.44
1.91
2.03
1.61
1.01
1.10
1.33
1.10
1.23
0.23
4.55
2.68
1.97
1.48
1.12
1.69
1.88
1.65
2.30
1.20
1.09
1.12
1.57
2.71
0.61
2.76
2.62
0.99
3.76
4.63
1.09
2.18
0.27
4.14
1.69
0.59
3.46
2.03
1.18
0.39
2.00
1.31
0.87
2.30
1.96
2.44
0.72
1.72
2.41
0.89
1.01
1.91
2.18
1.50
3.79
2.52
0.60
0.95
