GUESS    :MOVING_HI
STARTTIME:1288250336652
ENDTIME  :1288250350263
LOCALSPD :6.8774233
LONGSPD  :4.3879666
LOCATION :Location[mProvider=network,mTime=1288250323013,mLatitude=55.761159,mLongitude=12.464397,mHasAltitude=false,mAltitude=0.0,mHasSpeed=false,mSpeed=0.0,mHasBearing=false,mBearing=0.0,mHasAccuracy=true,mAccuracy=759.0,mExtras=Bundle[mParcelledData.dataSize=148]]
ADDRESS :

3.88
0.60
0.48
0.38
0.35
0.42
0.14
0.43
0.33
0.09
0.06
0.14
0.19
0.28
0.16
0.16
0.19
0.01
0.18
0.09
0.03
0.40
0.10
0.11
0.59
0.30
0.32
0.30
0.23
0.26
0.37
0.09
0.19
0.11
0.13
0.33
0.43
0.26
0.24
0.17
0.15
0.16
0.09
0.14
0.25
0.17
0.40
0.03
0.50
0.31
0.19
0.16
0.15
0.08
0.13
0.24
0.19
0.19
0.21
0.09
0.26
0.18
0.27
0.58
0.34
0.38
0.10
0.26
0.16
0.08
0.22
0.02
0.44
0.13
0.10
0.16
0.27
0.30
0.15
0.09
0.07
0.07
0.30
0.15
0.25
0.29
0.19
0.01
0.06
0.09
0.36
0.39
0.25
0.22
0.28
0.37
0.15
0.15
0.18
0.18
0.41
0.17
0.27
0.25
0.09
0.28
0.11
0.09
0.07
0.25
0.28
0.22
0.30
0.10
0.20
0.18
0.06
0.15
0.17
0.19
0.17
0.20
0.38
0.19
0.33
0.11
0.17
0.39
