GUESS    :MOVING_ME
STARTTIME:1288249531710
ENDTIME  :1288249545898
LOCALSPD :3.783572
LONGSPD  :1.1703718
LOCATION :Location[mProvider=network,mTime=1288249544146,mLatitude=55.7500622,mLongitude=12.391940499999999,mHasAltitude=false,mAltitude=0.0,mHasSpeed=false,mSpeed=0.0,mHasBearing=false,mBearing=0.0,mHasAccuracy=true,mAccuracy=253.0,mExtras=Bundle[mParcelledData.dataSize=148]]
ADDRESS :

2.58
0.69
1.02
0.47
0.94
0.67
0.36
0.25
0.21
0.46
0.25
0.28
0.54
0.38
0.29
0.25
0.12
0.30
0.10
0.14
0.23
0.22
0.17
0.33
0.24
0.22
0.11
0.51
0.22
0.20
0.17
0.31
0.18
0.19
0.16
0.17
0.12
0.21
0.08
0.14
0.22
0.23
0.22
0.16
0.22
0.26
0.27
0.20
0.41
0.11
0.20
0.09
0.15
0.09
0.08
0.19
0.12
0.19
0.11
0.19
0.16
0.18
0.23
0.27
0.24
0.16
0.10
0.03
0.25
0.12
0.16
0.18
0.16
0.31
0.19
0.32
0.10
0.30
0.22
0.33
0.22
0.12
0.20
0.16
0.09
0.16
0.12
0.03
0.12
0.14
0.11
0.37
0.08
0.15
0.23
0.24
0.24
0.12
0.12
0.18
0.14
0.21
0.12
0.07
0.07
0.11
0.02
0.11
0.20
0.07
0.14
0.17
0.12
0.03
0.12
0.03
0.19
0.03
0.11
0.08
0.17
0.02
0.09
0.04
0.08
0.19
0.21
0.12
