GUESS    :WALKING
STARTTIME:1288249629694
ENDTIME  :1288249643387
LOCALSPD :0.12494176
LONGSPD  :0.20782185
LOCATION :Location[mProvider=network,mTime=1288249601563,mLatitude=55.745795,mLongitude=12.391048,mHasAltitude=false,mAltitude=0.0,mHasSpeed=false,mSpeed=0.0,mHasBearing=false,mBearing=0.0,mHasAccuracy=true,mAccuracy=828.0,mExtras=Bundle[mParcelledData.dataSize=148]]
ADDRESS :

3.12
4.37
4.90
6.21
6.37
8.12
7.80
5.31
2.08
2.81
0.50
1.47
1.38
1.24
1.18
3.20
7.15
4.47
4.99
8.35
8.58
9.14
7.80
4.56
5.39
2.25
3.06
1.50
4.92
10.84
0.60
1.05
2.23
1.18
4.84
2.53
3.19
6.07
11.09
7.97
1.04
2.68
7.14
5.05
3.60
2.64
1.20
1.23
3.21
4.86
1.69
0.87
1.81
2.64
1.92
2.06
5.98
4.11
6.96
8.23
4.48
1.24
2.14
3.09
1.61
1.12
0.89
2.59
3.79
3.51
1.95
1.92
0.99
1.74
1.62
1.50
2.34
2.36
0.78
1.23
1.88
0.59
2.63
3.00
1.18
1.33
1.92
1.96
2.00
1.68
3.24
8.77
9.43
7.48
5.13
3.26
4.75
5.41
2.41
8.66
2.11
3.60
3.00
1.72
1.59
3.57
3.15
1.32
1.72
0.94
1.47
1.65
1.23
0.84
0.80
1.80
3.20
3.28
1.23
0.63
0.80
2.38
2.19
2.63
2.27
1.80
1.85
1.65
2.37
2.90
0.74
2.29
0.52
1.73
2.22
1.54
1.65
2.34
2.91
5.20
2.00
5.16
4.97
5.12
3.85
4.11
4.18
0.78
0.35
1.58
1.84
2.03
1.99
1.39
1.36
1.23
1.54
0.34
3.53
3.70
1.14
1.06
2.34
3.54
1.70
0.76
1.08
1.08
1.62
1.43
0.46
1.31
0.52
1.31
1.76
2.64
1.13
1.42
1.54
1.65
1.84
1.46
1.66
1.73
0.63
1.39
1.46
1.87
1.87
0.49
1.77
1.46
0.87
0.97
3.02
2.14
1.53
0.93
0.27
2.26
3.83
1.70
1.77
1.16
2.15
0.69
1.14
1.27
1.16
1.58
1.63
1.20
7.10
7.63
5.12
8.04
7.23
2.29
6.43
2.76
1.04
3.80
2.30
0.93
1.69
0.80
1.12
0.64
2.34
1.51
1.58
4.49
3.27
1.27
4.03
2.36
4.54
4.92
3.11
5.37
4.90
1.42
1.23
2.64
1.38
3.43
1.08
1.99
1.09
1.08
1.04
2.23
2.11
1.80
2.66
2.26
