GUESS    :MOVING_SM
STARTTIME:1288118679745
ENDTIME  :1288118694479
LOCALSPD :0.0
LONGSPD  :-1.0
LOCATION :Location[mProvider=network,mTime=1288118651980,mLatitude=55.782508099999994,mLongitude=12.51395559,mHasAltitude=false,mAltitude=0.0,mHasSpeed=false,mSpeed=0.0,mHasBearing=false,mBearing=0.0,mHasAccuracy=true,mAccuracy=53.0,mExtras=Bundle[mParcelledData.dataSize=148]]
ADDRESS :

0.16
0.03
0.01
0.02
0.01
0.01
0.01
0.02
0.03
0.03
0.02
0.03
0.02
0.01
0.01
0.01
0.03
0.01
0.01
0.02
0.02
0.01
0.00
0.01
0.02
0.00
0.01
0.01
0.01
0.00
0.01
0.01
0.02
0.01
0.02
0.01
0.02
0.00
0.01
0.01
0.02
0.00
0.01
0.01
0.01
0.01
0.01
0.02
0.01
0.00
0.00
0.01
0.01
0.01
0.01
0.01
0.01
0.01
0.01
0.01
0.02
0.01
0.00
0.02
0.01
0.01
0.01
0.01
0.00
0.00
0.00
0.02
0.01
0.01
0.00
0.02
0.01
0.00
0.01
0.02
0.00
0.00
0.00
0.01
0.00
0.01
0.00
0.00
0.01
0.01
0.01
0.01
0.01
0.00
0.01
0.01
0.00
0.02
0.01
0.01
0.00
0.01
0.01
0.01
0.00
0.01
0.01
0.01
0.00
0.01
0.01
0.00
0.01
0.01
0.00
0.01
0.00
0.01
0.00
0.01
0.01
0.00
0.01
0.00
0.01
0.01
0.01
0.01
