GUESS    :IDLE
STARTTIME:1289406087467
ENDTIME  :1289406102766
LOCALSPD :0.0
LONGSPD  :-1.0
LOCATION :Location[mProvider=network,mTime=1289406094970,mLatitude=55.74958615,mLongitude=12.3767289,mHasAltitude=false,mAltitude=0.0,mHasSpeed=false,mSpeed=0.0,mHasBearing=false,mBearing=0.0,mHasAccuracy=true,mAccuracy=50.0,mExtras=Bundle[mParcelledData.dataSize=148]]
ADDRESS :

0.08
0.00
0.01
0.01
0.00
0.00
0.01
0.00
0.00
0.01
0.00
0.01
0.01
0.00
0.01
0.00
0.01
0.00
0.00
0.01
0.00
0.00
0.01
0.01
0.01
0.00
0.01
0.01
0.01
0.00
0.00
0.00
0.01
0.01
0.00
0.01
0.00
0.01
0.01
0.01
0.00
0.00
0.01
0.00
0.00
0.01
0.00
0.00
0.01
0.01
0.00
0.01
0.00
0.00
0.00
0.01
0.01
0.00
0.00
0.00
0.01
0.00
0.00
0.00
0.01
0.00
0.01
0.01
0.00
0.00
0.00
0.00
0.00
0.00
0.01
0.00
0.00
0.00
0.00
0.01
0.00
0.00
0.01
0.00
0.00
0.01
0.00
0.00
0.00
0.00
0.00
0.01
0.01
0.01
0.00
0.01
0.00
0.00
0.01
0.00
0.00
0.01
0.00
0.01
0.00
0.00
0.00
0.00
0.01
0.00
0.00
0.00
0.00
0.00
0.00
0.00
0.00
0.00
0.00
0.00
0.00
0.00
0.01
0.00
0.00
0.00
0.00
0.00
