GUESS    :WALKING
STARTTIME:1289140763180
ENDTIME  :1289140776029
LOCALSPD :0.0
LONGSPD  :0.087562546
LOCATION :Location[mProvider=network,mTime=1289140731608,mLatitude=55.7470999,mLongitude=12.3790855,mHasAltitude=false,mAltitude=0.0,mHasSpeed=false,mSpeed=0.0,mHasBearing=false,mBearing=0.0,mHasAccuracy=true,mAccuracy=75.0,mExtras=Bundle[mParcelledData.dataSize=148]]
ADDRESS :

2.70
10.98
2.81
4.79
7.89
6.66
5.07
1.92
3.21
5.90
5.64
5.04
9.43
2.37
1.61
5.23
3.98
1.89
2.75
3.57
5.18
3.31
3.38
10.22
4.86
8.20
7.08
4.63
4.32
2.40
5.05
6.17
2.11
5.03
9.43
3.35
1.63
11.37
5.41
5.16
1.69
3.66
6.52
3.65
11.35
1.36
7.94
8.74
5.58
3.95
2.19
3.64
4.88
4.75
2.79
5.04
5.97
4.86
6.27
5.52
2.75
2.60
3.00
4.62
2.51
5.78
11.69
5.75
5.75
6.85
4.60
1.57
1.92
6.80
6.01
5.33
2.30
5.87
2.91
3.55
5.43
2.52
3.49
2.49
2.94
4.37
2.72
8.08
3.95
6.24
6.91
5.95
6.22
1.57
6.12
4.41
4.63
3.13
6.43
3.28
2.42
8.31
4.22
3.55
4.13
1.73
2.60
3.72
2.23
8.46
4.26
8.47
5.58
4.36
1.55
0.71
2.10
3.41
4.18
3.24
3.64
4.33
4.06
5.33
4.02
2.97
3.60
2.38
2.90
3.98
3.34
10.77
3.02
10.24
9.64
6.42
6.21
1.73
6.43
5.53
6.97
3.99
5.20
6.70
3.27
1.68
9.19
4.63
5.87
1.39
3.79
4.88
2.42
7.97
4.90
5.27
7.21
7.03
3.13
1.72
2.23
3.87
5.20
1.61
3.28
5.79
5.28
5.84
4.05
3.41
3.28
1.16
3.55
4.55
3.65
2.94
10.68
4.03
6.95
5.88
4.92
4.36
1.72
4.06
2.37
5.60
3.96
5.76
2.14
2.85
5.60
2.68
2.72
3.60
1.46
4.59
4.26
3.83
11.03
3.46
4.49
7.40
6.59
4.45
2.37
3.84
1.54
5.03
3.41
1.78
6.46
4.02
2.79
4.37
2.97
3.30
1.80
1.57
2.52
2.26
4.07
4.67
4.21
1.38
3.98
5.99
2.75
1.61
3.11
1.08
3.64
2.83
4.10
4.92
2.37
2.33
3.87
4.02
2.89
2.64
1.16
1.57
2.07
2.94
2.70
6.63
2.60
1.62
3.91
7.55
3.42
1.18
2.07
1.40
4.52
2.94
