GUESS    :WALKING
STARTTIME:1289140828200
ENDTIME  :1289140841079
LOCALSPD :0.0
LONGSPD  :0.0
LOCATION :Location[mProvider=network,mTime=1289140791653,mLatitude=55.7470999,mLongitude=12.3790855,mHasAltitude=false,mAltitude=0.0,mHasSpeed=false,mSpeed=0.0,mHasBearing=false,mBearing=0.0,mHasAccuracy=true,mAccuracy=75.0,mExtras=Bundle[mParcelledData.dataSize=148]]
ADDRESS :

7.52
4.43
4.36
4.85
3.72
4.10
3.09
4.92
11.54
1.40
6.02
8.46
3.01
3.87
1.65
5.46
3.42
4.21
3.61
6.86
2.40
3.68
10.92
4.51
4.26
6.47
4.22
4.03
5.86
5.63
9.32
6.93
11.25
10.07
5.67
1.29
2.81
1.91
6.71
2.62
3.62
8.14
4.17
3.49
8.69
4.93
3.46
2.79
4.18
5.83
7.55
13.47
9.11
10.57
9.86
6.02
2.10
3.49
8.04
9.18
4.14
7.49
6.50
4.54
7.26
4.03
3.36
4.05
2.06
5.94
5.57
2.15
13.16
4.47
7.75
11.26
6.33
2.91
3.62
7.42
5.86
3.27
3.21
9.51
4.52
2.79
6.86
3.73
3.53
3.64
4.48
5.48
3.17
8.28
4.33
6.71
8.66
7.21
3.65
2.14
4.28
3.30
5.28
3.16
6.54
2.62
6.13
11.60
4.79
4.40
2.97
3.64
6.09
2.64
5.39
12.23
5.26
7.04
7.94
5.05
2.41
2.83
3.13
7.89
3.62
6.62
2.27
5.43
9.22
4.17
4.36
3.83
3.41
6.25
4.67
6.63
11.71
7.11
10.56
7.34
4.11
2.14
2.45
4.26
6.66
2.83
5.63
2.40
2.19
7.74
4.75
2.68
5.05
4.71
5.49
2.23
4.93
10.34
4.36
7.52
9.36
5.12
2.22
3.28
3.11
6.14
3.68
4.21
9.40
3.91
3.19
6.16
2.38
3.55
3.21
6.21
3.99
3.32
11.06
5.24
9.49
9.82
5.20
3.30
3.79
6.70
7.44
3.06
7.65
1.95
5.41
10.54
3.46
4.33
4.97
4.60
4.71
6.62
8.27
7.87
7.45
12.30
8.46
4.26
2.64
4.41
2.90
7.25
4.14
7.55
4.14
7.89
5.91
3.64
3.32
4.40
5.91
4.33
4.84
15.06
3.13
3.58
8.28
7.29
4.77
2.45
5.90
8.72
2.45
3.30
6.66
3.70
6.24
6.59
4.03
3.32
3.68
5.28
4.15
5.03
9.53
5.39
6.47
6.93
5.38
3.24
2.85
2.36
7.44
2.27
2.72
7.74
2.90
3.88
4.71
1.87
