GUESS    :WALKING
STARTTIME:1289141064440
ENDTIME  :1289141077739
LOCALSPD :0.0
LONGSPD  :0.1692786
LOCATION :Location[mProvider=network,mTime=1289141034136,mLatitude=55.749479,mLongitude=12.3780412,mHasAltitude=false,mAltitude=0.0,mHasSpeed=false,mSpeed=0.0,mHasBearing=false,mBearing=0.0,mHasAccuracy=true,mAccuracy=88.0,mExtras=Bundle[mParcelledData.dataSize=148]]
ADDRESS :

6.04
0.45
0.25
0.40
0.47
0.30
0.20
0.14
0.08
0.27
0.30
0.34
0.18
1.44
0.51
0.16
0.43
0.38
0.33
0.01
0.24
0.20
0.37
0.32
0.29
0.95
1.11
0.84
0.54
0.18
0.25
0.25
0.17
0.27
0.24
0.19
0.25
0.30
0.45
0.32
0.38
0.20
0.38
0.16
0.33
0.21
0.11
0.16
0.33
0.39
0.25
0.56
0.41
0.39
0.12
0.12
0.38
0.24
0.10
0.11
0.26
0.30
0.39
0.30
0.18
0.21
0.12
0.02
0.32
0.17
0.27
0.38
0.17
0.31
0.43
0.18
0.70
1.20
0.84
0.39
0.12
0.43
0.47
0.17
0.44
0.50
0.26
0.69
0.45
0.36
0.28
0.04
0.28
0.11
0.32
0.16
0.38
0.62
0.71
0.34
0.36
0.43
0.59
0.94
0.37
0.42
0.12
0.35
0.38
0.12
0.31
0.16
0.46
0.23
0.46
0.54
0.23
0.08
0.37
0.18
0.10
0.36
0.26
0.19
0.34
0.45
0.25
0.20
