GUESS    :WALKING
STARTTIME:1289141172590
ENDTIME  :1289141186699
LOCALSPD :0.0
LONGSPD  :0.61880964
LOCATION :Location[mProvider=network,mTime=1289141151854,mLatitude=55.749666,mLongitude=12.3808557,mHasAltitude=false,mAltitude=0.0,mHasSpeed=false,mSpeed=0.0,mHasBearing=false,mBearing=0.0,mHasAccuracy=true,mAccuracy=51.0,mExtras=Bundle[mParcelledData.dataSize=148]]
ADDRESS :

3.64
2.72
9.62
5.09
3.13
2.30
3.75
5.86
2.87
6.39
8.54
5.46
2.90
5.71
5.64
2.04
7.04
6.21
3.75
3.99
6.73
2.67
4.09
5.68
4.64
1.76
3.57
4.67
5.01
3.35
5.63
9.62
4.67
7.50
7.07
4.00
2.94
6.33
2.03
4.37
4.93
6.29
1.04
2.41
8.08
4.77
3.19
4.37
5.35
4.82
6.28
9.38
9.30
5.83
5.43
8.62
5.60
3.49
7.03
6.58
4.93
7.21
1.58
3.17
7.06
4.62
3.69
4.97
5.27
8.54
15.62
2.67
7.08
8.92
4.25
1.73
1.88
9.00
4.18
8.34
3.08
4.58
11.14
6.89
5.67
4.73
7.04
4.55
12.18
6.28
10.12
4.60
4.02
2.76
4.48
7.04
2.57
6.37
2.94
10.43
4.86
3.31
3.75
4.90
5.72
4.70
13.61
1.08
3.28
8.58
4.84
3.70
3.00
5.33
5.49
4.55
6.13
3.49
4.29
7.59
4.79
4.51
5.34
6.02
5.24
17.60
7.06
9.38
8.08
5.58
3.72
3.02
7.45
3.27
7.97
3.55
5.97
4.07
2.34
4.21
4.99
4.75
9.36
15.64
4.36
10.99
10.95
5.33
1.54
4.70
5.83
3.81
5.56
1.70
2.60
7.29
3.36
4.06
3.11
6.62
5.05
12.68
2.06
5.60
8.58
5.22
3.83
1.51
5.90
4.82
4.36
4.21
8.04
1.77
3.51
6.05
3.02
2.98
3.73
2.78
5.79
3.69
4.14
11.10
4.56
5.65
6.55
4.59
1.88
5.75
3.15
6.17
1.95
4.28
8.76
1.46
7.15
6.29
4.63
1.96
2.62
1.88
1.46
1.80
1.01
3.64
1.63
5.48
2.62
4.36
3.02
1.05
1.46
2.14
0.83
1.88
1.39
3.15
1.48
0.83
0.83
1.42
0.69
0.50
0.46
0.74
0.46
0.69
1.43
0.89
2.06
3.91
2.89
6.43
4.90
5.90
1.95
1.51
0.68
2.23
0.60
0.63
0.99
0.35
0.90
1.69
1.06
0.68
0.57
1.96
2.03
3.17
3.53
4.24
2.96
2.87
