GUESS    :WALKING
STARTTIME:1289141359380
ENDTIME  :1289141372579
LOCALSPD :1.0000292
LONGSPD  :0.06637983
LOCATION :Location[mProvider=network,mTime=1289141336868,mLatitude=55.74986364,mLongitude=12.377033800000001,mHasAltitude=false,mAltitude=0.0,mHasSpeed=false,mSpeed=0.0,mHasBearing=false,mBearing=0.0,mHasAccuracy=true,mAccuracy=51.0,mExtras=Bundle[mParcelledData.dataSize=148]]
ADDRESS :

5.57
11.92
1.68
5.19
6.05
4.10
1.29
1.12
2.49
2.41
5.13
3.68
3.94
5.01
2.60
2.60
7.46
2.94
3.30
3.00
2.08
4.41
4.67
4.02
12.22
3.41
5.08
7.85
2.86
2.14
4.02
5.68
6.47
3.61
3.49
6.93
2.03
0.76
6.12
2.33
2.71
2.78
3.53
6.35
0.84
3.69
10.28
5.87
3.99
7.49
3.68
1.89
3.85
4.18
5.05
5.20
4.29
7.35
8.04
7.74
4.17
8.36
3.36
5.22
1.78
5.43
3.68
3.72
10.95
1.57
3.50
6.40
3.17
1.33
1.73
5.86
4.49
5.01
3.68
5.13
3.30
4.90
10.46
6.32
4.40
1.87
3.38
5.50
5.64
4.17
13.06
5.35
4.96
5.95
3.95
1.70
5.23
5.56
8.12
4.90
7.46
3.27
2.19
5.30
2.51
3.96
1.74
3.04
6.09
3.47
8.50
3.66
5.86
7.85
3.76
1.54
6.02
7.65
3.51
1.24
6.63
5.46
6.32
3.12
3.75
2.15
3.06
5.39
4.90
12.79
4.62
3.73
7.74
3.60
3.83
5.13
8.19
3.30
2.98
5.56
3.75
3.19
3.94
2.79
3.30
2.62
3.64
5.18
4.59
8.77
2.72
3.55
6.93
4.75
1.42
2.44
5.09
4.28
5.64
4.22
6.33
4.56
4.41
4.73
2.82
4.54
1.43
2.07
4.99
4.77
2.37
15.43
7.71
7.60
8.08
3.88
1.91
2.93
7.56
9.32
2.11
4.99
6.59
2.38
3.08
8.73
5.63
4.48
2.81
4.60
6.58
3.70
6.85
9.44
7.01
4.20
6.10
2.63
1.29
6.03
4.86
6.52
3.60
4.67
4.86
1.91
4.89
5.13
3.12
3.80
3.53
5.30
6.36
4.33
15.12
5.75
7.64
9.19
4.25
2.07
4.51
4.14
8.24
2.45
8.06
2.87
3.02
7.55
3.34
4.05
3.64
4.93
5.43
5.63
7.93
13.25
5.61
7.07
7.42
3.19
2.26
5.05
3.28
6.47
2.11
5.63
4.41
2.60
8.09
3.68
3.80
3.62
3.99
4.52
6.51
5.60
