GUESS    :MOVING_HI
STARTTIME:1289139564710
ENDTIME  :1289139578879
LOCALSPD :0.0
LONGSPD  :0.0
LOCATION :Location[mProvider=network,mTime=1289139527550,mLatitude=55.74958026666667,mLongitude=12.376720666666666,mHasAltitude=false,mAltitude=0.0,mHasSpeed=false,mSpeed=0.0,mHasBearing=false,mBearing=0.0,mHasAccuracy=true,mAccuracy=50.0,mExtras=Bundle[mParcelledData.dataSize=148]]
ADDRESS :

2.98
5.03
4.14
4.85
6.32
8.16
12.03
5.53
3.88
4.55
6.93
6.37
4.37
8.88
1.95
6.82
2.97
1.14
2.75
4.86
3.08
4.59
9.77
3.41
3.87
5.79
3.49
2.08
4.17
5.26
2.72
2.82
5.98
3.28
3.72
3.21
1.25
2.23
3.09
2.53
4.47
8.62
5.53
6.78
7.16
4.45
2.57
2.71
4.48
2.79
4.84
3.00
3.90
4.10
1.02
2.32
1.93
2.27
1.42
4.40
3.92
5.46
5.22
2.90
2.57
1.80
1.38
2.12
4.77
9.41
5.61
5.19
1.80
3.15
3.02
1.14
1.53
1.05
1.84
6.51
5.24
3.42
3.57
2.71
1.53
1.01
2.45
2.21
1.62
7.70
2.83
4.89
2.81
1.23
0.64
2.22
3.73
5.01
3.34
5.20
7.03
2.53
4.02
2.87
2.71
2.08
4.32
2.91
6.65
8.12
10.30
3.15
2.15
6.91
8.92
4.22
11.47
8.12
10.50
9.47
5.18
5.86
8.81
5.80
4.55
10.54
13.23
13.38
8.04
2.04
5.28
11.99
5.99
10.86
10.02
12.99
10.32
4.00
8.09
8.96
6.43
4.58
15.94
5.26
8.39
13.29
6.21
2.07
2.56
13.74
19.93
10.27
11.18
9.53
8.83
5.87
20.83
22.64
14.18
17.09
9.67
5.49
6.55
25.21
5.41
11.22
11.45
8.68
7.74
8.51
27.70
12.41
18.22
17.82
7.31
3.55
5.60
24.98
5.73
12.26
8.83
10.02
8.43
6.81
31.18
14.04
19.30
10.15
6.63
3.83
5.52
24.11
10.56
12.34
10.83
14.41
7.46
10.17
39.80
10.23
19.95
11.96
6.81
3.57
20.61
19.18
11.65
14.70
14.90
7.50
6.31
31.22
12.34
17.60
14.59
13.39
6.51
7.33
30.06
5.91
17.15
17.67
12.01
1.66
34.02
14.18
14.83
13.48
16.06
6.82
4.84
30.40
4.47
15.57
16.29
9.33
5.07
15.68
31.07
8.44
19.38
14.44
8.76
3.65
25.25
6.01
9.36
6.81
5.94
5.41
27.96
10.54
7.97
8.51
17.11
5.68
