GUESS    :WALKING
STARTTIME:1289140173400
ENDTIME  :1289140187479
LOCALSPD :0.7263238
LONGSPD  :0.44703767
LOCATION :Location[mProvider=network,mTime=1289140183687,mLatitude=55.7476552,mLongitude=12.3819951,mHasAltitude=false,mAltitude=0.0,mHasSpeed=false,mSpeed=0.0,mHasBearing=false,mBearing=0.0,mHasAccuracy=true,mAccuracy=70.0,mExtras=Bundle[mParcelledData.dataSize=148]]
ADDRESS :

2.68
2.91
1.23
8.81
1.84
7.40
8.47
4.32
1.61
0.76
2.91
1.28
2.18
3.61
3.60
3.79
2.85
4.77
3.08
2.79
1.88
1.59
1.66
2.26
1.39
1.43
2.15
6.28
4.90
9.78
8.09
3.87
1.31
3.32
1.12
0.27
1.59
1.69
2.15
2.02
0.57
2.90
3.06
1.46
1.69
4.03
4.89
9.74
7.52
3.45
3.53
4.18
0.84
4.14
2.10
1.31
2.33
1.77
2.85
5.27
2.22
2.76
5.68
3.34
2.06
2.47
1.58
3.49
2.64
2.57
3.34
3.75
2.62
2.33
4.71
3.04
2.96
0.41
0.82
2.33
1.50
2.41
7.06
1.25
6.96
7.65
4.67
2.14
1.70
2.38
1.27
2.76
3.58
4.52
6.17
3.76
3.05
5.16
4.14
2.45
4.64
2.27
5.31
2.89
4.75
5.09
8.23
2.22
9.36
9.36
3.49
0.53
2.72
2.33
1.87
4.18
3.01
1.09
15.39
9.89
2.83
6.32
2.76
0.56
2.47
3.68
1.31
5.18
6.33
3.80
3.39
9.13
5.49
2.33
2.14
5.39
5.03
9.96
4.60
4.90
3.87
4.74
4.77
1.87
4.77
0.72
4.56
2.45
2.53
7.16
3.69
7.46
12.59
4.20
1.14
4.10
3.30
4.55
4.94
4.71
4.81
4.69
6.01
3.83
3.00
2.59
2.87
6.25
1.80
3.06
7.23
2.68
18.24
9.04
7.61
2.51
0.93
4.10
2.68
4.78
6.73
6.61
11.30
4.34
3.17
4.37
7.78
4.63
7.21
5.26
2.51
10.01
7.93
1.42
3.87
5.67
3.57
8.02
2.81
2.44
7.63
4.41
3.12
4.58
5.22
6.55
8.44
1.58
10.07
8.00
4.07
1.80
4.92
4.51
8.93
8.08
4.52
11.03
5.24
2.82
4.29
3.90
5.18
4.96
7.91
3.55
10.46
7.30
3.92
2.37
4.94
6.74
2.57
4.10
5.63
2.78
6.16
5.18
2.70
2.53
2.22
5.82
3.31
4.62
9.47
3.76
8.51
7.23
3.99
2.79
6.02
5.45
5.01
4.10
5.63
3.70
