GUESS    :WALKING
STARTTIME:1289140344430
ENDTIME  :1289140357309
LOCALSPD :0.0
LONGSPD  :0.0
LOCATION :Location[mProvider=network,mTime=1289140311379,mLatitude=55.746336,mLongitude=12.384762,mHasAltitude=false,mAltitude=0.0,mHasSpeed=false,mSpeed=0.0,mHasBearing=false,mBearing=0.0,mHasAccuracy=true,mAccuracy=810.0,mExtras=Bundle[mParcelledData.dataSize=148]]
ADDRESS :

3.73
0.56
0.32
0.18
0.31
0.14
0.08
0.06
0.23
0.12
0.13
0.17
0.37
0.27
0.19
0.30
0.06
0.07
0.13
0.07
0.11
0.08
1.28
0.18
0.00
0.06
0.13
0.26
0.10
0.07
0.11
0.23
0.23
0.10
0.13
0.16
0.21
0.14
0.15
0.02
0.18
0.05
0.01
0.24
0.22
0.23
0.19
0.35
0.06
0.06
0.06
0.15
0.11
0.04
0.23
0.16
0.13
0.01
0.14
0.20
0.12
0.14
0.19
0.14
0.34
0.27
0.52
0.43
0.34
0.63
0.39
0.06
0.25
0.16
0.21
0.29
0.35
0.19
0.24
0.18
0.30
0.15
0.19
0.33
0.18
0.06
0.15
0.20
0.32
0.43
0.43
0.49
0.42
0.19
0.12
0.07
0.30
0.17
0.48
0.11
0.29
0.23
0.26
0.21
0.08
0.06
0.22
0.22
0.14
0.10
0.08
0.33
0.31
0.15
0.27
0.13
0.27
0.13
0.04
0.29
0.18
0.07
0.27
0.25
0.16
0.11
0.20
0.12
