GUESS    :WALKING
STARTTIME:1289140541749
ENDTIME  :1289140554939
LOCALSPD :0.0
LONGSPD  :0.22215044
LOCATION :Location[mProvider=network,mTime=1289140551536,mLatitude=55.74755646666666,mLongitude=12.379886400000002,mHasAltitude=false,mAltitude=0.0,mHasSpeed=false,mSpeed=0.0,mHasBearing=false,mBearing=0.0,mHasAccuracy=true,mAccuracy=75.0,mExtras=Bundle[mParcelledData.dataSize=148]]
ADDRESS :

3.40
0.61
0.38
0.23
0.34
0.34
0.15
0.12
0.15
0.08
0.34
0.15
0.16
0.50
0.32
0.41
0.19
0.23
0.46
0.39
0.59
1.39
0.12
0.60
0.17
0.25
0.27
0.12
0.10
0.17
0.22
0.05
0.11
0.54
0.20
0.10
0.32
0.10
0.12
0.46
0.18
0.11
0.23
0.41
0.42
0.15
0.21
0.18
0.11
0.09
0.34
0.17
0.17
0.23
0.42
0.28
0.11
0.25
0.11
0.18
0.14
0.16
0.09
0.18
0.37
0.07
0.26
0.14
0.09
0.22
0.11
0.06
0.08
0.16
0.04
0.11
0.05
0.18
0.19
0.03
0.11
0.10
0.15
0.27
0.08
0.34
0.09
0.48
0.14
0.15
0.20
0.14
0.16
0.14
0.12
0.01
0.25
0.14
0.07
0.08
0.15
0.14
0.11
0.06
0.12
0.17
0.08
0.23
0.16
0.28
0.17
0.32
0.07
0.17
0.37
0.13
0.09
0.25
0.32
0.16
0.05
0.09
0.06
0.09
0.23
0.02
0.06
0.23
