GUESS    :MOVING_SM
STARTTIME:1288007621744
ENDTIME  :1288007636527
LOCALSPD :-1.0
LONGSPD  :-1.0
LOCATION :org.peterstrand.service.LocationWrapper@44999cf0
ADDRESS :

10.15
0.08
0.08
0.04
0.12
0.12
0.08
0.16
0.08
0.16
0.04
0.12
0.20
0.20
0.16
0.16
0.12
0.12
0.12
0.61
0.30
0.46
0.69
0.91
0.15
0.20
0.08
0.12
0.12
0.12
0.04
0.08
0.08
0.11
0.15
0.12
0.08
0.04
0.12
0.12
0.04
0.08
0.08
0.04
0.04
0.04
0.16
0.20
0.08
0.12
0.08
0.04
0.08
0.04
0.08
0.12
0.08
0.04
0.08
0.16
0.12
0.08
0.12
0.08
0.04
0.12
0.04
0.04
0.19
0.15
0.04
0.25
0.25
0.08
0.08
0.04
0.12
0.08
0.03
0.07
0.04
0.12
0.08
0.08
0.16
0.08
0.19
0.19
0.20
0.20
0.04
0.12
0.20
0.12
0.04
0.08
0.08
0.08
0.04
0.08
0.12
0.08
0.12
0.20
0.08
0.08
0.04
0.12
0.04
0.12
0.08
0.12
0.08
0.08
0.12
0.04
0.08
0.08
0.04
0.12
0.08
0.04
0.04
0.12
0.08
0.04
0.08
0.12
0.12
0.04
0.04
0.12
0.12
0.11
0.07
0.04
0.04
0.12
0.08
0.12
0.04
0.16
0.08
0.04
0.08
0.12
0.08
0.04
0.08
0.12
0.08
0.04
0.08
0.04
0.16
0.08
0.08
0.12
0.04
0.16
0.12
0.08
0.12
0.08
0.08
0.04
0.08
0.08
0.04
0.12
0.16
0.04
0.08
0.04
0.04
0.04
0.16
0.12
0.12
0.04
0.08
0.11
0.11
0.16
0.16
0.12
0.12
0.08
0.12
0.11
0.15
0.04
0.12
0.08
0.08
0.04
0.12
0.08
0.08
0.12
0.12
0.16
0.20
0.20
0.08
0.04
0.08
0.08
0.04
0.08
0.08
0.08
0.12
0.04
0.08
0.12
0.08
0.04
0.16
0.04
0.08
0.08
0.08
0.12
0.08
0.08
0.12
0.20
0.16
0.08
0.08
0.16
0.16
0.20
0.23
0.46
0.19
0.08
0.12
0.08
0.04
0.12
0.16
0.04
0.04
0.08
0.04
0.04
0.08
0.08
0.12
0.04
0.08
0.08
0.16
0.20
