GUESS    :WALKING
STARTTIME:1289296451235
ENDTIME  :1289296464113
LOCALSPD :-1.0
LONGSPD  :-1.0
LOCATION :Location[mProvider=network,mTime=1289296414831,mLatitude=55.7495664,mLongitude=12.37671915,mHasAltitude=false,mAltitude=0.0,mHasSpeed=false,mSpeed=0.0,mHasBearing=false,mBearing=0.0,mHasAccuracy=true,mAccuracy=50.0,mExtras=Bundle[mParcelledData.dataSize=148]]
ADDRESS :

3.41
4.73
3.26
5.94
10.15
2.87
13.08
8.36
8.20
1.04
5.87
3.42
3.36
2.63
4.25
8.80
17.80
15.69
12.11
6.63
7.27
5.45
4.60
4.88
16.13
19.72
17.69
13.18
11.07
3.55
20.23
22.00
11.65
8.32
8.88
8.21
17.43
16.74
15.70
6.07
6.76
2.75
8.84
3.53
15.64
9.07
6.18
5.95
5.46
0.95
4.63
6.33
6.70
11.52
7.40
14.94
7.61
7.41
0.89
4.93
12.19
3.51
4.17
8.34
6.71
4.99
12.45
6.76
3.91
4.36
4.14
4.54
2.52
7.68
4.75
2.49
11.17
5.12
4.28
1.28
3.94
8.00
5.00
4.37
10.73
3.45
5.91
7.45
5.46
1.10
2.67
3.92
3.84
6.05
8.66
6.91
4.13
9.93
9.47
4.17
2.52
3.11
7.42
15.95
10.66
10.02
2.83
3.61
9.41
8.92
1.43
3.13
3.87
4.52
4.86
9.19
3.72
7.79
7.04
7.61
0.61
3.02
5.86
6.77
5.18
10.28
3.98
4.75
9.81
6.70
1.88
3.98
4.14
4.25
3.87
7.59
3.57
8.50
7.60
3.64
1.43
3.00
6.24
6.71
2.00
6.63
8.20
8.79
11.28
7.14
3.09
1.61
3.06
7.44
5.63
9.40
1.96
9.59
8.73
4.44
2.08
5.82
9.70
2.66
7.67
9.74
3.04
6.67
6.50
4.48
1.27
3.43
3.24
5.64
5.13
7.70
3.95
9.85
6.17
4.47
0.84
4.86
8.66
3.68
3.06
11.69
6.99
11.39
9.14
6.46
1.50
8.85
16.40
3.60
2.26
9.77
7.97
2.49
1.93
6.28
4.60
6.92
1.32
1.88
2.98
4.94
5.56
4.33
10.26
4.73
8.42
9.89
4.97
2.57
3.72
4.39
4.69
1.54
6.28
4.41
2.19
6.39
4.32
2.89
1.24
4.40
7.22
1.61
4.79
10.61
3.45
8.88
9.68
3.87
0.84
3.35
4.20
4.54
2.86
6.37
3.42
8.20
6.32
4.33
0.54
3.76
4.79
6.35
5.87
11.77
3.21
5.15
6.29
2.71
1.06
3.70
