GUESS    :WALKING
STARTTIME:1289296923959
ENDTIME  :1289296936813
LOCALSPD :0.0
LONGSPD  :0.0
LOCATION :Location[mProvider=network,mTime=1289296908029,mLatitude=55.75014398333334,mLongitude=12.37745425,mHasAltitude=false,mAltitude=0.0,mHasSpeed=false,mSpeed=0.0,mHasBearing=false,mBearing=0.0,mHasAccuracy=true,mAccuracy=60.0,mExtras=Bundle[mParcelledData.dataSize=148]]
ADDRESS :

5.55
0.41
0.29
0.43
0.37
0.42
0.12
0.17
0.20
0.26
0.26
0.08
0.36
0.50
0.29
0.20
0.37
0.16
0.15
0.14
0.23
0.31
0.27
0.28
0.84
2.63
0.72
0.30
0.35
0.20
0.43
0.05
0.17
0.10
0.20
0.26
0.19
0.06
0.74
0.04
0.11
0.30
0.08
0.25
0.05
0.42
0.24
0.19
0.20
0.29
0.56
0.51
0.27
0.65
0.20
0.31
0.37
0.16
0.56
0.05
0.11
0.18
0.21
0.52
0.38
0.14
0.24
0.24
0.24
0.16
0.20
0.16
0.11
0.23
0.49
0.69
1.17
0.48
0.58
0.51
0.66
0.25
0.15
0.29
0.23
0.29
0.12
0.08
0.12
0.09
0.37
0.35
0.34
0.07
0.08
0.05
0.17
0.21
0.29
0.21
0.31
0.68
0.38
0.25
0.27
0.40
0.14
0.03
0.02
0.05
0.19
0.11
0.07
0.18
0.15
0.24
0.24
0.35
0.11
0.15
0.13
0.06
0.04
0.18
0.09
0.25
0.45
0.29
