GUESS    :MOVING_SM
STARTTIME:1289297108959
ENDTIME  :1289297122362
LOCALSPD :0.0
LONGSPD  :0.0
LOCATION :Location[mProvider=network,mTime=1289297090515,mLatitude=55.74958615,mLongitude=12.3767289,mHasAltitude=false,mAltitude=0.0,mHasSpeed=false,mSpeed=0.0,mHasBearing=false,mBearing=0.0,mHasAccuracy=true,mAccuracy=50.0,mExtras=Bundle[mParcelledData.dataSize=148]]
ADDRESS :

0.51
0.67
0.52
0.44
0.34
0.25
0.16
0.13
0.16
0.11
0.10
0.13
0.19
0.17
0.14
0.12
0.12
0.13
0.12
0.09
0.07
0.07
0.05
0.02
0.03
0.02
0.02
0.04
0.02
0.03
0.05
0.05
0.09
0.09
0.08
0.08
0.09
0.11
0.07
0.06
0.08
0.06
0.03
0.03
0.05
0.07
0.04
0.08
0.08
0.08
0.07
0.06
0.05
0.05
0.03
0.01
0.03
0.03
0.03
0.02
0.02
0.02
0.02
0.03
0.04
0.04
0.04
0.03
0.03
0.01
0.03
0.04
0.04
0.04
0.02
0.03
0.01
0.02
0.03
0.04
0.06
0.06
0.07
0.08
0.05
0.05
0.04
0.04
0.03
0.04
0.04
0.03
0.04
0.03
0.03
0.02
0.03
0.04
0.05
0.04
0.04
0.05
0.04
0.06
0.09
0.09
0.07
0.07
0.08
0.06
0.06
0.04
0.03
0.03
0.03
0.04
0.03
0.02
0.02
0.03
0.04
0.04
0.03
0.04
0.03
0.02
0.01
0.01
