GUESS    :IDLE
STARTTIME:1289297284663
ENDTIME  :1289297298322
LOCALSPD :0.0
LONGSPD  :0.058391362
LOCATION :Location[mProvider=network,mTime=1289297268238,mLatitude=55.74958026666667,mLongitude=12.376720666666666,mHasAltitude=false,mAltitude=0.0,mHasSpeed=false,mSpeed=0.0,mHasBearing=false,mBearing=0.0,mHasAccuracy=true,mAccuracy=50.0,mExtras=Bundle[mParcelledData.dataSize=148]]
ADDRESS :

0.08
0.12
0.16
0.04
0.25
0.20
0.04
0.16
0.12
0.08
0.04
0.04
0.12
0.12
0.16
0.15
0.07
0.04
0.11
0.14
0.19
0.20
0.04
0.08
0.11
0.22
0.15
0.16
0.16
0.08
0.12
0.12
0.16
0.08
0.04
0.08
0.12
0.16
0.08
0.08
0.08
0.12
0.08
0.12
0.12
0.08
0.12
0.12
0.12
0.04
0.08
0.04
0.04
0.08
0.08
0.12
0.04
0.12
0.16
0.16
0.04
0.12
0.15
0.11
0.12
0.04
0.16
0.08
0.20
0.12
0.04
0.16
0.08
0.12
0.04
0.16
0.08
0.04
0.04
0.04
0.04
0.03
0.15
0.11
0.11
0.11
0.11
0.16
0.04
0.11
0.11
0.19
0.19
0.08
0.19
0.11
0.16
0.08
0.12
0.23
0.15
0.08
0.08
0.15
0.27
0.08
0.04
0.08
0.08
0.12
0.16
0.08
0.08
0.08
0.12
0.16
0.12
0.04
0.16
0.12
0.04
0.04
0.08
0.08
0.04
0.04
0.07
0.15
0.12
0.12
0.08
0.20
0.16
0.25
0.16
0.08
0.12
0.04
0.11
0.15
0.04
0.16
0.16
0.12
0.08
0.15
0.15
0.11
0.22
0.07
0.08
0.16
0.12
0.16
0.08
0.15
0.08
0.07
0.15
0.18
0.19
0.16
0.12
0.04
0.04
0.04
0.12
0.08
0.12
0.04
0.04
0.04
0.12
0.12
0.12
0.12
0.04
0.08
0.16
0.12
0.12
0.11
0.19
0.20
0.11
0.07
0.12
0.16
0.08
0.08
0.08
0.04
0.12
0.12
0.04
0.12
0.08
0.08
0.12
0.08
0.08
0.12
0.04
0.08
0.07
0.14
0.15
0.23
0.08
0.15
0.20
0.16
0.25
0.04
0.12
0.08
0.12
0.16
0.08
0.20
0.08
0.12
0.08
0.04
0.12
0.04
0.07
0.07
0.16
0.11
0.19
0.12
0.16
0.08
0.20
0.20
0.07
0.15
0.08
0.14
0.19
0.37
0.49
0.78
0.79
0.68
0.49
0.63
0.49
0.23
0.46
0.07
0.23
0.27
0.07
0.23
