GUESS    :MOVING_ME
STARTTIME:1290956680236
ENDTIME  :1290956693075
LOCALSPD :0.0
LONGSPD  :0.0
LOCATION :Location[mProvider=network,mTime=1290956671659,mLatitude=55.7503188,mLongitude=12.3744677,mHasAltitude=false,mAltitude=0.0,mHasSpeed=false,mSpeed=0.0,mHasBearing=false,mBearing=0.0,mHasAccuracy=true,mAccuracy=88.0,mExtras=Bundle[mParcelledData.dataSize=148]]
ADDRESS :

1.51
1.11
0.52
0.60
0.25
0.23
0.37
0.37
0.28
0.13
0.22
0.14
0.43
0.44
0.42
0.36
0.20
0.17
0.11
0.11
0.24
0.23
0.11
0.15
0.20
0.15
0.11
0.02
0.06
0.22
0.17
0.22
0.18
0.11
0.14
0.21
0.17
0.26
0.17
0.22
0.04
0.05
0.08
0.12
0.08
0.05
0.05
0.02
0.10
0.07
0.10
0.15
0.16
0.01
0.09
0.16
0.07
0.08
0.17
0.14
0.05
0.15
0.11
0.14
0.20
0.14
0.04
0.11
0.11
0.13
0.15
0.16
0.22
0.13
0.07
0.09
0.08
0.20
0.16
0.16
0.15
0.18
0.21
0.10
0.24
0.23
0.22
0.14
0.12
0.13
0.13
0.05
0.06
0.12
0.13
0.09
0.12
0.08
0.09
0.06
0.11
0.04
0.09
0.13
0.05
0.04
0.10
0.05
0.04
0.09
0.11
0.12
0.05
0.05
0.12
0.04
0.08
0.05
0.09
0.17
0.17
0.08
0.12
0.06
0.07
0.14
0.04
0.05
