GUESS    :MOVING_SM
STARTTIME:1290957044277
ENDTIME  :1290957057125
LOCALSPD :0.0
LONGSPD  :0.0
LOCATION :Location[mProvider=network,mTime=1290957035554,mLatitude=55.7500757,mLongitude=12.3758087,mHasAltitude=false,mAltitude=0.0,mHasSpeed=false,mSpeed=0.0,mHasBearing=false,mBearing=0.0,mHasAccuracy=true,mAccuracy=60.0,mExtras=Bundle[mParcelledData.dataSize=148]]
ADDRESS :

0.42
0.97
0.53
0.52
1.33
0.99
0.53
1.17
0.60
0.46
0.27
1.02
0.34
1.18
1.29
0.89
0.39
0.99
1.27
0.76
1.59
2.60
0.84
1.59
0.83
1.29
0.78
0.86
0.95
0.38
0.61
1.69
1.12
1.31
1.77
1.72
0.83
2.94
2.75
2.11
1.09
2.78
3.84
0.99
0.97
1.69
1.70
2.22
1.25
2.86
0.93
0.76
1.14
0.65
1.14
1.31
1.04
1.10
0.79
1.16
0.95
0.38
0.78
0.89
1.14
0.97
1.27
1.43
0.49
0.33
0.86
0.72
1.04
0.42
0.59
0.38
1.12
0.95
2.11
1.12
2.08
1.33
0.65
0.18
0.50
0.74
0.95
1.72
0.46
1.46
3.23
2.03
1.65
1.23
1.31
0.91
0.30
0.53
0.49
0.41
0.27
0.46
0.59
0.27
0.38
0.26
0.71
0.41
0.23
0.31
0.16
0.54
0.65
0.95
1.08
0.82
0.53
1.50
0.30
0.25
0.31
0.27
0.65
0.19
0.49
0.25
0.61
1.04
0.80
0.23
0.49
0.38
0.26
1.05
0.46
0.71
0.42
0.42
0.41
0.26
0.27
0.59
1.10
1.39
1.63
2.07
1.61
1.40
0.50
1.95
1.40
3.68
0.67
2.22
0.52
0.97
0.94
0.89
1.23
1.50
0.74
0.82
0.71
1.48
0.84
1.01
0.41
0.59
0.64
0.38
1.29
0.74
1.57
1.84
0.68
1.23
0.60
0.64
0.68
0.44
0.34
0.23
0.61
0.37
0.34
0.34
0.34
0.20
0.19
0.15
0.46
0.14
0.31
0.27
0.48
0.20
0.56
0.78
0.61
0.99
1.78
0.34
1.85
1.47
1.51
2.06
0.68
0.84
0.30
0.74
0.61
1.05
0.80
0.95
0.95
1.06
1.04
0.87
1.06
0.76
0.53
1.06
0.35
0.30
0.67
0.41
0.42
0.30
0.38
0.15
0.31
0.34
0.50
0.54
0.18
0.42
0.69
0.19
0.30
0.76
0.94
0.60
0.84
0.91
1.35
2.02
0.93
2.60
1.77
0.72
1.65
1.54
0.44
0.74
0.83
0.59
