GUESS    :MOVING_HI
STARTTIME:1290957203346
ENDTIME  :1290957216585
LOCALSPD :0.0
LONGSPD  :0.11511122
LOCATION :Location[mProvider=network,mTime=1290957215821,mLatitude=55.7505619,mLongitude=12.3731267,mHasAltitude=false,mAltitude=0.0,mHasSpeed=false,mSpeed=0.0,mHasBearing=false,mBearing=0.0,mHasAccuracy=true,mAccuracy=75.0,mExtras=Bundle[mParcelledData.dataSize=148]]
ADDRESS :

4.67
6.54
2.15
1.54
1.43
0.19
0.77
0.23
0.74
1.05
0.75
0.52
0.65
0.64
0.78
0.88
0.98
0.59
0.44
0.73
0.78
0.93
1.10
0.76
0.19
0.06
0.44
0.84
0.88
0.76
0.27
0.46
0.94
0.94
0.81
0.45
0.37
1.05
1.10
0.52
0.39
0.71
0.54
0.47
0.58
0.38
0.19
0.34
0.63
0.55
0.09
0.34
0.20
0.36
0.74
0.55
0.22
0.43
0.34
0.27
0.45
0.32
0.07
0.03
0.12
0.25
0.31
0.26
0.31
0.53
0.57
0.26
0.18
0.50
0.51
0.31
0.16
0.15
0.40
0.59
0.49
0.43
0.56
0.57
0.54
0.55
0.48
0.26
0.60
0.71
0.37
0.29
0.34
0.25
0.43
0.35
0.10
0.47
0.57
0.27
0.11
0.30
0.35
0.34
0.21
0.06
0.18
0.03
0.31
0.64
0.70
0.50
0.20
0.12
0.28
0.30
0.19
0.11
0.16
0.50
0.63
0.34
0.10
0.30
0.31
0.23
0.09
0.25
