GUESS    :WALKING
STARTTIME:1290957282346
ENDTIME  :1290957295155
LOCALSPD :0.0
LONGSPD  :0.10294959
LOCATION :Location[mProvider=network,mTime=1290957259421,mLatitude=55.7505619,mLongitude=12.3731267,mHasAltitude=false,mAltitude=0.0,mHasSpeed=false,mSpeed=0.0,mHasBearing=false,mBearing=0.0,mHasAccuracy=true,mAccuracy=75.0,mExtras=Bundle[mParcelledData.dataSize=148]]
ADDRESS :

5.01
3.84
3.73
5.43
3.41
3.84
1.01
2.79
2.26
1.29
1.70
3.16
5.03
4.02
0.97
3.43
5.71
3.95
2.03
2.96
4.51
1.20
3.24
2.96
5.53
1.08
2.55
3.01
1.88
1.04
2.42
2.86
2.68
2.91
5.75
7.18
4.06
2.57
4.11
1.69
0.84
1.81
2.85
1.91
1.04
3.17
4.90
3.69
0.87
2.60
2.87
1.72
0.63
2.81
2.63
1.01
2.33
5.53
3.83
2.41
3.28
3.13
1.84
0.56
2.94
3.83
1.62
2.33
3.58
4.94
1.27
2.45
1.96
2.44
1.84
0.84
1.72
1.73
2.45
1.36
4.10
2.56
3.49
1.18
1.81
0.80
1.16
0.27
1.72
1.69
1.61
0.54
0.99
2.48
6.40
2.55
3.70
2.78
1.14
0.38
1.31
1.99
0.57
0.49
0.84
0.65
2.03
0.80
1.91
1.61
2.41
3.80
3.12
1.97
0.71
2.57
1.21
1.66
0.44
0.84
1.35
0.64
0.61
0.80
0.95
0.42
0.91
0.95
2.34
2.25
1.58
2.41
1.76
2.27
1.80
1.81
0.61
1.31
1.04
0.61
0.45
0.59
0.60
0.52
1.09
0.45
2.02
3.04
2.64
1.39
3.28
1.25
0.80
0.95
1.27
1.95
1.23
0.84
0.99
0.82
1.21
0.79
1.46
1.99
4.75
2.03
3.76
3.55
0.69
1.17
2.66
2.07
1.95
2.14
2.07
1.29
1.99
0.98
1.24
1.13
1.62
1.59
2.49
5.20
3.02
4.64
2.18
2.52
1.73
1.31
2.64
0.69
0.91
1.95
0.78
0.95
2.64
2.74
5.22
5.22
3.36
1.02
1.62
1.43
0.90
0.78
2.10
0.93
0.69
0.89
0.69
0.57
1.08
0.87
0.34
0.80
0.94
3.57
2.57
0.71
2.52
0.60
0.79
0.63
0.69
1.09
0.90
1.01
1.10
1.96
1.87
3.34
0.82
1.23
0.89
2.37
2.06
1.32
0.42
0.95
0.61
1.14
0.61
0.30
0.68
0.65
0.91
0.95
0.39
1.39
2.07
1.18
1.14
0.86
1.80
0.93
