GUESS    :MOVING_SM
STARTTIME:1290957673706
ENDTIME  :1290957686915
LOCALSPD :0.0
LONGSPD  :0.0
LOCATION :Location[mProvider=network,mTime=1290957675857,mLatitude=55.7505619,mLongitude=12.3731267,mHasAltitude=false,mAltitude=0.0,mHasSpeed=false,mSpeed=0.0,mHasBearing=false,mBearing=0.0,mHasAccuracy=true,mAccuracy=75.0,mExtras=Bundle[mParcelledData.dataSize=148]]
ADDRESS :

1.06
0.40
0.16
0.18
0.25
0.22
0.04
0.07
0.07
0.12
0.01
0.12
0.15
0.11
0.04
0.10
0.09
0.03
0.12
0.09
0.07
0.10
0.13
0.11
0.07
0.16
0.08
0.17
0.11
0.04
0.06
0.10
0.18
0.14
0.08
0.11
0.06
0.15
0.16
0.09
0.11
0.10
0.10
0.07
0.08
0.06
0.08
0.05
0.01
0.07
0.04
0.06
0.13
0.08
0.03
0.07
0.10
0.10
0.06
0.12
0.13
0.04
0.05
0.11
0.11
0.06
0.01
0.10
0.05
0.08
0.06
0.08
0.05
0.04
0.05
0.07
0.02
0.03
0.00
0.03
0.09
0.07
0.01
0.09
0.04
0.03
0.05
0.07
0.11
0.04
0.01
0.10
0.14
0.14
0.09
0.01
0.04
0.10
0.06
0.05
0.04
0.05
0.04
0.04
0.07
0.02
0.05
0.02
0.06
0.07
0.02
0.07
0.10
0.04
0.01
0.07
0.03
0.03
0.03
0.08
0.04
0.05
0.06
0.07
0.03
0.06
0.04
0.07
