GUESS    :MOVING_ME
STARTTIME:1290957751716
ENDTIME  :1290957764620
LOCALSPD :0.0
LONGSPD  :0.0
LOCATION :Location[mProvider=network,mTime=1290957720894,mLatitude=55.7505619,mLongitude=12.3731267,mHasAltitude=false,mAltitude=0.0,mHasSpeed=false,mSpeed=0.0,mHasBearing=false,mBearing=0.0,mHasAccuracy=true,mAccuracy=75.0,mExtras=Bundle[mParcelledData.dataSize=148]]
ADDRESS :

2.07
0.78
0.47
0.37
0.29
0.03
0.21
0.27
0.18
0.46
0.57
0.31
0.35
0.46
0.25
0.33
0.24
0.21
0.15
0.35
0.27
0.15
0.05
0.19
0.10
0.06
0.12
0.16
0.09
0.11
0.04
0.09
0.10
0.16
0.11
0.12
0.27
0.23
0.10
0.10
0.04
0.09
0.13
0.10
0.10
0.09
0.09
0.02
0.08
0.20
0.14
0.06
0.04
0.18
0.03
0.10
0.03
0.12
0.07
0.13
0.01
0.06
0.04
0.14
0.27
0.16
0.11
0.07
0.04
0.05
0.08
0.03
0.12
0.12
0.07
0.10
0.10
0.07
0.07
0.09
0.05
0.07
0.03
0.08
0.09
0.04
0.10
0.15
0.07
0.10
0.18
0.23
0.16
0.14
0.15
0.11
0.11
0.08
0.04
0.04
0.06
0.10
0.09
0.01
0.16
0.08
0.08
0.02
0.07
0.12
0.04
0.19
0.14
0.04
0.07
0.07
0.02
0.07
0.09
0.14
0.05
0.03
0.19
0.10
0.11
0.14
0.15
0.07
