GUESS    :MOVING_ME
STARTTIME:1290957777826
ENDTIME  :1290957790727
LOCALSPD :0.0
LONGSPD  :0.0
LOCATION :Location[mProvider=network,mTime=1290957765960,mLatitude=55.7505619,mLongitude=12.3731267,mHasAltitude=false,mAltitude=0.0,mHasSpeed=false,mSpeed=0.0,mHasBearing=false,mBearing=0.0,mHasAccuracy=true,mAccuracy=75.0,mExtras=Bundle[mParcelledData.dataSize=148]]
ADDRESS :

2.14
0.40
0.81
0.36
0.50
0.41
0.63
0.40
0.29
0.31
0.28
0.38
0.24
0.38
0.15
0.53
0.39
0.36
0.20
0.42
0.22
0.29
0.24
0.30
0.11
0.44
0.24
0.08
0.16
0.19
0.16
0.29
0.13
0.24
0.14
0.23
0.23
0.30
0.35
0.07
0.32
0.16
0.27
0.05
0.24
0.16
0.21
0.15
0.14
0.10
0.18
0.08
0.09
0.02
0.17
0.08
0.11
0.10
0.07
0.08
0.14
0.10
0.11
0.10
0.18
0.09
0.13
0.10
0.05
0.05
0.07
0.11
0.11
0.10
0.17
0.07
0.07
0.13
0.04
0.08
0.10
0.23
0.22
0.19
0.05
0.16
0.19
0.12
0.12
0.11
0.08
0.23
0.05
0.08
0.13
0.10
0.00
0.14
0.10
0.06
0.21
0.14
0.16
0.12
0.08
0.04
0.21
0.14
0.05
0.06
0.14
0.20
0.10
0.21
0.29
0.25
0.14
0.29
0.31
0.31
0.09
0.18
0.18
0.19
0.11
0.05
0.13
0.17
