GUESS    :WALKING
STARTTIME:1290958195587
ENDTIME  :1290958208456
LOCALSPD :0.0
LONGSPD  :0.0
LOCATION :Location[mProvider=network,mTime=1290958173607,mLatitude=55.750961,mLongitude=12.37149,mHasAltitude=false,mAltitude=0.0,mHasSpeed=false,mSpeed=0.0,mHasBearing=false,mBearing=0.0,mHasAccuracy=true,mAccuracy=607.0,mExtras=Bundle[mParcelledData.dataSize=148]]
ADDRESS :

2.71
0.61
0.49
0.30
0.23
0.30
0.14
0.26
0.25
0.22
0.24
0.06
0.03
0.22
0.14
0.14
0.07
0.09
0.31
0.28
0.09
0.04
0.81
0.36
0.06
0.14
0.16
0.10
0.06
0.13
0.25
0.14
0.08
0.12
0.10
0.04
0.09
0.05
0.05
0.18
0.07
0.14
0.14
0.03
0.22
0.15
0.13
0.10
0.09
0.10
0.09
0.06
0.25
0.03
0.19
0.11
0.09
0.18
0.05
0.02
0.14
0.18
0.08
0.09
0.05
0.14
0.08
0.32
0.12
0.11
0.18
0.07
0.22
0.15
0.17
0.20
0.09
0.08
0.12
0.04
0.16
0.13
0.05
0.05
0.15
0.04
0.12
0.02
0.08
0.21
0.03
0.18
0.13
0.16
0.14
0.16
0.09
0.16
0.07
0.08
0.11
0.11
0.16
0.31
0.04
0.09
0.21
0.24
0.09
0.21
0.06
0.17
0.18
0.13
0.19
0.28
0.17
0.18
0.12
0.10
0.09
0.10
0.14
0.22
0.11
0.18
0.19
0.09
