GUESS    :MOVING_SM
STARTTIME:1290958416697
ENDTIME  :1290958429525
LOCALSPD :0.0
LONGSPD  :0.0
LOCATION :Location[mProvider=network,mTime=1290958410383,mLatitude=55.74954233999999,mLongitude=12.37662388,mHasAltitude=false,mAltitude=0.0,mHasSpeed=false,mSpeed=0.0,mHasBearing=false,mBearing=0.0,mHasAccuracy=true,mAccuracy=50.0,mExtras=Bundle[mParcelledData.dataSize=148]]
ADDRESS :

7.01
6.97
3.55
1.74
1.72
2.40
1.69
0.89
1.76
0.97
1.28
0.99
1.46
2.03
4.55
5.83
3.72
1.88
2.10
1.48
1.27
0.35
1.01
1.73
0.64
3.12
0.89
0.99
0.59
1.85
1.76
0.76
1.95
1.48
0.68
2.07
0.50
0.75
1.48
0.61
2.29
1.99
1.27
1.72
0.63
1.29
1.39
0.80
0.60
0.78
2.38
3.27
3.69
3.19
1.40
0.69
0.15
0.46
0.63
1.70
1.29
2.23
0.84
0.95
0.19
0.34
0.26
0.67
0.93
0.63
1.42
2.00
1.76
1.68
1.65
0.94
2.23
1.55
1.38
0.50
0.54
1.36
0.84
1.29
2.32
1.46
1.12
0.67
1.01
0.57
0.65
0.15
0.27
0.93
1.44
0.83
0.74
0.16
0.35
0.31
0.16
0.15
0.23
0.35
1.23
1.63
3.30
1.33
2.49
0.35
1.58
0.49
1.51
1.23
0.29
0.93
1.21
2.02
2.64
1.40
1.51
0.27
0.35
0.46
0.27
0.26
0.12
0.12
0.31
0.23
0.87
0.68
0.76
0.79
0.54
0.99
0.46
1.14
0.57
1.14
0.33
2.22
1.04
1.35
0.68
2.34
3.76
2.18
3.66
1.91
3.70
1.58
0.93
0.23
0.08
0.78
0.27
0.74
0.34
0.89
1.12
1.20
0.42
0.63
0.42
0.37
0.35
0.63
0.25
0.42
0.16
0.31
0.54
0.80
0.33
0.35
0.15
0.50
0.39
0.49
0.49
0.76
0.10
0.78
0.35
0.19
0.44
0.12
0.38
0.33
0.23
0.23
0.16
0.25
0.44
0.69
0.08
0.54
0.50
1.10
2.27
0.74
1.12
0.91
0.86
0.76
0.22
0.93
1.25
2.11
0.59
0.93
0.57
0.19
0.23
0.38
0.08
0.50
0.67
0.91
0.38
1.10
1.04
0.60
1.66
1.46
0.72
0.68
0.89
0.22
0.16
0.15
0.42
0.46
1.57
1.12
2.25
0.86
2.76
0.12
1.69
0.99
1.38
0.38
0.56
0.33
0.78
0.41
0.45
0.15
0.37
1.77
0.84
1.31
1.65
3.19
