GUESS    :MOVING_SM
STARTTIME:1290958863826
ENDTIME  :1290958876985
LOCALSPD :0.0
LONGSPD  :0.0
LOCATION :Location[mProvider=network,mTime=1290958851103,mLatitude=55.74950521428572,mLongitude=12.376567600000001,mHasAltitude=false,mAltitude=0.0,mHasSpeed=false,mSpeed=0.0,mHasBearing=false,mBearing=0.0,mHasAccuracy=true,mAccuracy=50.0,mExtras=Bundle[mParcelledData.dataSize=148]]
ADDRESS :

2.00
0.93
1.42
0.86
1.62
0.30
0.63
1.18
0.78
1.54
1.20
4.37
3.17
1.46
1.58
2.02
1.96
0.99
0.78
0.39
0.69
0.93
1.96
2.81
1.24
3.80
3.45
2.78
2.44
1.70
1.88
1.06
0.95
0.44
0.57
0.83
1.42
0.69
1.14
1.39
4.78
2.26
1.20
2.11
2.83
1.68
1.54
0.46
0.34
0.95
2.03
2.17
0.89
2.07
4.18
1.04
1.08
1.40
1.77
0.74
0.80
1.23
2.98
2.96
5.98
1.31
1.35
2.96
1.61
1.33
1.05
0.15
0.53
0.67
1.61
0.39
0.90
0.57
0.27
1.08
0.44
0.76
0.34
0.72
0.27
0.34
0.22
0.39
0.19
0.42
0.31
0.69
0.52
0.65
0.16
0.22
0.15
0.27
1.09
0.37
0.46
0.37
0.76
0.49
0.45
0.67
0.46
0.27
0.31
0.33
0.12
0.23
0.27
0.12
0.12
0.20
0.15
0.07
0.04
0.03
0.15
0.11
0.19
0.15
0.04
0.04
0.15
0.04
0.19
0.12
0.30
0.23
0.12
0.20
0.12
0.15
0.12
0.11
0.19
0.08
0.20
0.05
0.03
0.27
0.12
0.23
0.08
0.04
0.29
0.29
0.12
0.15
0.15
0.04
0.15
0.19
0.08
0.08
0.12
0.04
0.16
0.11
0.07
0.08
0.04
0.07
0.11
0.03
0.04
0.11
0.04
0.07
0.04
0.22
0.12
0.12
0.08
0.16
0.04
0.08
0.12
0.08
0.16
0.12
0.08
0.12
0.12
0.12
0.12
0.35
0.35
0.23
0.19
0.07
0.30
0.19
0.38
0.11
0.31
0.11
0.20
0.39
0.15
0.08
0.16
0.12
0.26
0.11
0.07
0.45
0.12
0.12
0.11
0.12
0.19
0.14
0.07
0.19
0.08
0.11
0.11
0.05
0.05
0.04
0.07
0.04
0.07
0.15
0.11
0.15
0.08
0.08
0.04
0.03
0.18
0.11
0.18
0.10
0.07
0.07
0.07
0.07
0.14
0.14
0.16
0.16
0.12
0.12
0.16
0.07
0.11
0.15
0.07
0.08
0.15
0.08
