GUESS    :MOVING_ME
STARTTIME:1290959207226
ENDTIME  :1290959220077
LOCALSPD :0.0
LONGSPD  :0.0
LOCATION :Location[mProvider=network,mTime=1290959176352,mLatitude=55.749565625,mLongitude=12.376558525000002,mHasAltitude=false,mAltitude=0.0,mHasSpeed=false,mSpeed=0.0,mHasBearing=false,mBearing=0.0,mHasAccuracy=true,mAccuracy=50.0,mExtras=Bundle[mParcelledData.dataSize=148]]
ADDRESS :

2.23
1.77
1.67
0.70
0.58
0.27
0.39
0.45
0.19
0.62
0.26
0.45
0.46
0.34
0.39
0.28
0.56
0.31
0.35
0.19
0.45
0.38
0.35
0.32
0.06
0.19
0.30
0.47
0.14
0.58
0.38
0.39
0.31
0.26
0.35
0.07
0.19
0.07
0.22
0.33
0.38
0.49
0.35
0.47
0.25
0.55
0.24
0.36
0.18
0.24
0.27
0.19
0.17
0.05
0.21
0.02
0.29
0.12
0.26
0.12
0.20
0.22
0.10
0.15
0.18
0.12
0.17
0.11
0.05
0.10
0.21
0.08
0.07
0.16
0.10
0.14
0.05
0.10
0.17
0.16
0.10
0.18
0.06
0.20
0.03
0.12
0.02
0.22
0.10
0.17
0.13
0.18
0.04
0.20
0.19
0.11
0.22
0.11
0.27
0.12
0.16
0.13
0.02
0.09
0.08
0.11
0.08
0.19
0.16
0.10
0.14
0.10
0.06
0.13
0.09
0.11
0.05
0.17
0.10
0.20
0.13
0.08
0.02
0.12
0.06
0.10
0.09
0.26
