GUESS    :WALKING
STARTTIME:1290955662147
ENDTIME  :1290955674985
LOCALSPD :0.0
LONGSPD  :0.0
LOCATION :Location[mProvider=network,mTime=1290955636091,mLatitude=55.7495653,mLongitude=12.3766923,mHasAltitude=false,mAltitude=0.0,mHasSpeed=false,mSpeed=0.0,mHasBearing=false,mBearing=0.0,mHasAccuracy=true,mAccuracy=89.0,mExtras=Bundle[mParcelledData.dataSize=148]]
ADDRESS :

2.81
1.00
0.76
0.43
0.27
0.49
0.22
0.20
0.14
0.04
0.07
0.41
0.21
0.22
0.14
0.28
0.02
0.20
0.19
0.19
0.25
0.05
0.88
0.75
0.16
0.19
0.03
0.16
0.05
0.21
0.13
0.10
0.09
0.14
0.08
0.35
0.01
0.13
0.04
0.16
0.13
0.07
0.08
0.23
0.18
0.40
0.15
0.19
0.11
0.07
0.07
0.14
0.18
0.10
0.18
0.19
0.18
0.13
0.13
0.15
0.21
0.16
0.11
0.11
0.22
0.15
0.14
0.45
0.17
0.15
0.18
0.13
0.18
0.17
0.15
0.04
0.09
0.17
0.24
0.17
0.14
0.07
0.14
0.09
0.08
0.04
0.15
0.18
0.08
0.37
0.40
0.13
0.16
0.28
0.04
0.20
0.16
0.12
0.04
0.17
0.23
0.21
0.06
0.24
0.11
0.18
0.13
0.10
0.12
0.11
0.07
0.05
0.13
0.09
0.15
0.04
0.20
0.20
0.05
0.09
0.18
0.06
0.12
0.21
0.14
0.28
0.02
0.07
