GUESS    :WALKING
STARTTIME:1290955740558
ENDTIME  :1290955753407
LOCALSPD :0.11577822
LONGSPD  :0.0
LOCATION :Location[mProvider=network,mTime=1290955730099,mLatitude=55.7503514,mLongitude=12.37572765,mHasAltitude=false,mAltitude=0.0,mHasSpeed=false,mSpeed=0.0,mHasBearing=false,mBearing=0.0,mHasAccuracy=true,mAccuracy=60.0,mExtras=Bundle[mParcelledData.dataSize=148]]
ADDRESS :

2.18
2.70
2.64
2.71
0.35
2.91
11.77
7.64
4.48
5.39
3.95
2.76
1.39
2.11
5.98
4.48
2.90
5.52
4.55
8.80
5.71
3.98
1.69
0.78
2.87
2.10
2.68
3.42
3.24
7.21
4.84
4.48
5.57
3.45
3.26
1.04
4.86
6.78
2.87
9.68
8.47
5.08
8.84
4.94
2.63
1.88
0.74
2.79
5.52
4.66
2.56
7.06
7.04
6.09
8.80
4.21
4.21
2.72
5.83
5.57
0.69
4.39
8.02
3.88
9.21
8.31
3.75
1.96
2.45
3.00
2.67
5.43
2.79
7.31
6.70
8.73
6.78
4.48
2.33
2.03
3.65
6.59
3.08
1.29
6.40
6.63
6.27
4.11
3.36
2.10
4.37
2.37
1.88
5.57
1.69
4.56
5.45
6.05
2.91
3.50
2.55
1.01
1.65
1.73
5.94
2.08
2.57
9.03
7.83
6.39
2.23
0.94
2.29
0.98
1.33
2.29
3.43
3.17
5.28
6.13
3.20
7.56
4.05
2.34
1.23
3.95
3.15
2.81
4.21
3.66
8.06
5.07
4.99
1.14
1.51
1.02
1.80
0.50
2.81
3.00
3.34
6.16
2.18
5.09
2.85
0.69
4.71
3.35
2.56
2.52
4.15
5.13
0.95
8.01
5.88
5.09
3.70
2.10
1.95
0.76
2.42
1.72
2.37
3.75
3.41
4.78
4.97
1.85
5.87
2.25
1.04
3.51
3.70
2.94
2.30
4.40
5.09
6.27
2.64
2.64
2.03
0.76
3.54
4.14
0.84
3.21
2.79
3.41
6.88
7.14
8.24
7.46
6.01
3.90
2.96
5.13
1.51
7.82
3.90
5.48
5.48
6.67
2.52
4.14
1.18
1.88
2.33
2.15
2.36
1.35
2.91
2.41
5.01
4.44
4.89
5.86
4.93
4.24
1.46
2.60
4.88
3.38
2.11
3.96
5.35
4.18
2.22
3.83
4.32
0.72
2.30
2.56
4.71
3.47
3.46
4.60
6.63
2.72
4.20
3.69
4.18
3.60
3.60
5.03
7.01
1.88
3.06
8.84
7.08
12.75
4.13
1.87
2.56
3.42
2.59
4.07
