GUESS    :MOVING_SM
STARTTIME:1290956053136
ENDTIME  :1290956066245
LOCALSPD :0.0
LONGSPD  :0.0
LOCATION :Location[mProvider=network,mTime=1290956041522,mLatitude=55.749766199999996,mLongitude=12.37519275,mHasAltitude=false,mAltitude=0.0,mHasSpeed=false,mSpeed=0.0,mHasBearing=false,mBearing=0.0,mHasAccuracy=true,mAccuracy=95.0,mExtras=Bundle[mParcelledData.dataSize=148]]
ADDRESS :

0.08
0.12
0.25
0.12
0.19
0.07
0.12
0.22
0.03
0.08
0.11
0.07
0.12
0.35
0.27
0.16
0.25
0.31
0.19
0.15
0.15
0.27
0.31
0.08
0.16
0.23
0.08
0.12
0.12
0.19
0.22
0.11
0.18
0.26
0.23
0.31
0.11
0.37
0.38
0.20
0.15
0.22
0.05
0.23
0.27
0.11
0.14
0.19
0.26
0.08
0.25
0.31
0.16
0.04
0.08
0.20
0.08
0.08
0.07
0.19
0.11
0.12
0.07
0.15
0.03
0.12
0.12
0.04
0.08
0.12
0.16
0.19
0.07
0.04
0.08
0.16
0.12
0.08
0.16
0.27
0.15
0.08
0.16
0.12
0.29
0.37
0.37
0.34
0.12
0.25
0.27
0.20
0.12
0.19
0.11
0.11
1.01
1.80
0.69
2.38
0.84
1.08
0.61
0.56
1.68
0.53
1.18
1.36
1.10
2.72
3.69
2.66
1.95
1.66
0.57
0.93
0.61
0.45
0.79
0.30
0.57
0.41
0.19
0.08
0.12
0.08
0.27
0.31
0.08
0.16
0.27
0.22
0.25
0.48
0.34
0.23
0.27
0.19
0.34
0.27
0.15
0.03
0.10
0.11
0.16
0.08
0.11
0.11
0.14
0.11
0.04
0.19
0.23
0.19
0.07
0.20
0.23
0.20
0.04
0.04
0.04
0.08
0.04
0.04
0.07
0.07
0.15
0.04
0.04
0.08
0.20
0.12
0.19
0.11
0.19
0.23
0.18
0.11
0.35
0.23
0.08
0.25
0.23
0.26
0.08
0.12
0.16
0.04
0.11
0.11
0.04
0.12
0.10
0.18
0.15
0.10
0.04
0.08
0.26
0.16
0.18
0.30
0.08
0.12
0.08
0.08
0.04
0.08
0.08
0.08
0.16
0.12
0.12
0.16
0.25
0.20
0.08
0.16
0.12
0.03
0.14
0.08
0.14
0.16
0.05
0.08
0.03
0.04
0.07
0.22
0.11
0.11
0.29
0.14
0.04
0.08
0.04
0.04
0.08
0.08
0.04
0.07
0.07
0.12
0.11
0.27
0.20
0.20
0.25
0.16
0.16
0.08
0.04
0.04
0.08
0.08
