GUESS    :MOVING_SM
STARTTIME:1288186844087
ENDTIME  :1288186857056
LOCALSPD :0.0
LONGSPD  :12.310858
LOCATION :Location[mProvider=network,mTime=1288186803675,mLatitude=55.766716,mLongitude=12.519138,mHasAltitude=false,mAltitude=0.0,mHasSpeed=false,mSpeed=0.0,mHasBearing=false,mBearing=0.0,mHasAccuracy=true,mAccuracy=1160.0,mExtras=Bundle[mParcelledData.dataSize=148]]
ADDRESS :

0.78
1.50
0.15
0.83
0.27
0.50
0.64
0.74
0.63
0.23
0.57
0.80
0.80
0.38
0.54
0.16
0.34
0.31
0.27
0.18
0.34
0.68
1.92
0.39
0.53
0.49
0.59
0.38
0.27
0.78
0.42
0.68
0.80
0.52
1.02
0.38
0.22
0.20
0.72
0.23
0.68
0.64
1.01
1.46
0.98
1.35
0.50
1.06
0.39
0.49
0.41
0.69
0.61
0.57
1.04
0.54
1.08
0.53
0.90
0.49
0.42
0.46
0.27
0.34
0.26
0.80
0.50
0.38
0.46
0.46
0.74
0.82
0.53
0.46
0.68
0.30
0.30
0.41
0.27
0.22
0.15
0.23
0.46
0.34
0.42
0.42
0.39
0.38
0.57
0.34
0.23
0.93
0.98
0.76
0.49
0.23
0.57
0.11
0.16
0.23
0.19
0.37
0.27
0.93
0.84
0.69
0.53
0.59
0.16
0.26
0.46
1.04
0.82
0.94
0.89
1.40
1.54
0.83
1.10
0.50
0.87
0.68
0.61
0.42
0.78
0.25
0.69
2.00
1.46
1.08
1.01
1.54
1.77
0.89
1.43
1.74
1.17
1.25
0.83
0.33
1.12
0.57
0.80
0.74
0.65
0.52
0.59
1.20
0.74
1.04
0.46
0.94
0.57
0.83
0.74
0.91
0.63
0.97
0.54
0.52
0.64
0.84
0.50
0.99
0.31
1.47
0.71
1.27
0.74
0.80
0.41
0.27
0.65
0.65
1.54
0.60
0.50
0.91
2.30
0.25
1.35
0.69
0.91
0.27
0.57
0.35
0.95
0.22
0.76
0.16
0.56
0.75
1.01
0.98
0.72
0.30
0.59
0.80
0.30
0.65
0.37
1.08
0.80
0.79
1.72
1.27
2.29
1.33
1.55
2.07
0.99
1.43
0.67
0.72
0.76
0.69
0.38
0.46
0.39
0.65
0.69
0.76
0.78
0.98
0.84
1.12
1.48
1.29
1.02
0.93
1.05
0.31
0.60
0.35
0.48
0.79
0.26
0.72
0.18
0.68
0.57
1.35
0.53
1.21
0.56
0.26
0.49
0.39
1.12
1.24
0.25
0.97
0.29
0.42
0.31
0.27
