GUESS    :MOVING_SM
STARTTIME:1288185592617
ENDTIME  :1288185605546
LOCALSPD :0.0
LONGSPD  :-1.0
LOCATION :Location[mProvider=network,mTime=1288185569021,mLatitude=55.746336,mLongitude=12.384762,mHasAltitude=false,mAltitude=0.0,mHasSpeed=false,mSpeed=0.0,mHasBearing=false,mBearing=0.0,mHasAccuracy=true,mAccuracy=810.0,mExtras=Bundle[mParcelledData.dataSize=148]]
ADDRESS :

0.27
0.12
0.52
0.59
0.26
0.68
0.38
0.38
0.15
0.57
0.59
0.61
1.01
0.46
0.39
0.20
0.23
0.31
0.49
0.56
0.48
1.04
0.74
1.42
0.87
0.30
0.57
0.38
0.68
1.01
0.52
0.57
1.08
1.80
1.38
1.58
0.98
1.25
0.74
0.90
1.21
1.65
1.01
1.92
0.95
1.57
0.86
0.63
0.49
0.42
0.91
0.44
0.69
0.86
0.46
0.57
1.21
0.30
0.68
0.61
0.23
0.45
0.57
0.65
0.42
0.31
1.02
0.84
0.69
0.76
0.76
1.10
0.50
0.50
1.23
0.44
0.26
0.23
0.08
0.42
0.19
0.60
0.15
0.12
0.33
0.22
0.15
0.14
0.04
0.05
0.05
0.19
0.16
0.53
0.74
0.19
0.41
0.19
0.22
0.30
0.25
0.29
0.12
0.19
0.11
0.20
0.38
0.35
0.65
0.74
0.34
0.64
0.60
0.52
0.89
1.35
0.65
0.30
0.19
0.38
0.50
0.57
0.57
0.57
0.89
2.86
5.79
9.72
2.15
0.87
3.51
1.04
2.64
2.26
0.65
1.09
0.93
0.87
1.43
1.35
1.44
1.46
1.04
0.60
0.31
0.78
1.69
1.65
0.54
1.84
1.38
1.39
0.64
0.61
0.99
1.06
2.30
0.42
0.99
0.91
0.65
0.97
0.53
1.53
1.53
1.76
0.99
0.54
0.12
0.65
0.93
0.61
0.84
0.41
1.73
0.72
0.74
1.57
0.93
0.19
0.49
1.10
0.72
1.02
0.76
1.18
2.49
2.45
1.50
1.53
1.35
0.82
0.83
0.59
0.41
0.56
1.42
1.02
1.61
1.47
0.86
0.76
0.69
0.23
0.57
0.64
1.46
0.64
2.17
1.62
1.32
0.49
0.83
0.99
1.70
1.02
1.50
4.17
1.87
2.49
0.91
1.42
1.48
1.55
1.28
1.89
0.75
1.31
1.12
1.72
1.38
0.19
0.98
0.72
0.59
0.54
0.72
0.44
0.42
0.46
0.31
0.57
0.19
0.54
0.19
0.31
0.57
0.46
0.42
0.50
0.18
0.48
0.33
0.50
0.42
0.49
