GUESS    :MOVING_ME
STARTTIME:1288185947518
ENDTIME  :1288185960386
LOCALSPD :0.015890969
LONGSPD  :0.36266643
LOCATION :Location[mProvider=network,mTime=1288185936232,mLatitude=55.749666,mLongitude=12.3808557,mHasAltitude=false,mAltitude=0.0,mHasSpeed=false,mSpeed=0.0,mHasBearing=false,mBearing=0.0,mHasAccuracy=true,mAccuracy=51.0,mExtras=Bundle[mParcelledData.dataSize=148]]
ADDRESS :

1.63
0.80
0.90
1.32
2.02
0.74
1.23
1.27
3.01
2.00
0.61
1.06
0.57
0.23
0.83
0.65
0.89
0.99
0.94
0.59
0.53
0.93
0.82
0.68
1.20
0.46
0.82
0.56
0.27
0.56
1.47
0.89
1.38
0.97
0.63
0.87
0.76
0.94
0.78
0.23
0.49
0.46
0.50
0.57
0.31
0.57
0.91
0.50
0.54
0.52
0.10
0.44
0.34
0.33
0.18
0.60
0.39
0.72
1.05
0.49
0.79
0.16
0.42
0.45
0.35
0.27
0.37
0.25
0.20
0.31
0.38
0.34
0.46
0.61
0.76
0.41
0.61
0.61
0.53
0.42
0.19
0.68
0.69
0.46
0.76
1.04
1.95
2.96
2.86
1.38
2.00
1.40
1.04
0.42
0.93
0.69
0.59
0.94
1.24
0.82
1.65
1.76
2.18
2.41
2.49
1.88
1.05
2.02
1.74
2.75
3.66
1.77
1.73
1.91
1.39
1.42
0.80
1.65
1.04
1.18
2.03
3.85
5.18
10.34
6.09
5.13
2.45
1.21
3.41
6.93
3.64
7.82
2.17
2.63
5.12
4.41
1.31
2.45
1.54
1.06
1.18
3.08
2.60
2.36
1.63
1.81
1.23
0.57
0.30
1.42
0.86
1.51
0.78
0.91
0.84
0.53
0.79
0.65
0.95
0.39
0.83
0.52
0.42
0.23
0.49
0.64
0.15
0.23
0.19
0.50
0.35
0.41
0.44
1.29
0.27
0.67
0.34
0.37
0.72
0.29
0.89
0.65
0.29
0.61
1.05
0.71
0.35
0.60
0.39
0.53
0.46
1.23
0.95
1.35
1.35
0.50
0.69
0.74
0.65
0.53
1.28
0.75
0.71
0.65
1.36
1.25
0.89
1.10
1.32
1.62
1.58
0.72
1.53
0.50
1.92
1.80
0.65
1.42
0.95
1.50
1.46
1.17
0.69
0.98
1.23
1.02
0.64
1.47
0.76
2.08
1.31
0.93
1.73
1.21
3.05
2.64
1.33
2.30
1.36
1.97
2.45
0.91
2.21
2.26
1.18
0.53
0.35
0.26
0.98
1.47
0.89
0.95
0.46
0.59
0.49
0.45
