GUESS    :MOVING_SM
STARTTIME:1288186297397
ENDTIME  :1288186310537
LOCALSPD :0.0
LONGSPD  :3.1076267
LOCATION :Location[mProvider=network,mTime=1288186255057,mLatitude=55.742269,mLongitude=12.406144,mHasAltitude=false,mAltitude=0.0,mHasSpeed=false,mSpeed=0.0,mHasBearing=false,mBearing=0.0,mHasAccuracy=true,mAccuracy=728.0,mExtras=Bundle[mParcelledData.dataSize=148]]
ADDRESS :

0.25
0.65
0.29
0.27
0.19
0.04
0.20
0.12
0.46
0.12
0.61
0.50
0.15
0.30
0.38
0.53
0.39
0.30
0.12
0.39
0.63
0.38
0.16
0.26
0.18
0.33
0.38
0.31
0.57
0.54
0.19
0.49
0.11
0.30
0.15
0.07
0.45
0.19
0.76
0.42
0.59
0.30
0.82
0.60
0.35
0.25
0.19
0.49
0.38
0.80
0.89
0.22
0.34
0.22
0.34
0.22
0.08
0.34
0.11
0.12
0.07
0.33
0.20
0.14
0.37
0.08
0.26
0.19
0.31
0.11
0.27
0.30
0.12
0.19
0.15
0.26
0.04
0.26
0.12
0.19
0.03
0.04
0.23
0.19
0.23
0.07
0.23
0.15
0.08
0.12
0.30
0.23
0.30
0.19
0.34
0.19
0.34
0.07
0.22
0.16
0.11
0.30
0.19
0.08
0.22
0.19
0.23
0.20
0.35
0.20
0.08
0.23
0.15
0.19
0.22
0.16
0.31
0.23
0.41
0.22
0.12
0.42
0.57
0.65
0.53
0.45
0.31
0.76
0.41
0.29
0.26
0.12
0.27
0.23
0.31
0.84
0.46
0.46
0.99
0.65
1.12
0.61
1.14
0.78
0.49
0.53
0.30
0.89
0.99
2.83
3.60
0.83
0.38
1.33
1.25
1.76
2.18
0.69
1.50
2.03
0.38
1.48
0.61
1.12
0.29
1.48
0.19
0.69
0.44
0.78
0.60
0.57
0.42
0.50
0.57
0.53
0.50
0.41
0.33
0.30
0.11
0.12
0.12
0.08
0.04
0.08
0.27
0.12
0.07
0.19
0.08
0.04
0.08
0.19
0.07
0.04
0.04
0.08
0.19
0.29
0.04
0.20
0.11
0.11
0.11
0.15
0.08
0.20
0.19
0.16
0.16
0.04
0.08
0.04
0.12
0.08
0.04
0.04
0.08
0.12
0.07
0.11
0.12
0.19
0.15
0.08
0.04
0.04
0.11
0.11
0.04
0.04
0.08
0.08
0.15
0.03
0.04
0.08
0.12
0.20
0.08
0.04
0.15
0.12
0.22
0.18
0.15
0.12
0.27
0.20
0.19
0.12
0.46
0.07
0.34
0.48
