GUESS    :MOVING_SM
STARTTIME:1288186338607
ENDTIME  :1288186351566
LOCALSPD :7.472238
LONGSPD  :5.206631
LOCATION :Location[mProvider=network,mTime=1288186330526,mLatitude=55.7440395,mLongitude=12.4144184,mHasAltitude=false,mAltitude=0.0,mHasSpeed=false,mSpeed=0.0,mHasBearing=false,mBearing=0.0,mHasAccuracy=true,mAccuracy=60.0,mExtras=Bundle[mParcelledData.dataSize=148]]
ADDRESS :

0.44
0.07
0.06
0.05
0.07
0.07
0.11
0.04
0.05
0.04
0.05
0.07
0.03
0.06
0.01
0.06
0.07
0.01
0.01
0.04
0.02
0.03
0.02
0.01
0.03
0.01
0.02
0.02
0.01
0.04
0.01
0.02
0.02
0.01
0.03
0.01
0.02
0.02
0.03
0.00
0.03
0.02
0.04
0.03
0.01
0.01
0.02
0.05
0.02
0.02
0.03
0.01
0.01
0.01
0.03
0.03
0.02
0.04
0.01
0.02
0.01
0.02
0.04
0.02
0.05
0.03
0.03
0.02
0.03
0.01
0.02
0.04
0.02
0.03
0.01
0.01
0.02
0.02
0.03
0.02
0.01
0.05
0.04
0.03
0.05
0.01
0.03
0.02
0.02
0.02
0.01
0.02
0.01
0.02
0.02
0.01
0.02
0.02
0.01
0.01
0.05
0.01
0.04
0.04
0.01
0.03
0.01
0.03
0.04
0.04
0.01
0.01
0.03
0.01
0.01
0.02
0.01
0.02
0.01
0.05
0.02
0.04
0.04
0.02
0.05
0.04
0.02
0.06
