GUESS    :MOVING_SM
STARTTIME:1288185538987
ENDTIME  :1288185552516
LOCALSPD :0.0
LONGSPD  :-1.0
LOCATION :Location[mProvider=network,mTime=1288185509028,mLatitude=55.746336,mLongitude=12.384762,mHasAltitude=false,mAltitude=0.0,mHasSpeed=false,mSpeed=0.0,mHasBearing=false,mBearing=0.0,mHasAccuracy=true,mAccuracy=810.0,mExtras=Bundle[mParcelledData.dataSize=148]]
ADDRESS :

0.20
0.15
0.08
0.03
0.37
0.20
0.23
0.19
0.42
0.31
0.19
0.30
0.18
0.22
0.46
0.30
0.65
0.65
0.49
0.34
0.53
0.41
0.35
0.46
0.76
0.34
0.46
0.23
0.48
0.23
0.54
0.49
0.71
0.42
1.32
0.76
0.53
0.26
0.34
0.35
0.87
0.65
0.33
0.23
0.45
0.31
0.34
0.27
0.18
0.20
0.49
0.65
0.59
1.14
0.69
0.68
0.29
0.35
0.57
1.02
0.14
0.53
0.93
0.83
0.98
0.93
0.86
0.42
0.89
0.31
0.53
0.86
1.10
0.31
0.60
0.95
0.98
0.27
0.46
0.48
0.68
0.50
1.57
0.93
0.90
1.08
1.39
0.08
0.64
0.16
0.16
0.48
0.42
0.99
1.05
1.74
1.08
1.39
1.66
0.89
1.73
0.50
1.47
0.57
0.78
1.20
1.97
0.61
2.06
0.75
1.96
0.42
1.27
0.87
0.49
0.74
0.94
0.84
1.05
0.53
0.78
0.30
0.23
0.12
0.12
0.08
0.15
0.16
0.27
0.27
0.35
0.19
0.27
0.50
0.42
0.15
0.26
0.27
0.56
0.52
0.18
0.34
0.11
0.07
0.35
0.22
0.08
0.31
0.34
0.27
0.25
0.46
0.25
0.38
0.98
0.44
0.84
5.82
2.83
2.45
1.76
1.65
0.57
2.17
0.26
0.61
0.57
0.67
0.69
0.23
0.20
0.11
0.08
0.20
0.19
0.19
0.12
0.34
0.07
0.23
0.20
0.16
0.04
0.08
0.11
0.04
0.15
0.30
0.38
0.20
0.27
0.19
0.12
0.12
0.16
0.04
0.20
0.07
0.23
0.56
0.42
0.31
0.22
0.38
0.48
0.72
0.54
1.95
0.68
1.50
1.04
0.26
0.91
0.49
0.26
1.04
0.71
0.84
0.82
0.64
0.42
0.63
0.76
1.48
1.95
1.36
1.05
0.98
0.60
0.83
0.48
0.46
0.68
0.46
0.33
0.46
0.27
0.42
1.01
0.56
0.82
0.98
0.23
0.86
0.95
1.42
1.08
0.53
0.46
0.80
1.04
0.39
0.57
0.75
0.60
1.06
