GUESS    :MOVING_SM
STARTTIME:1288186724277
ENDTIME  :1288186738017
LOCALSPD :17.3676
LONGSPD  :13.244021
LOCATION :Location[mProvider=network,mTime=1288186733767,mLatitude=55.754951,mLongitude=12.510918,mHasAltitude=false,mAltitude=0.0,mHasSpeed=false,mSpeed=0.0,mHasBearing=false,mBearing=0.0,mHasAccuracy=true,mAccuracy=783.0,mExtras=Bundle[mParcelledData.dataSize=148]]
ADDRESS :

0.34
0.38
0.54
0.54
0.59
0.57
1.65
0.44
0.60
0.23
0.15
0.46
0.44
0.57
0.84
1.14
0.84
0.67
1.53
0.72
0.93
1.14
0.59
0.22
0.79
0.23
0.60
0.23
0.23
0.04
0.19
0.15
0.35
0.34
0.34
0.27
0.27
0.44
0.26
0.31
0.25
0.42
0.25
0.59
0.16
1.24
0.35
0.42
0.18
0.93
0.97
0.61
0.84
0.93
0.76
0.64
0.86
0.37
0.84
0.65
0.30
0.31
0.26
0.19
0.46
0.19
0.39
0.31
0.20
0.19
0.34
0.14
0.07
0.42
0.59
0.60
0.75
1.04
0.19
0.91
0.27
0.42
0.20
0.65
0.54
0.80
0.76
0.22
0.63
0.29
0.42
0.22
0.12
0.08
0.12
0.11
0.25
0.54
0.23
0.54
0.27
0.74
0.41
0.76
1.27
0.54
0.89
0.61
0.76
0.69
0.34
0.20
0.35
0.49
0.74
0.76
0.42
0.27
0.23
0.99
0.63
0.38
0.39
0.61
0.42
0.89
0.26
0.26
0.41
0.35
0.04
0.86
0.39
0.35
0.68
0.25
0.15
0.18
0.57
0.69
0.31
0.52
0.87
0.68
0.59
0.41
0.18
0.86
0.95
0.50
0.50
0.27
0.20
0.16
0.27
0.57
0.57
0.34
0.19
0.22
0.23
0.54
0.38
0.57
0.72
0.31
0.63
0.49
0.27
0.19
0.91
0.61
0.31
0.46
0.33
1.14
0.45
0.30
0.50
0.41
0.53
0.27
0.35
0.12
0.46
0.59
0.19
0.30
0.41
0.80
1.06
0.50
0.35
0.19
0.72
1.29
1.27
2.40
1.58
1.80
2.17
1.16
1.72
0.60
0.69
0.69
0.99
1.05
0.75
1.33
1.84
1.95
1.25
1.73
0.84
1.35
1.08
0.29
1.43
1.05
2.10
1.61
0.64
1.05
1.35
0.52
0.52
0.56
0.93
1.53
1.21
0.48
0.49
0.64
0.35
0.42
0.27
0.54
0.38
0.49
0.38
0.11
0.46
0.78
0.30
0.90
0.53
0.41
0.33
0.20
0.35
0.19
0.48
0.90
0.74
0.78
