GUESS    :IDLE
STARTTIME:1289990219319
ENDTIME  :1289990232458
LOCALSPD :0.0
LONGSPD  :0.0
LOCATION :Location[mProvider=network,mTime=1289990205296,mLatitude=51.244628,mLongitude=4.420013,mHasAltitude=false,mAltitude=0.0,mHasSpeed=false,mSpeed=0.0,mHasBearing=false,mBearing=0.0,mHasAccuracy=true,mAccuracy=1151.0,mExtras=Bundle[mParcelledData.dataSize=148]]
ADDRESS :

0.23
0.23
0.19
0.12
0.27
0.12
0.08
0.16
0.04
0.11
0.11
0.08
0.50
0.19
0.15
0.07
0.10
0.14
0.29
0.12
0.03
0.15
0.11
0.07
0.18
0.11
0.07
0.14
0.20
0.15
0.27
0.15
0.15
0.18
0.04
0.07
0.15
0.18
0.22
0.11
0.16
0.15
0.18
0.14
0.07
0.07
0.15
0.19
0.08
0.16
0.22
0.18
0.08
0.07
0.11
0.03
0.10
0.04
0.23
0.03
0.15
0.11
0.22
0.22
0.15
0.18
0.19
0.25
0.19
0.27
0.41
0.27
0.26
0.69
0.42
0.18
0.19
0.04
0.08
0.27
0.19
0.15
0.11
0.15
0.19
0.27
0.22
0.26
0.23
0.23
0.23
0.23
0.11
0.12
0.12
0.19
0.07
0.04
0.16
0.04
0.07
0.11
0.08
0.03
0.11
0.11
0.15
0.08
0.07
0.15
0.12
0.15
0.15
0.12
0.08
0.11
0.07
0.08
0.04
0.04
0.10
0.10
0.12
0.12
0.08
0.08
0.04
0.15
0.23
0.12
0.04
0.04
0.04
0.12
0.16
0.16
0.03
0.03
0.04
0.07
0.07
0.12
0.08
0.08
0.04
0.04
0.04
0.04
0.04
0.12
0.15
0.11
0.12
0.12
0.08
0.12
0.04
0.08
0.15
0.03
0.08
0.12
0.08
0.16
0.16
0.08
0.08
0.12
0.12
0.16
0.04
0.25
0.20
0.08
0.08
0.08
0.16
0.12
0.16
0.12
0.11
0.27
0.20
0.12
0.08
0.08
0.12
0.08
0.12
0.04
0.04
0.12
0.12
0.11
0.03
0.20
0.08
0.04
0.16
0.16
0.15
0.19
0.11
0.23
0.20
0.12
0.12
0.04
0.11
0.15
0.08
0.16
0.08
0.12
0.08
0.16
0.08
0.07
0.11
0.26
0.15
0.11
0.16
0.25
0.11
0.15
0.20
0.12
0.12
0.25
0.08
0.12
0.20
0.16
0.08
0.12
0.08
0.12
0.16
0.08
0.15
0.20
0.72
0.69
0.08
0.08
0.15
0.35
0.12
0.16
0.08
0.12
0.20
0.19
0.07
0.04
