GUESS    :MOVING_SM
STARTTIME:1289982109588
ENDTIME  :1289982123934
LOCALSPD :-1.0
LONGSPD  :-1.0
LOCATION :Location[mProvider=network,mTime=1289982075061,mLatitude=51.2465456,mLongitude=4.4183466,mHasAltitude=false,mAltitude=0.0,mHasSpeed=false,mSpeed=0.0,mHasBearing=false,mBearing=0.0,mHasAccuracy=true,mAccuracy=92.0,mExtras=Bundle[mParcelledData.dataSize=148]]
ADDRESS :

0.68
0.76
0.59
1.81
2.04
2.03
2.53
0.53
0.34
0.48
0.26
0.15
0.63
0.93
0.57
1.09
1.18
1.50
0.61
2.86
2.45
2.62
1.97
0.87
0.69
1.54
3.76
0.69
2.03
0.53
1.54
0.74
2.07
2.18
0.34
1.14
1.17
0.72
0.71
0.56
0.42
1.48
1.57
0.71
0.46
1.48
1.16
0.80
0.27
0.16
0.25
0.30
0.39
0.39
1.06
0.37
0.19
0.35
0.38
0.35
0.26
0.26
0.44
1.40
0.97
1.91
0.37
0.95
1.25
0.72
0.99
1.10
0.50
0.61
0.53
0.80
0.54
0.18
0.94
1.04
0.80
0.99
0.54
0.33
0.15
0.38
0.42
0.46
0.42
0.04
0.04
0.31
0.34
0.23
0.16
0.46
0.39
0.65
0.52
0.57
0.57
0.56
0.46
0.54
0.53
0.74
0.53
0.30
0.39
0.61
0.50
0.83
0.84
0.80
0.45
0.12
0.14
0.45
0.91
2.22
0.84
0.37
0.31
0.53
0.30
0.38
0.14
0.15
0.26
0.16
0.49
0.53
0.39
0.16
0.34
0.12
0.37
0.15
0.34
0.57
0.19
0.15
0.44
0.45
0.26
0.18
0.86
0.54
1.57
0.78
0.41
0.31
0.35
0.33
0.34
0.04
0.33
0.49
0.14
0.08
0.42
0.46
0.38
0.39
0.18
0.30
0.11
0.04
0.25
0.12
0.31
0.34
0.19
0.16
0.34
0.57
0.72
0.48
1.57
0.61
0.50
0.39
0.53
0.57
0.45
0.93
1.18
1.62
1.96
0.76
1.05
1.27
0.23
1.08
0.46
0.19
0.19
0.34
0.61
0.67
0.72
0.91
0.95
0.42
0.72
0.78
0.80
1.18
1.01
0.34
0.27
0.49
0.64
0.30
1.08
1.12
0.56
0.52
0.27
0.37
0.19
0.30
0.60
0.80
0.99
0.12
0.04
0.19
0.59
0.54
0.42
0.19
0.34
0.15
0.34
0.48
0.11
0.26
0.20
0.33
0.50
0.54
0.57
0.63
0.35
0.42
0.38
0.27
0.10
0.03
0.23
0.99
0.48
0.75
1.14
0.99
