GUESS    :MOVING_SM
STARTTIME:1290846575451
ENDTIME  :1290846588530
LOCALSPD :0.0
LONGSPD  :10.570414
LOCATION :Location[mProvider=network,mTime=1290846576977,mLatitude=55.637977,mLongitude=12.336464,mHasAltitude=false,mAltitude=0.0,mHasSpeed=false,mSpeed=0.0,mHasBearing=false,mBearing=0.0,mHasAccuracy=true,mAccuracy=836.0,mExtras=Bundle[mParcelledData.dataSize=148]]
ADDRESS :

0.10
0.31
0.41
0.04
0.12
0.15
0.25
0.27
0.38
0.16
0.38
0.12
0.26
0.22
0.22
0.27
0.29
0.08
0.22
0.34
0.34
0.12
0.54
0.31
0.64
0.42
0.26
0.26
0.34
0.39
0.61
0.42
0.38
0.30
0.53
0.71
0.53
0.35
0.22
0.30
0.39
0.50
0.46
0.31
0.08
0.30
0.44
0.16
0.18
0.35
0.15
0.11
0.15
0.18
0.30
0.38
0.34
0.44
0.57
0.23
0.38
0.23
0.49
0.39
0.22
0.25
0.48
0.19
0.38
0.72
0.23
0.26
0.12
0.30
0.37
0.30
0.20
0.23
0.31
0.19
0.42
0.23
0.39
0.23
0.23
0.27
0.34
0.16
0.08
0.42
0.18
0.19
0.23
0.37
0.19
0.23
0.20
0.45
0.64
0.29
0.11
0.56
0.18
0.19
0.04
0.38
0.59
0.23
0.31
0.16
0.33
0.38
0.08
0.50
0.25
0.19
0.15
0.23
0.03
0.20
0.19
0.46
0.26
0.35
0.50
0.38
0.04
0.22
0.37
0.34
0.49
0.31
0.08
0.29
0.27
0.35
0.12
0.08
0.27
0.29
0.31
0.48
0.15
0.27
0.22
0.33
0.38
0.20
0.27
0.23
0.27
0.29
0.15
0.23
0.31
0.11
0.15
0.35
0.35
0.18
0.42
0.18
0.19
0.48
0.30
0.50
0.27
0.49
0.15
0.27
0.26
0.25
0.29
0.49
0.22
0.19
0.12
0.46
0.54
0.19
0.14
0.07
0.82
0.71
0.15
0.19
0.29
0.67
0.44
0.52
0.22
0.15
0.16
0.25
0.39
0.19
0.35
0.38
0.37
0.20
0.16
0.59
0.49
0.30
0.18
0.35
0.16
0.16
0.20
0.12
0.26
0.22
0.33
0.20
0.23
0.20
0.16
0.27
0.04
0.26
0.14
0.11
0.25
0.26
0.30
0.23
0.33
0.27
0.11
0.29
0.07
0.37
0.12
0.38
0.30
0.08
0.23
0.42
0.19
0.37
0.25
0.31
0.20
0.39
0.46
0.49
0.59
0.39
0.15
0.33
0.38
0.59
0.74
0.45
0.63
0.97
