GUESS    :MOVING_SM
STARTTIME:1290846704781
ENDTIME  :1290846718360
LOCALSPD :0.0
LONGSPD  :8.261356
LOCATION :Location[mProvider=network,mTime=1290846715904,mLatitude=55.624243,mLongitude=12.326168,mHasAltitude=false,mAltitude=0.0,mHasSpeed=false,mSpeed=0.0,mHasBearing=false,mBearing=0.0,mHasAccuracy=true,mAccuracy=806.0,mExtras=Bundle[mParcelledData.dataSize=148]]
ADDRESS :

0.59
0.59
0.16
0.44
0.27
0.33
0.61
0.45
0.50
0.41
0.46
0.59
0.20
0.37
0.33
0.65
0.19
0.34
0.35
0.15
0.23
0.54
0.49
0.42
0.16
0.42
0.31
0.27
0.19
0.08
0.23
0.14
0.31
0.29
0.27
0.34
0.11
0.10
0.11
0.22
0.25
0.22
0.26
0.26
0.38
0.23
0.08
0.69
0.29
0.20
0.34
0.33
0.64
0.29
0.15
0.26
0.22
0.11
0.19
0.05
0.19
0.19
0.12
0.08
0.11
0.12
0.30
0.15
0.39
0.42
0.23
0.25
0.54
0.15
0.50
0.19
0.52
0.25
0.65
0.31
0.45
0.14
0.37
0.42
0.39
0.35
0.69
0.15
0.48
0.30
0.38
0.35
0.30
0.27
0.26
0.31
0.27
0.30
0.34
0.14
0.07
0.31
0.30
0.27
0.12
0.22
0.27
0.31
0.15
0.07
0.12
0.34
0.41
0.23
0.27
0.04
0.15
0.35
0.22
0.31
0.16
0.54
0.35
0.34
0.53
0.67
0.26
0.35
0.59
0.46
0.41
0.23
0.23
0.42
0.19
0.48
0.26
0.39
0.37
0.03
0.25
0.25
0.39
0.49
0.41
0.53
0.19
0.31
0.27
0.19
0.35
0.35
0.42
0.46
0.26
0.34
0.57
0.15
0.26
0.65
0.12
0.59
0.53
0.68
0.46
0.61
0.34
0.38
0.37
0.56
0.34
0.48
0.65
0.30
0.22
0.38
0.45
0.19
0.42
0.27
0.19
0.15
0.29
0.29
0.26
0.30
0.23
0.50
0.35
0.52
0.38
0.42
0.57
0.27
0.19
0.35
0.69
0.27
0.26
0.38
0.46
0.39
0.42
0.34
0.38
0.20
0.19
0.35
0.04
0.53
0.39
0.54
0.64
0.65
0.41
0.63
0.23
0.38
0.38
0.44
0.72
0.41
0.19
0.35
0.42
0.39
0.35
0.31
0.27
0.38
0.31
0.49
0.27
0.63
0.38
0.57
0.30
0.16
0.42
0.38
0.41
0.52
0.65
0.22
0.27
0.34
0.45
0.79
0.89
0.99
0.23
0.34
0.11
0.19
0.19
0.49
