GUESS    :MOVING_SM
STARTTIME:1290847991321
ENDTIME  :1290848004160
LOCALSPD :0.0
LONGSPD  :0.0
LOCATION :Location[mProvider=network,mTime=1290847927802,mLatitude=55.624243,mLongitude=12.326168,mHasAltitude=false,mAltitude=0.0,mHasSpeed=false,mSpeed=0.0,mHasBearing=false,mBearing=0.0,mHasAccuracy=true,mAccuracy=806.0,mExtras=Bundle[mParcelledData.dataSize=148]]
ADDRESS :

0.18
0.67
0.68
0.38
0.52
0.86
0.74
0.53
0.69
0.80
0.86
2.14
2.48
0.84
1.69
0.84
2.12
2.03
0.93
2.03
1.76
0.91
1.48
0.68
0.82
1.66
0.91
0.69
0.72
0.87
1.04
0.38
0.89
0.41
1.23
0.76
0.54
0.38
0.38
0.76
0.07
0.95
0.46
0.59
0.44
0.34
0.45
0.50
0.53
0.44
0.31
0.74
0.69
0.22
0.35
0.50
0.26
0.50
0.34
0.30
0.35
0.46
0.42
0.31
0.12
0.46
0.71
0.68
0.35
1.51
1.72
0.84
0.75
1.31
1.87
0.91
1.24
0.82
0.19
0.54
0.38
0.23
0.16
0.74
0.59
0.46
0.50
0.15
0.14
0.99
0.95
0.41
0.63
0.31
0.49
0.26
0.23
0.50
0.60
0.69
0.11
1.18
0.82
0.65
1.27
1.01
0.74
1.38
1.42
2.47
0.84
0.95
0.45
0.08
0.99
0.74
0.94
0.95
0.68
1.14
0.46
1.89
1.20
0.87
0.84
0.90
0.53
0.52
1.32
1.62
1.25
1.29
1.14
1.08
1.96
0.61
0.93
0.61
1.76
0.60
0.53
0.76
1.46
0.80
1.61
1.33
0.67
0.71
1.38
1.04
0.57
0.50
1.93
1.16
1.42
2.29
1.38
1.76
1.04
0.95
1.38
1.38
1.23
1.57
0.91
1.99
1.74
1.57
1.61
2.60
0.94
0.31
0.76
1.83
0.50
0.42
0.89
0.54
1.20
0.63
0.78
1.04
0.38
0.61
0.89
0.65
0.65
0.57
0.64
0.87
1.12
0.72
1.39
0.91
0.69
0.57
0.26
0.53
0.53
1.16
0.91
1.08
0.23
0.34
0.27
1.39
0.45
0.95
1.25
0.57
1.38
0.87
0.89
0.46
0.57
0.22
0.38
0.82
0.75
0.61
1.12
0.61
0.49
1.01
0.60
1.01
5.16
2.72
1.69
0.91
1.10
0.61
0.76
0.23
0.39
0.31
0.68
1.01
0.46
1.23
0.42
0.25
0.38
0.48
0.80
1.31
1.12
1.23
0.57
1.38
1.73
1.29
1.27
0.91
0.46
0.34
