GUESS    :MOVING_ME
STARTTIME:1290848148511
ENDTIME  :1290848162210
LOCALSPD :0.0
LONGSPD  :0.0
LOCATION :Location[mProvider=network,mTime=1290848146140,mLatitude=55.624243,mLongitude=12.326168,mHasAltitude=false,mAltitude=0.0,mHasSpeed=false,mSpeed=0.0,mHasBearing=false,mBearing=0.0,mHasAccuracy=true,mAccuracy=806.0,mExtras=Bundle[mParcelledData.dataSize=148]]
ADDRESS :

0.12
0.19
0.07
0.04
0.08
0.11
0.03
0.07
0.04
0.07
0.12
0.12
0.04
0.11
0.07
0.08
0.12
0.08
0.15
0.11
0.04
0.04
0.07
0.03
0.12
0.04
0.08
0.12
0.16
0.12
0.07
0.07
0.04
0.04
0.04
0.08
0.12
0.08
0.12
0.12
0.04
0.04
0.12
0.04
0.08
0.12
0.12
0.04
0.04
0.04
0.08
0.15
0.08
0.11
0.04
0.08
0.04
0.04
0.07
0.18
0.07
0.04
0.15
0.07
0.03
0.04
0.07
0.08
0.04
0.07
0.11
0.04
0.03
0.11
0.08
0.08
0.07
0.11
0.11
0.11
0.12
0.08
0.03
0.03
0.08
0.08
0.08
0.08
0.04
0.04
0.04
0.03
0.04
0.04
0.07
0.08
0.04
0.07
0.07
0.07
0.11
0.07
0.07
0.04
0.03
0.04
0.07
0.03
0.03
0.07
1.23
2.90
2.74
3.13
3.41
1.27
2.96
5.33
7.31
8.58
13.17
15.42
14.45
15.94
10.46
6.10
7.67
3.87
2.98
2.19
2.25
1.38
1.38
1.18
1.20
2.07
2.67
1.73
4.37
2.14
0.38
0.80
0.89
0.86
3.58
0.94
2.72
1.47
0.69
2.76
1.91
1.48
1.18
1.42
2.07
0.95
1.12
1.42
0.75
1.31
0.38
0.65
1.38
1.73
0.54
1.16
1.44
1.51
1.25
2.18
15.36
4.32
16.92
11.50
4.86
2.18
0.72
2.83
1.39
1.58
1.65
2.34
4.73
2.19
0.93
2.81
0.65
1.73
0.74
0.12
0.42
0.19
0.46
0.12
0.20
0.18
0.04
0.15
0.03
0.04
0.07
0.04
0.03
0.11
0.16
0.08
0.08
0.08
0.08
0.04
0.20
0.08
0.08
0.08
0.15
0.11
0.10
0.16
0.10
0.04
0.12
0.20
0.08
0.29
0.16
0.14
0.08
0.30
0.33
0.45
0.37
0.76
3.26
3.00
0.38
4.10
4.10
14.33
11.11
4.09
2.11
3.76
4.99
5.97
5.90
2.96
7.27
13.09
27.13
26.03
8.83
3.19
11.32
2.38
1.42
0.48
