GUESS    :MOVING_SM
STARTTIME:1290846498061
ENDTIME  :1290846510980
LOCALSPD :NaN
LONGSPD  :12.215889
LOCATION :Location[mProvider=network,mTime=1290846447051,mLatitude=55.654296,mLongitude=12.322417,mHasAltitude=false,mAltitude=0.0,mHasSpeed=false,mSpeed=0.0,mHasBearing=false,mBearing=0.0,mHasAccuracy=true,mAccuracy=926.0,mExtras=Bundle[mParcelledData.dataSize=148]]
ADDRESS :

0.30
0.57
0.29
0.95
0.57
1.04
0.41
1.05
1.08
0.80
0.59
0.53
0.65
0.60
0.69
0.69
0.41
1.01
0.19
1.46
0.74
0.54
0.29
0.38
0.72
0.26
0.53
1.06
0.79
0.27
0.12
0.74
0.76
0.38
0.53
0.20
0.31
0.22
0.30
0.45
0.46
0.42
0.57
1.08
0.30
0.42
0.65
0.39
0.76
0.89
0.50
0.45
0.33
1.01
1.04
1.25
0.42
0.34
0.26
0.53
0.38
0.30
0.60
0.44
0.69
0.39
0.42
0.16
0.46
0.38
0.16
0.19
0.35
0.30
0.19
0.38
0.44
0.20
0.42
0.74
0.61
0.46
0.46
0.08
0.23
0.30
0.34
0.16
0.16
0.31
0.25
0.16
0.12
0.46
0.38
1.14
1.29
0.42
0.78
1.17
0.90
0.56
0.15
0.83
0.79
0.67
0.61
0.42
0.53
0.60
0.57
0.34
0.46
0.63
0.20
0.08
0.23
0.60
0.57
0.45
0.56
0.03
0.37
0.90
0.41
0.42
0.49
0.33
0.41
0.35
0.23
0.46
0.20
0.23
0.64
2.00
1.33
0.45
0.75
0.61
0.91
0.78
1.23
0.69
0.50
0.67
0.34
0.39
0.25
0.35
0.27
0.61
0.35
0.26
0.30
0.31
0.33
0.16
0.35
0.33
0.16
0.26
0.69
0.54
0.19
0.27
0.61
0.11
0.15
0.52
0.37
0.42
0.23
0.50
0.71
0.53
0.52
0.25
0.39
0.19
0.33
0.25
0.34
0.38
0.23
0.08
0.35
0.15
0.31
0.16
0.12
0.04
0.25
0.19
0.35
0.59
0.19
0.59
0.50
0.34
0.54
0.50
0.30
0.30
0.57
0.33
0.41
0.35
0.61
0.12
0.50
0.22
0.27
0.15
0.42
0.11
0.30
0.26
0.30
0.37
0.45
0.46
0.46
0.53
0.57
0.30
0.19
0.38
0.20
0.27
0.35
0.30
0.15
0.42
0.29
0.31
1.23
1.61
0.44
0.71
0.54
0.84
0.80
0.91
1.29
0.97
0.80
0.78
0.86
0.50
0.65
0.46
0.97
0.38
0.34
0.22
