GUESS    :MOVING_SM
STARTTIME:1291060408590
ENDTIME  :1291060423014
LOCALSPD :-1.0
LONGSPD  :-1.0
LOCATION :Location[mProvider=network,mTime=1291060396645,mLatitude=55.74957426666666,mLongitude=12.376717400000002,mHasAltitude=false,mAltitude=0.0,mHasSpeed=false,mSpeed=0.0,mHasBearing=false,mBearing=0.0,mHasAccuracy=true,mAccuracy=50.0,mExtras=Bundle[mParcelledData.dataSize=148]]
ADDRESS :

0.69
0.74
0.74
0.95
0.89
0.30
0.12
0.45
0.44
0.63
0.46
0.69
0.39
1.25
0.65
0.38
0.69
0.69
0.22
0.27
0.75
0.15
0.33
0.35
0.53
0.61
0.16
1.78
1.40
0.38
0.76
0.31
0.45
0.63
0.42
0.30
0.26
0.61
0.50
0.46
0.15
0.11
0.25
0.04
0.04
0.27
0.34
0.78
0.87
1.04
1.46
1.61
5.67
1.63
3.95
6.09
5.68
1.88
4.82
2.64
1.84
6.32
7.38
5.43
1.20
4.30
4.09
6.03
7.10
2.98
3.66
9.43
2.87
2.26
3.58
4.81
5.34
7.55
5.63
8.16
7.67
8.21
4.14
6.59
4.02
0.57
0.27
0.08
0.11
0.12
0.16
0.12
0.04
0.04
0.07
0.12
0.08
0.08
0.04
0.04
0.27
0.08
0.11
0.08
0.12
0.04
0.07
0.03
0.08
0.08
0.08
0.04
0.15
0.08
0.11
0.04
0.04
0.07
0.07
0.07
0.07
0.07
0.04
0.12
0.04
0.19
0.08
0.04
0.03
0.11
0.08
0.08
0.15
0.11
0.08
0.08
0.04
0.04
0.08
0.03
0.11
0.04
0.04
0.04
0.04
0.04
0.03
0.07
0.08
0.08
0.04
0.08
0.07
0.07
0.12
0.12
0.08
0.12
0.03
0.03
0.04
0.12
0.03
0.08
0.04
0.12
0.07
0.11
0.07
0.07
0.03
0.04
0.08
0.08
0.15
0.08
0.07
0.04
0.08
0.11
0.19
0.19
0.11
0.08
0.03
0.04
0.04
0.11
0.11
0.04
0.03
0.04
0.11
0.07
0.04
0.04
0.07
0.08
0.04
0.12
0.08
0.04
0.11
0.04
0.11
0.08
0.04
0.08
0.08
0.12
0.12
0.08
0.08
0.11
0.11
0.07
0.11
0.08
0.04
0.04
0.07
0.19
0.12
0.11
0.11
0.08
0.12
0.08
0.12
0.07
0.15
0.04
0.08
0.08
0.12
0.04
0.08
0.12
0.16
0.12
0.12
0.08
0.07
0.07
0.12
0.04
0.08
0.11
0.07
0.12
0.19
0.04
0.07
0.03
0.11
0.15
