GUESS    :MOVING_SM
STARTTIME:1289589872373
ENDTIME  :1289589886962
LOCALSPD :-1.0
LONGSPD  :-1.0
LOCATION :Location[mProvider=network,mTime=1289589875250,mLatitude=55.7495518,mLongitude=12.376704733333334,mHasAltitude=false,mAltitude=0.0,mHasSpeed=false,mSpeed=0.0,mHasBearing=false,mBearing=0.0,mHasAccuracy=true,mAccuracy=50.0,mExtras=Bundle[mParcelledData.dataSize=148]]
ADDRESS :

5.78
3.69
7.67
3.50
3.66
6.51
9.06
19.29
10.31
20.24
7.06
7.23
6.86
4.30
3.75
5.63
3.16
4.13
2.26
1.92
1.53
3.91
2.17
2.56
0.74
1.16
1.91
1.63
1.51
0.94
1.16
1.57
0.41
0.31
1.91
2.94
0.61
4.07
3.81
4.67
2.37
0.61
1.76
1.46
0.31
0.84
1.18
0.93
1.54
3.38
2.34
0.76
2.83
1.84
2.07
2.42
2.49
7.48
5.09
3.64
8.42
14.14
7.52
3.77
2.30
3.09
3.50
2.38
0.67
0.42
0.20
0.23
0.82
0.48
1.04
0.75
0.31
0.48
1.02
1.36
1.40
2.04
2.68
2.89
1.47
1.21
2.08
2.36
1.04
1.31
1.74
1.27
0.80
1.04
0.46
0.46
0.31
0.80
2.22
4.32
1.53
1.65
0.69
1.99
1.63
1.25
1.29
0.29
0.34
0.19
0.27
0.83
1.12
0.50
0.59
0.50
0.83
0.69
0.56
0.35
0.04
0.23
0.38
0.76
1.32
0.60
0.87
0.72
0.23
0.15
0.12
0.34
0.45
0.41
0.38
0.23
0.12
0.25
0.15
0.75
0.27
0.61
0.76
0.65
0.23
0.49
0.30
0.61
1.33
0.89
0.35
0.38
0.31
0.33
0.22
0.15
0.11
0.31
0.49
0.18
0.19
0.19
0.19
0.44
0.22
0.53
0.23
0.34
0.60
0.11
0.22
0.08
0.07
0.08
0.12
0.23
0.08
0.08
0.08
0.07
0.08
0.12
0.12
0.16
0.16
0.08
0.04
0.04
0.12
0.16
0.16
0.15
0.07
0.04
0.04
0.04
0.08
0.12
0.16
0.12
0.20
0.19
0.31
0.20
0.07
0.03
0.08
0.12
0.08
0.27
0.16
0.15
0.19
0.03
0.07
0.07
0.07
0.08
0.15
0.12
0.08
0.15
0.12
0.11
0.08
0.15
0.61
1.04
0.46
0.08
0.08
0.27
0.25
0.16
0.11
0.11
0.16
0.15
0.23
0.15
0.08
0.04
0.07
0.11
0.12
0.08
0.04
0.08
0.08
0.12
0.12
0.12
0.08
0.04
0.12
0.12
