GUESS    :RUNNING
STARTTIME:1289414071337
ENDTIME  :1289414085996
LOCALSPD :0.0
LONGSPD  :-1.0
LOCATION :Location[mProvider=network,mTime=1289414074365,mLatitude=55.749555175,mLongitude=12.376701624999999,mHasAltitude=false,mAltitude=0.0,mHasSpeed=false,mSpeed=0.0,mHasBearing=false,mBearing=0.0,mHasAccuracy=true,mAccuracy=50.0,mExtras=Bundle[mParcelledData.dataSize=148]]
ADDRESS :

16.38
0.64
0.81
0.26
1.14
0.44
1.03
0.42
0.51
0.51
0.78
1.10
0.86
1.13
0.80
0.78
0.69
1.49
0.23
0.69
0.62
0.65
0.10
0.21
0.35
1.00
1.50
0.60
0.72
0.15
0.83
2.50
0.97
1.28
1.12
1.73
1.57
0.19
0.99
1.19
1.74
3.86
11.09
4.63
2.63
1.31
1.40
0.36
1.10
1.48
1.13
1.41
0.87
0.52
1.11
0.61
0.22
1.15
0.78
0.60
1.23
1.14
0.68
0.26
0.45
0.35
1.63
0.51
1.11
1.47
0.73
0.38
0.53
0.84
0.29
0.69
0.93
0.34
0.48
0.92
0.44
1.39
0.58
2.11
1.36
1.20
0.54
0.24
0.69
0.23
0.34
0.30
0.73
1.10
0.15
0.92
0.17
0.35
0.42
0.96
0.32
1.70
0.27
0.81
0.82
1.20
0.24
1.03
0.55
0.64
0.71
0.68
0.66
0.03
0.34
0.92
0.45
0.46
1.12
0.67
0.46
1.05
0.37
1.15
0.83
1.18
0.74
1.15
