GUESS    :MOVING_SM
STARTTIME:1289414267177
ENDTIME  :1289414280916
LOCALSPD :0.0
LONGSPD  :0.0
LOCATION :Location[mProvider=network,mTime=1289414238558,mLatitude=55.749672516666664,mLongitude=12.3767801,mHasAltitude=false,mAltitude=0.0,mHasSpeed=false,mSpeed=0.0,mHasBearing=false,mBearing=0.0,mHasAccuracy=true,mAccuracy=31.0,mExtras=Bundle[mParcelledData.dataSize=148]]
ADDRESS :

7.15
3.65
8.70
5.87
3.51
5.04
2.60
1.53
1.61
0.56
0.50
0.23
0.84
0.23
0.38
0.33
0.23
0.20
0.65
0.39
0.23
0.38
0.35
0.50
0.31
0.46
0.49
0.45
0.04
0.34
0.26
0.74
0.30
0.14
0.34
0.39
0.42
0.16
0.35
0.31
0.42
0.22
0.49
0.16
0.57
0.14
0.19
0.27
0.25
0.16
0.50
0.26
0.30
0.07
0.22
0.23
0.38
0.30
0.31
0.39
0.46
0.50
0.37
0.26
0.11
0.12
0.33
0.30
0.19
0.39
0.57
0.33
0.11
0.04
0.27
0.20
0.19
0.25
0.08
0.12
0.04
0.08
0.16
0.23
0.29
0.07
0.30
0.11
0.16
0.20
0.31
0.38
0.30
0.11
0.33
0.08
0.16
0.27
0.35
0.31
0.26
0.12
0.11
0.12
0.22
0.23
0.11
0.19
0.42
0.50
0.30
0.27
0.45
0.19
0.12
0.12
0.11
0.14
0.15
0.08
0.14
0.19
0.34
0.38
0.31
0.48
0.23
0.04
0.19
0.23
0.08
0.12
0.19
0.23
0.26
0.60
0.61
0.69
0.41
0.19
0.34
0.30
0.15
0.30
0.19
0.16
0.16
0.12
0.07
0.23
0.42
0.33
0.42
0.15
0.19
0.11
0.19
0.31
0.27
0.16
0.08
0.16
0.15
0.12
0.15
0.23
0.30
0.18
0.25
0.04
0.25
0.08
0.25
0.04
0.25
0.12
0.08
0.08
0.08
0.16
0.20
0.11
0.38
0.31
0.04
0.08
0.08
0.31
0.16
0.08
0.12
0.34
0.26
0.34
0.10
0.15
0.19
0.26
0.46
0.19
0.34
0.22
0.27
0.12
0.23
0.15
0.11
0.08
0.16
0.07
0.08
0.23
0.19
0.22
0.26
0.22
0.26
0.16
0.41
0.30
0.34
0.14
0.11
0.15
0.04
0.08
0.27
0.30
0.34
0.26
0.45
0.30
0.30
0.12
0.16
0.49
0.19
0.14
0.27
0.34
0.10
0.20
0.19
0.07
0.35
0.15
0.16
0.25
0.08
0.27
0.19
0.20
0.19
0.07
0.12
0.19
