GUESS    :WALKING
STARTTIME:1287729829180
ENDTIME  :1287729842429
LOCATION :Location[mProvider=network,mTime=1287729797493,mLatitude=55.7649013,mLongitude=12.485426733333334,mHasAltitude=false,mAltitude=0.0,mHasSpeed=false,mSpeed=0.0,mHasBearing=false,mBearing=0.0,mHasAccuracy=true,mAccuracy=70.0,mExtras=Bundle[mParcelledData.dataSize=148]]
ADDRESS :

1.67
0.59
0.46
0.75
0.30
0.16
0.22
0.18
0.21
0.05
0.29
0.20
0.11
0.04
0.22
0.09
0.06
0.15
0.33
0.34
0.29
0.26
0.36
0.43
0.38
0.26
0.21
0.22
0.25
0.09
0.21
0.02
0.06
0.01
0.06
0.03
0.09
0.04
0.13
0.05
0.08
0.03
0.05
0.06
0.07
0.25
0.15
0.04
0.04
0.17
0.12
0.08
0.05
0.08
0.04
0.05
0.03
0.06
0.14
0.02
0.09
0.10
0.03
0.05
0.09
0.09
0.02
0.03
0.10
0.08
0.04
0.08
0.13
0.04
0.08
0.02
0.10
0.15
0.06
0.09
0.08
0.08
0.11
0.02
0.09
0.18
0.08
0.15
0.09
0.09
0.19
0.05
0.06
0.10
0.09
0.19
0.04
0.13
0.05
0.14
0.20
0.20
0.05
0.12
0.15
0.09
0.09
0.09
0.04
0.04
0.09
0.24
0.13
0.20
0.22
0.03
0.22
0.18
0.10
0.24
0.20
0.04
0.11
0.17
0.10
0.11
0.15
0.13
