GUESS    :WALKING
STARTTIME:1287728413255
ENDTIME  :1287728428649
LOCATION :Location[mProvider=network,mTime=1287728428197,mLatitude=55.74959823333333,mLongitude=12.376983666666668,mHasAltitude=false,mAltitude=0.0,mHasSpeed=false,mSpeed=0.0,mHasBearing=false,mBearing=0.0,mHasAccuracy=true,mAccuracy=50.0,mExtras=Bundle[mParcelledData.dataSize=148]]
ADDRESS :

1.43
1.30
1.52
0.66
1.14
0.54
0.39
0.41
0.24
0.52
0.24
0.44
0.48
0.53
0.65
0.46
0.79
0.64
0.88
0.40
0.62
0.25
0.35
0.32
0.08
0.42
0.16
0.50
0.22
0.57
0.29
0.47
0.28
0.42
0.33
0.41
0.32
0.26
0.37
0.24
0.29
0.27
0.26
0.47
0.25
0.47
0.24
0.52
0.19
0.40
0.13
0.31
0.09
0.23
0.10
0.27
0.25
0.30
0.28
0.45
0.38
0.50
0.33
0.52
0.29
0.38
0.20
0.30
0.19
0.14
0.21
0.10
0.23
0.19
0.29
0.25
0.36
0.33
0.39
0.26
0.33
0.19
0.25
0.07
0.23
0.11
0.19
0.09
0.18
0.11
0.20
0.16
0.16
0.08
0.13
0.09
0.14
0.07
0.15
0.03
0.13
0.08
0.15
0.15
0.19
0.21
0.11
0.13
0.14
0.21
0.12
0.26
0.21
0.27
0.23
0.30
0.29
0.26
0.28
0.24
0.34
0.31
0.37
0.30
0.25
0.26
0.22
0.30
