GUESS    :MOVING_ME
STARTTIME:1287728635601
ENDTIME  :1287728650259
LOCATION :Location[mProvider=network,mTime=1287728617856,mLatitude=55.746235,mLongitude=12.384796,mHasAltitude=false,mAltitude=0.0,mHasSpeed=false,mSpeed=0.0,mHasBearing=false,mBearing=0.0,mHasAccuracy=true,mAccuracy=814.0,mExtras=Bundle[mParcelledData.dataSize=148]]
ADDRESS :

0.97
1.01
0.93
1.31
1.14
1.69
1.96
1.20
2.25
1.47
3.00
1.72
1.63
1.50
3.53
2.52
0.41
2.18
1.46
1.92
1.29
1.14
0.54
1.20
1.27
2.34
3.46
1.02
2.41
1.53
2.41
0.80
0.89
0.93
1.16
2.48
2.37
3.21
3.70
1.73
2.97
1.17
3.02
2.45
0.72
3.41
1.84
4.05
5.11
4.10
0.65
3.60
2.08
2.19
1.01
3.77
2.07
1.73
2.56
1.08
2.22
2.15
0.63
1.23
1.69
0.78
1.73
1.14
2.45
1.01
2.74
2.37
3.72
1.14
0.46
1.31
0.89
1.10
2.32
0.49
2.14
1.23
3.79
1.27
2.03
2.10
1.20
2.66
2.67
3.83
1.78
3.91
2.07
0.93
1.54
1.33
0.93
2.60
2.64
1.72
1.50
1.80
2.53
2.40
1.80
1.57
2.72
2.79
2.96
1.08
1.69
1.68
0.84
1.38
0.74
0.97
0.50
0.93
0.91
1.54
0.79
1.31
2.76
1.91
1.06
0.99
1.42
1.61
0.63
0.80
1.23
0.18
0.82
1.46
0.98
0.45
1.99
0.72
1.20
0.72
0.98
1.13
0.52
0.63
0.16
0.80
1.21
0.98
0.38
0.97
0.72
1.25
1.16
1.35
1.28
0.99
1.42
0.80
1.33
0.65
0.95
0.12
1.05
0.75
0.45
0.50
0.31
1.23
0.54
0.57
0.97
0.53
0.38
0.41
1.35
1.24
1.20
1.06
2.03
0.97
3.53
0.46
4.36
1.96
1.96
0.34
1.91
3.94
2.29
1.17
1.46
1.23
1.95
3.36
0.78
1.35
0.65
0.84
2.34
5.01
4.24
2.93
4.41
5.71
7.40
2.55
3.06
5.52
7.78
5.52
5.16
2.07
3.23
3.00
2.03
2.71
12.64
7.35
9.87
4.78
2.06
6.63
3.64
3.83
2.67
1.73
2.23
3.91
1.97
2.53
1.88
3.05
1.39
2.37
0.46
2.26
1.06
1.96
1.77
2.18
1.20
3.02
2.96
1.61
0.67
2.15
0.82
2.85
1.16
3.05
2.79
1.62
2.51
1.16
1.84
2.81
