GUESS    :MOVING_ME
STARTTIME:1287729149290
ENDTIME  :1287729162231
LOCATION :Location[mProvider=network,mTime=1287729134451,mLatitude=55.757683899999996,mLongitude=12.422705299999999,mHasAltitude=false,mAltitude=0.0,mHasSpeed=false,mSpeed=0.0,mHasBearing=false,mBearing=0.0,mHasAccuracy=true,mAccuracy=73.0,mExtras=Bundle[mParcelledData.dataSize=148]]
ADDRESS :

1.48
2.76
0.98
2.36
1.59
1.92
6.43
4.07
1.61
2.26
0.91
2.42
2.97
2.29
1.16
2.18
1.43
1.50
0.60
2.07
1.38
0.98
1.39
0.91
2.56
1.54
2.72
1.44
1.47
3.75
1.42
1.99
2.30
2.52
1.12
2.52
1.47
1.04
2.44
2.11
1.80
0.87
1.62
1.76
1.33
1.54
1.69
2.57
1.66
1.95
2.71
1.33
3.76
3.49
0.45
4.18
1.48
1.59
2.79
1.62
0.26
2.12
1.76
1.68
1.88
2.45
1.83
2.04
2.96
0.65
2.78
2.79
3.60
1.14
3.28
1.57
4.59
1.54
3.75
2.96
2.44
4.84
1.53
2.52
0.83
0.89
1.88
2.74
4.28
2.81
2.00
2.66
2.45
2.83
3.84
2.29
4.30
2.81
1.97
2.63
1.50
3.13
1.54
4.28
2.64
6.97
3.45
3.69
4.75
2.90
3.96
0.84
3.72
0.54
1.23
1.89
0.84
1.91
2.79
0.95
1.29
3.53
1.69
2.06
2.85
3.91
2.71
5.43
4.93
1.88
2.15
1.66
3.38
3.26
2.03
1.02
0.53
3.13
1.25
4.25
1.31
3.02
1.14
2.40
2.90
2.96
1.69
3.21
1.18
2.47
1.48
2.81
0.74
4.60
1.12
4.48
2.07
2.83
1.08
1.81
2.12
2.94
2.55
2.26
2.07
2.63
2.17
3.19
0.91
2.42
1.23
1.88
0.65
1.61
1.66
3.27
1.77
2.02
3.87
1.46
1.73
2.85
1.33
2.27
1.06
1.70
2.48
1.99
1.16
1.12
1.01
1.72
1.31
2.02
1.77
3.19
1.84
1.13
1.46
0.78
1.61
2.49
1.69
1.92
2.57
0.60
3.38
3.49
3.45
3.91
1.08
3.05
4.11
0.64
1.57
2.81
2.79
2.53
4.22
6.16
2.85
1.61
3.12
1.88
1.61
2.86
1.74
1.99
4.33
2.70
0.80
1.31
2.22
7.30
3.98
1.35
3.34
4.34
1.36
3.51
1.92
2.18
2.29
0.59
4.96
4.59
1.73
1.33
2.11
2.79
1.01
2.71
4.32
1.80
2.10
2.79
