GUESS    :IDLE
STARTTIME:1288108436240
ENDTIME  :1288108452339
LOCALSPD :0.0
LONGSPD  :-1.0
LOCATION :Location[mProvider=network,mTime=1288108432652,mLatitude=55.78247448,mLongitude=12.5139611,mHasAltitude=false,mAltitude=0.0,mHasSpeed=false,mSpeed=0.0,mHasBearing=false,mBearing=0.0,mHasAccuracy=true,mAccuracy=53.0,mExtras=Bundle[mParcelledData.dataSize=148]]
ADDRESS :

0.04
0.08
0.12
0.12
0.08
0.04
0.12
0.16
0.08
0.04
0.08
0.04
0.04
0.04
0.04
0.04
0.08
0.12
0.04
0.08
0.04
0.08
0.08
0.04
0.08
0.08
0.08
0.08
0.08
0.12
0.08
0.12
0.04
0.08
0.12
0.12
0.12
0.12
0.16
0.12
0.08
0.12
0.08
0.08
0.12
0.12
0.04
0.08
0.04
0.12
0.08
0.08
0.12
0.16
0.08
0.08
0.04
0.16
0.08
0.08
0.08
0.12
0.12
0.04
0.08
0.08
0.08
0.20
0.19
0.19
0.12
0.08
0.04
0.12
0.16
0.08
0.08
0.08
0.04
0.08
0.12
0.04
0.08
0.04
0.08
0.12
0.08
0.16
0.12
0.08
0.04
0.04
0.04
0.08
0.12
0.04
0.04
0.08
0.04
0.12
0.16
0.12
0.08
0.38
0.46
0.37
0.25
0.42
0.22
0.31
0.35
0.14
0.34
0.20
0.25
0.12
0.12
0.08
0.12
0.08
0.08
0.08
0.04
0.08
0.04
0.04
0.12
0.12
0.04
0.12
0.12
0.04
0.16
0.16
0.04
0.08
0.08
0.08
0.12
0.12
0.16
0.08
0.08
0.12
0.20
0.08
0.12
0.04
0.04
0.08
0.12
0.08
0.08
0.12
0.04
0.04
0.12
0.12
0.04
0.12
0.04
0.08
0.12
0.12
0.04
0.08
0.04
0.04
0.04
0.04
0.08
0.08
0.08
0.08
0.08
0.08
0.08
0.08
0.12
0.08
0.04
0.04
0.08
0.12
0.08
0.08
0.12
0.12
0.04
0.04
0.12
0.04
0.12
0.12
0.12
0.04
0.12
0.08
0.12
0.08
0.08
0.12
0.08
0.12
0.08
0.04
0.08
0.08
0.04
0.12
0.12
0.16
0.12
0.16
0.08
0.08
0.08
0.12
0.16
0.08
0.12
0.16
0.12
0.20
0.16
0.04
0.08
0.16
0.16
0.16
0.16
0.20
0.16
0.16
0.16
0.08
0.04
0.08
0.16
0.04
0.04
0.08
0.08
0.04
0.04
0.12
0.16
0.12
0.08
0.16
0.08
0.12
0.08
0.04
0.08
0.08
