GUESS    :MOVING_SM
STARTTIME:1289913461187
ENDTIME  :1289913474834
LOCALSPD :-1.0
LONGSPD  :-1.0
LOCATION :Location[mProvider=network,mTime=1289913434081,mLatitude=55.62897543333334,mLongitude=12.644564855555554,mHasAltitude=false,mAltitude=0.0,mHasSpeed=false,mSpeed=0.0,mHasBearing=false,mBearing=0.0,mHasAccuracy=true,mAccuracy=23.0,mExtras=Bundle[mParcelledData.dataSize=148]]
ADDRESS :

0.18
0.13
0.12
0.13
0.15
0.12
0.13
0.14
0.15
0.11
0.13
0.14
0.12
0.12
0.13
0.15
0.13
0.13
0.12
0.13
0.12
0.13
0.14
0.14
0.13
0.12
0.13
0.14
0.11
0.13
0.13
0.14
0.11
0.13
0.14
0.13
0.12
0.13
0.14
0.12
0.13
0.14
0.12
0.12
0.13
0.13
0.13
0.13
0.14
0.13
0.13
0.12
0.13
0.13
0.12
0.13
0.13
0.13
0.13
0.13
0.13
0.12
0.13
0.13
0.12
0.13
0.13
0.13
0.13
0.13
0.13
0.13
0.14
0.12
0.13
0.14
0.12
0.13
0.13
0.13
0.13
0.12
0.13
0.13
0.13
0.13
0.13
0.13
0.13
0.13
0.13
0.12
0.13
0.14
0.12
0.13
0.14
0.13
0.14
0.13
0.13
0.13
0.13
0.13
0.13
0.12
0.13
0.13
0.13
0.12
0.13
0.13
0.13
0.13
0.13
0.13
0.13
0.13
0.13
0.12
0.13
0.13
0.13
0.13
0.13
0.13
0.13
0.13
