GUESS    :MOVING_SM
STARTTIME:1288766223857
ENDTIME  :1288766238322
LOCALSPD :-1.0
LONGSPD  :NaN
LOCATION :Location[mProvider=network,mTime=1288765711412,mLatitude=55.74958615,mLongitude=12.3767289,mHasAltitude=false,mAltitude=0.0,mHasSpeed=false,mSpeed=0.0,mHasBearing=false,mBearing=0.0,mHasAccuracy=true,mAccuracy=50.0,mExtras=Bundle[mParcelledData.dataSize=148]]
ADDRESS :

0.18
0.06
0.08
0.13
0.08
0.05
0.12
0.07
0.06
0.11
0.06
0.07
0.12
0.07
0.08
0.12
0.08
0.07
0.09
0.07
0.07
0.09
0.05
0.09
0.08
0.07
0.09
0.09
0.06
0.10
0.08
0.07
0.08
0.07
0.07
0.08
0.07
0.09
0.08
0.08
0.08
0.09
0.06
0.09
0.08
0.07
0.08
0.09
0.06
0.08
0.07
0.07
0.09
0.09
0.06
0.08
0.09
0.05
0.08
0.08
0.07
0.08
0.08
0.07
0.08
0.07
0.08
0.08
0.08
0.08
0.08
0.07
0.08
0.07
0.07
0.08
0.07
0.07
0.08
0.08
0.08
0.08
0.08
0.08
0.08
0.08
0.07
0.07
0.08
0.08
0.08
0.07
0.07
0.08
0.07
0.07
0.08
0.07
0.07
0.08
0.07
0.08
0.08
0.07
0.08
0.09
0.07
0.07
0.09
0.07
0.08
0.08
0.07
0.07
0.10
0.08
0.07
0.09
0.08
0.08
0.09
0.07
0.08
0.08
0.08
0.07
0.09
0.07
