GUESS    :IDLE
STARTTIME:1289395203007
ENDTIME  :1289395217266
LOCALSPD :-1.0
LONGSPD  :-1.0
LOCATION :Location[mProvider=network,mTime=1289395162747,mLatitude=55.78319453333334,mLongitude=12.516706450000001,mHasAltitude=false,mAltitude=0.0,mHasSpeed=false,mSpeed=0.0,mHasBearing=false,mBearing=0.0,mHasAccuracy=true,mAccuracy=55.0,mExtras=Bundle[mParcelledData.dataSize=148]]
ADDRESS :

0.10
0.00
0.01
0.01
0.01
0.01
0.00
0.01
0.01
0.00
0.00
0.00
0.00
0.00
0.01
0.00
0.01
0.01
0.01
0.01
0.01
0.01
0.00
0.01
0.01
0.01
0.01
0.01
0.01
0.00
0.01
0.00
0.01
0.00
0.01
0.00
0.00
0.01
0.00
0.00
0.01
0.00
0.00
0.01
0.01
0.01
0.00
0.01
0.00
0.01
0.01
0.01
0.01
0.01
0.00
0.00
0.01
0.00
0.01
0.00
0.00
0.00
0.01
0.00
0.00
0.00
0.01
0.01
0.01
0.00
0.00
0.00
0.01
0.01
0.01
0.01
0.01
0.00
0.01
0.01
0.01
0.00
0.01
0.00
0.01
0.00
0.00
0.00
0.00
0.00
0.00
0.00
0.00
0.00
0.01
0.00
0.00
0.00
0.00
0.01
0.00
0.00
0.00
0.00
0.00
0.00
0.00
0.00
0.00
0.01
0.00
0.01
0.00
0.00
0.00
0.00
0.00
0.01
0.00
0.00
0.00
0.00
0.00
0.00
0.00
0.00
0.01
0.00
