GUESS    :MOVING_HI
STARTTIME:1289550951841
ENDTIME  :1289550966057
LOCALSPD :6.04798
LONGSPD  :6.6817427
LOCATION :Location[mProvider=network,mTime=1289550960806,mLatitude=55.76510418,mLongitude=12.48555772,mHasAltitude=false,mAltitude=0.0,mHasSpeed=false,mSpeed=0.0,mHasBearing=false,mBearing=0.0,mHasAccuracy=true,mAccuracy=59.0,mExtras=Bundle[mParcelledData.dataSize=148]]
ADDRESS :

3.15
0.46
0.41
0.28
0.35
0.15
0.28
0.25
0.30
0.39
0.35
0.35
0.22
0.65
0.49
0.42
0.24
0.22
0.14
0.22
0.04
0.08
0.22
0.37
0.23
0.67
0.25
0.08
0.20
0.39
0.14
0.22
0.17
0.26
0.19
0.12
0.10
0.27
0.65
0.41
0.27
0.12
0.13
0.17
0.36
0.12
0.12
0.24
0.48
0.09
0.17
0.28
0.12
0.15
0.07
0.30
0.16
0.16
0.11
0.12
0.12
0.17
0.21
0.40
0.36
0.30
0.32
0.25
0.18
0.18
0.11
0.24
0.29
0.27
0.20
0.20
0.16
0.27
0.17
0.29
0.20
0.11
0.16
0.08
0.13
0.06
0.28
0.26
0.18
0.07
0.15
0.29
0.22
0.20
0.20
0.07
0.17
0.10
0.13
0.18
0.13
0.12
0.17
0.26
0.04
0.31
0.11
0.08
0.31
0.15
0.15
0.07
0.03
0.16
0.14
0.17
0.18
0.15
0.04
0.11
0.15
0.22
0.07
0.13
0.02
0.07
0.12
0.19
