GUESS    :MOVING_ME
STARTTIME:1289551089826
ENDTIME  :1289551103343
LOCALSPD :0.0
LONGSPD  :4.190138
LOCATION :Location[mProvider=network,mTime=1289551057167,mLatitude=55.765373,mLongitude=12.487609,mHasAltitude=false,mAltitude=0.0,mHasSpeed=false,mSpeed=0.0,mHasBearing=false,mBearing=0.0,mHasAccuracy=true,mAccuracy=565.0,mExtras=Bundle[mParcelledData.dataSize=148]]
ADDRESS :

2.59
0.90
0.22
0.62
0.98
0.63
0.21
0.50
0.40
0.39
0.44
0.46
0.50
0.09
0.00
0.52
0.47
0.19
0.15
0.09
0.15
0.26
0.26
0.10
0.25
0.24
0.30
0.14
0.20
0.24
0.12
0.21
0.05
0.08
0.02
0.11
0.14
0.14
0.02
0.15
0.16
0.05
0.12
0.11
0.13
0.17
0.11
0.17
0.18
0.17
0.19
0.24
0.13
0.06
0.19
0.03
0.09
0.10
0.12
0.14
0.20
0.28
0.02
0.27
0.10
0.13
0.07
0.10
0.23
0.15
0.10
0.15
0.12
0.37
0.09
0.16
0.17
0.06
0.11
0.09
0.27
0.23
0.09
0.14
0.14
0.12
0.08
0.07
0.10
0.22
0.27
0.20
0.10
0.07
0.11
0.21
0.09
0.07
0.09
0.13
0.14
0.05
0.20
0.18
0.10
0.36
0.28
0.10
0.14
0.03
0.14
0.16
0.07
0.03
0.13
0.14
0.07
0.07
0.07
0.02
0.07
0.05
0.13
0.05
0.08
0.14
0.23
0.15
