GUESS    :MOVING_ME
STARTTIME:1289551517521
ENDTIME  :1289551531420
LOCALSPD :4.175527
LONGSPD  :4.059243
LOCATION :Location[mProvider=network,mTime=1289551499348,mLatitude=55.78049582999999,mLongitude=12.50987896,mHasAltitude=false,mAltitude=0.0,mHasSpeed=false,mSpeed=0.0,mHasBearing=false,mBearing=0.0,mHasAccuracy=true,mAccuracy=52.0,mExtras=Bundle[mParcelledData.dataSize=148]]
ADDRESS :

3.54
2.23
2.71
4.74
1.47
2.96
2.00
2.52
2.41
3.30
1.72
1.66
0.72
2.08
1.38
1.29
1.04
0.46
2.63
4.62
2.23
1.80
3.21
4.10
3.68
2.94
7.74
2.38
2.26
0.93
1.55
1.51
0.80
1.97
2.79
1.69
2.47
1.42
1.23
1.87
2.67
4.97
1.36
3.68
2.30
2.38
5.39
1.72
4.47
1.14
2.10
1.92
2.21
1.20
1.18
0.99
0.68
1.69
0.42
1.87
1.92
2.04
3.26
4.36
2.22
1.95
1.17
3.76
4.03
4.59
0.86
1.04
3.09
1.92
1.38
1.74
1.28
2.22
0.99
1.18
2.30
1.31
0.91
3.05
1.96
2.57
1.59
1.73
0.87
3.16
1.93
1.31
1.65
0.99
2.07
2.68
1.35
3.00
2.29
1.28
3.06
1.68
1.33
2.68
1.12
5.79
5.42
3.90
2.74
3.68
1.13
4.29
3.15
1.53
3.34
1.85
2.62
2.96
1.92
2.89
2.41
2.83
3.28
0.61
2.11
2.06
4.39
4.44
1.40
3.49
3.99
2.38
3.49
3.62
2.18
2.30
0.72
1.65
2.11
2.67
1.89
2.87
4.02
2.64
2.60
1.32
0.64
2.10
2.74
3.95
3.08
2.86
2.19
2.86
1.54
2.85
0.91
1.44
2.79
2.41
1.72
2.17
2.72
1.04
1.92
1.46
0.82
0.20
1.27
2.45
3.42
2.33
1.70
2.15
2.29
2.91
1.72
5.39
3.23
3.99
1.55
4.10
4.36
1.36
2.62
2.91
1.44
3.06
1.96
1.87
0.74
1.50
1.29
0.34
2.48
1.09
0.99
0.97
1.46
1.72
1.88
0.65
0.93
0.41
0.89
0.57
0.46
1.76
1.01
2.23
2.83
4.36
4.05
6.62
1.66
3.90
1.99
2.87
0.84
1.80
1.18
2.87
2.02
3.53
1.62
4.63
1.38
3.17
2.04
3.38
2.34
1.40
1.04
3.99
1.68
4.09
2.71
2.07
2.75
2.40
1.13
2.66
2.62
2.30
1.23
6.20
4.09
7.26
3.57
7.89
8.46
5.75
5.46
5.75
5.37
2.81
