GUESS    :IDLE
STARTTIME:1289551684361
ENDTIME  :1289551699721
LOCALSPD :1.8001399
LONGSPD  :2.82548
LOCATION :Location[mProvider=network,mTime=1289551677368,mLatitude=55.78248378571429,mLongitude=12.514047157142855,mHasAltitude=false,mAltitude=0.0,mHasSpeed=false,mSpeed=0.0,mHasBearing=false,mBearing=0.0,mHasAccuracy=true,mAccuracy=53.0,mExtras=Bundle[mParcelledData.dataSize=148]]
ADDRESS :

0.08
0.12
0.12
0.03
0.10
0.03
0.03
0.10
0.08
0.07
0.05
0.04
0.07
0.07
0.08
0.19
0.19
0.08
0.04
0.08
0.08
0.08
0.08
0.08
0.12
0.08
0.08
0.04
0.07
0.03
0.08
0.12
0.04
0.08
0.04
0.03
0.05
0.03
0.03
0.11
0.04
0.07
0.07
0.04
0.04
0.07
0.07
0.04
0.14
0.15
0.11
0.04
0.11
0.15
0.12
0.03
0.07
0.08
0.07
0.07
0.08
0.11
0.04
0.03
0.07
0.07
0.22
0.08
0.07
0.10
0.07
0.04
0.03
0.07
0.04
0.03
0.07
0.11
0.11
0.11
0.11
0.07
0.07
0.11
0.11
0.07
0.07
0.04
0.03
0.03
0.03
0.04
0.04
0.03
0.04
0.04
0.07
0.04
0.03
0.11
0.11
0.04
0.12
0.11
0.11
0.14
0.08
0.03
0.07
0.04
0.08
0.03
0.11
0.08
0.08
0.12
0.08
0.05
0.03
0.07
0.08
0.08
0.08
0.11
0.05
0.11
0.11
0.08
0.12
0.12
0.14
0.10
0.03
0.10
0.04
0.05
0.07
0.07
0.04
0.05
0.03
0.03
0.03
0.04
0.08
0.04
0.04
0.03
0.10
0.10
0.08
0.08
0.04
0.08
0.08
0.07
0.03
0.08
0.05
0.05
0.10
0.11
0.15
0.08
0.08
0.07
0.14
0.04
0.04
0.08
0.07
0.07
0.04
0.11
0.07
0.11
0.10
0.05
0.03
0.03
0.04
0.03
0.07
0.03
0.11
0.07
0.08
0.05
0.05
0.04
0.11
0.04
0.11
0.03
0.07
0.04
0.10
0.11
0.04
0.04
0.04
0.12
0.15
0.04
0.07
0.15
0.11
0.08
0.05
0.07
0.10
0.11
0.08
0.11
0.03
0.11
0.07
0.10
0.07
0.10
0.04
0.07
0.08
0.18
0.03
0.04
0.11
0.03
0.15
0.08
0.11
0.07
0.12
0.12
0.11
0.03
0.04
0.08
0.04
0.05
0.07
0.04
0.07
0.11
0.08
0.08
0.08
0.08
0.07
0.11
0.39
0.50
0.38
0.16
0.49
0.49
