GUESS    :MOVING_HI
STARTTIME:1289549616263
ENDTIME  :1289549629690
LOCALSPD :0.0
LONGSPD  :-1.0
LOCATION :Location[mProvider=network,mTime=1289549588890,mLatitude=55.749555175,mLongitude=12.376701625,mHasAltitude=false,mAltitude=0.0,mHasSpeed=false,mSpeed=0.0,mHasBearing=false,mBearing=0.0,mHasAccuracy=true,mAccuracy=50.0,mExtras=Bundle[mParcelledData.dataSize=148]]
ADDRESS :

3.06
1.50
1.88
2.19
1.08
0.56
1.09
0.38
0.63
0.51
0.48
0.73
0.18
0.06
0.51
0.09
0.04
0.67
0.13
0.29
0.53
0.51
0.31
0.59
0.71
0.52
0.47
0.76
0.53
0.16
0.30
0.42
0.15
0.11
0.26
0.49
0.22
0.37
0.42
0.30
0.20
0.43
0.20
0.26
0.14
0.32
0.33
0.10
0.34
0.36
0.47
0.37
0.60
0.55
0.36
0.59
0.46
0.13
0.45
0.15
0.09
0.28
0.05
0.17
0.09
0.06
0.08
0.07
0.26
0.11
0.21
0.20
0.05
0.06
0.03
0.19
0.38
0.35
0.44
0.64
0.40
0.34
0.32
0.13
0.09
0.13
0.15
0.22
0.21
0.17
0.34
0.19
0.31
0.17
0.21
0.13
0.24
0.10
0.19
0.21
0.23
0.03
0.25
0.27
0.07
0.17
0.29
0.19
0.27
0.20
0.23
0.36
0.12
0.21
0.14
0.18
0.05
0.12
0.18
0.17
0.16
0.26
0.40
0.14
0.19
0.10
0.09
0.12
