GUESS    :MOVING_ME
STARTTIME:1289549963434
ENDTIME  :1289549976920
LOCALSPD :6.528525
LONGSPD  :1.6821461
LOCATION :Location[mProvider=network,mTime=1289549949392,mLatitude=55.7501351,mLongitude=12.392776399999999,mHasAltitude=false,mAltitude=0.0,mHasSpeed=false,mSpeed=0.0,mHasBearing=false,mBearing=0.0,mHasAccuracy=true,mAccuracy=52.0,mExtras=Bundle[mParcelledData.dataSize=148]]
ADDRESS :

2.33
3.11
1.21
2.82
1.47
1.17
1.76
0.52
1.02
1.87
0.54
1.53
1.14
1.88
1.38
0.57
3.11
4.22
4.59
5.90
6.77
5.97
3.30
2.66
3.98
0.99
3.34
1.80
3.12
0.39
2.25
1.20
1.78
2.33
1.48
1.29
2.71
0.53
0.87
1.73
2.03
0.61
0.38
1.83
0.89
0.93
2.83
0.99
1.08
1.65
0.54
1.95
2.98
0.50
4.22
1.35
1.33
4.05
2.72
2.55
4.47
1.27
1.27
1.36
0.80
2.22
0.57
4.21
2.87
2.90
2.15
2.08
1.73
1.63
0.41
0.53
1.69
0.76
0.50
0.84
0.93
1.46
0.64
1.08
0.80
3.13
1.29
1.80
1.65
1.01
0.84
0.39
1.69
1.53
0.95
1.96
1.92
0.91
1.31
3.19
4.26
1.08
1.38
0.90
3.27
2.34
6.25
7.04
2.41
7.31
2.48
5.00
1.20
1.61
2.47
2.44
5.05
0.46
2.08
2.82
2.19
4.34
0.74
3.58
3.45
3.09
1.42
3.09
2.48
1.35
1.04
1.18
1.35
0.93
0.69
0.87
2.98
1.78
1.23
2.15
1.27
2.10
2.85
2.98
1.61
4.48
0.23
2.57
3.20
3.30
1.20
0.93
4.07
1.85
2.26
2.23
2.17
1.04
1.48
1.84
1.76
3.11
0.99
2.37
0.61
1.80
1.04
2.19
2.22
3.81
3.35
2.14
1.38
1.91
1.54
4.03
2.45
1.08
1.47
1.09
2.19
1.77
1.18
0.93
3.21
2.79
3.19
3.36
2.56
2.52
1.20
2.59
1.09
1.27
1.42
1.96
1.01
3.13
2.29
1.92
1.88
1.53
0.99
1.04
0.98
1.87
1.99
1.59
3.28
2.18
1.62
2.91
1.87
3.83
1.42
2.45
2.00
1.72
1.44
1.46
0.31
2.22
1.42
2.03
3.28
0.63
0.65
1.97
1.18
0.72
1.99
2.15
3.28
1.91
2.79
3.17
2.38
1.84
1.35
1.48
2.60
1.25
2.71
1.33
2.34
2.02
2.90
2.40
3.00
1.73
1.59
2.53
1.40
1.42
1.46
1.74
