GUESS    :MOVING_HI
STARTTIME:1289550004274
ENDTIME  :1289550018180
LOCALSPD :2.8384898
LONGSPD  :2.0749362
LOCATION :Location[mProvider=network,mTime=1289550012986,mLatitude=55.7489338,mLongitude=12.3970674,mHasAltitude=false,mAltitude=0.0,mHasSpeed=false,mSpeed=0.0,mHasBearing=false,mBearing=0.0,mHasAccuracy=true,mAccuracy=70.0,mExtras=Bundle[mParcelledData.dataSize=148]]
ADDRESS :

3.04
1.36
0.35
0.74
0.65
0.39
0.28
0.32
0.45
0.25
0.52
0.42
0.14
0.32
0.33
0.17
0.28
0.36
0.36
0.54
0.24
0.07
0.07
0.36
0.22
0.40
0.24
0.27
0.46
0.19
0.24
0.17
0.33
0.12
0.33
0.35
0.16
0.10
0.06
0.10
0.21
0.13
0.17
0.18
0.17
0.32
0.09
0.16
0.07
0.26
0.08
0.13
0.23
0.22
0.37
0.22
0.21
0.23
0.08
0.12
0.21
0.20
0.12
0.04
0.12
0.17
0.23
0.33
0.30
0.24
0.21
0.18
0.03
0.26
0.28
0.11
0.05
0.19
0.16
0.13
0.10
0.02
0.04
0.03
0.14
0.24
0.15
0.17
0.20
0.24
0.28
0.19
0.20
0.20
0.15
0.24
0.23
0.21
0.13
0.03
0.29
0.27
0.25
0.21
0.16
0.22
0.06
0.17
0.39
0.22
0.36
0.09
0.06
0.04
0.06
0.07
0.16
0.04
0.31
0.22
0.12
0.24
0.22
0.16
0.06
0.12
0.10
0.08
