GUESS    :RUNNING
STARTTIME:1289550451371
ENDTIME  :1289550464891
LOCALSPD :3.4755275
LONGSPD  :4.8052173
LOCATION :Location[mProvider=network,mTime=1289550448971,mLatitude=55.7588806,mLongitude=12.42961845,mHasAltitude=false,mAltitude=0.0,mHasSpeed=false,mSpeed=0.0,mHasBearing=false,mBearing=0.0,mHasAccuracy=true,mAccuracy=60.0,mExtras=Bundle[mParcelledData.dataSize=148]]
ADDRESS :

2.52
0.54
0.39
0.29
0.15
0.28
0.15
0.27
0.16
0.35
0.08
0.44
0.05
0.27
0.16
0.06
0.03
0.14
0.09
0.27
0.31
0.26
0.39
0.27
0.18
0.17
0.10
0.16
0.20
0.25
0.01
0.15
0.16
0.10
0.10
0.21
0.15
0.06
0.14
0.06
0.15
0.15
0.21
0.46
0.12
0.21
0.31
0.16
0.03
0.19
0.07
0.22
0.10
0.20
0.20
0.20
0.07
0.18
0.22
0.12
0.08
0.12
0.33
0.20
0.08
0.29
0.06
0.13
0.05
0.16
0.20
0.12
0.02
0.14
0.08
0.13
0.23
0.10
0.19
0.20
0.12
0.09
0.02
0.04
0.12
0.13
0.06
0.18
0.14
0.15
0.04
0.10
0.12
0.06
0.08
0.03
0.05
0.28
0.23
0.01
0.08
0.02
0.02
0.19
0.13
0.09
0.04
0.09
0.18
0.21
0.13
0.08
0.11
0.20
0.08
0.21
0.08
0.10
0.16
0.13
0.12
0.05
0.20
0.05
0.07
0.10
0.11
0.08
