GUESS    :WALKING
STARTTIME:1287913486116
ENDTIME  :1287913499165
LOCATION :Location[mProvider=network,mTime=1287913444301,mLatitude=55.7469281,mLongitude=12.376931983333334,mHasAltitude=false,mAltitude=0.0,mHasSpeed=false,mSpeed=0.0,mHasBearing=false,mBearing=0.0,mHasAccuracy=true,mAccuracy=75.0,mExtras=Bundle[mParcelledData.dataSize=148]]
ADDRESS :

6.83
0.23
0.06
0.11
0.15
0.11
0.27
0.06
0.10
0.26
0.09
0.08
0.11
0.72
0.39
0.28
0.09
0.07
0.13
0.19
0.16
0.48
0.12
0.30
0.65
0.23
0.75
2.51
0.74
0.19
0.17
0.13
0.15
0.17
0.23
0.21
0.15
0.17
0.19
0.22
0.51
0.05
0.40
0.16
0.09
0.11
0.20
0.08
0.24
0.13
0.37
0.54
0.17
1.03
1.05
0.38
0.30
0.11
0.21
0.36
0.04
0.38
0.06
0.29
0.31
0.14
0.49
0.41
0.41
0.15
0.21
0.11
0.28
0.28
0.22
0.30
0.55
0.27
0.92
0.71
1.54
0.84
0.87
0.74
0.25
0.03
0.26
0.42
0.11
0.28
0.32
0.19
0.29
0.47
0.34
0.27
0.28
0.23
0.10
0.09
0.20
0.30
0.23
0.51
0.70
0.55
0.58
1.03
0.62
0.74
0.36
0.14
0.06
0.13
0.04
0.30
0.27
0.34
0.24
0.29
0.66
0.41
0.16
0.59
0.10
0.47
0.44
0.15
