GUESS    :MOVING_SM
STARTTIME:1287911937846
ENDTIME  :1287911951036
LOCATION :Location[mProvider=network,mTime=1287911940886,mLatitude=55.7454488,mLongitude=12.3767715,mHasAltitude=false,mAltitude=0.0,mHasSpeed=false,mSpeed=0.0,mHasBearing=false,mBearing=0.0,mHasAccuracy=true,mAccuracy=92.0,mExtras=Bundle[mParcelledData.dataSize=148]]
ADDRESS :

0.81
0.82
0.36
0.13
0.17
0.31
0.40
0.26
0.13
0.14
0.20
0.20
0.20
0.28
0.21
0.14
0.10
0.12
0.16
0.17
0.17
0.10
0.14
0.18
0.19
0.20
0.18
0.18
0.09
0.18
0.14
0.16
0.14
0.12
0.13
0.12
0.10
0.14
0.12
0.12
0.14
0.13
0.11
0.12
0.09
0.08
0.04
0.08
0.06
0.06
0.11
0.08
0.05
0.06
0.04
0.04
0.02
0.03
0.05
0.04
0.01
0.07
0.05
0.06
0.07
0.06
0.03
0.10
0.07
0.07
0.11
0.08
0.06
0.09
0.04
0.03
0.04
0.05
0.04
0.04
0.08
0.08
0.04
0.07
0.06
0.05
0.06
0.08
0.06
0.04
0.02
0.04
0.04
0.08
0.13
0.11
0.09
0.05
0.05
0.03
0.03
0.03
0.07
0.06
0.06
0.01
0.06
0.06
0.07
0.09
0.08
0.05
0.02
0.07
0.08
0.05
0.03
0.03
0.02
0.04
0.02
0.03
0.04
0.03
0.05
0.03
0.02
0.07
