GUESS    :WALKING
STARTTIME:1287912029257
ENDTIME  :1287912043106
LOCATION :Location[mProvider=network,mTime=1287912000908,mLatitude=55.7454488,mLongitude=12.3767715,mHasAltitude=false,mAltitude=0.0,mHasSpeed=false,mSpeed=0.0,mHasBearing=false,mBearing=0.0,mHasAccuracy=true,mAccuracy=92.0,mExtras=Bundle[mParcelledData.dataSize=148]]
ADDRESS :

1.37
0.76
0.50
0.56
0.08
0.16
0.33
0.11
0.42
0.72
0.35
0.39
0.65
0.29
0.35
0.47
0.21
0.41
0.33
0.07
0.30
0.43
0.11
0.27
0.28
0.20
0.21
0.23
0.02
0.30
0.23
0.07
0.23
0.19
0.10
0.19
0.13
0.05
0.15
0.23
0.03
0.19
0.17
0.08
0.20
0.18
0.04
0.14
0.10
0.08
0.13
0.08
0.08
0.20
0.19
0.04
0.14
0.14
0.03
0.09
0.05
0.09
0.10
0.04
0.07
0.15
0.07
0.08
0.16
0.05
0.02
0.10
0.04
0.07
0.08
0.09
0.04
0.08
0.10
0.06
0.11
0.08
0.09
0.10
0.04
0.07
0.13
0.14
0.13
0.05
0.06
0.10
0.14
0.10
0.08
0.16
0.06
0.11
0.08
0.05
0.17
0.16
0.12
0.02
0.08
0.06
0.04
0.11
0.04
0.19
0.15
0.05
0.06
0.16
0.12
0.03
0.23
0.07
0.15
0.09
0.08
0.06
0.15
0.11
0.05
0.09
0.05
0.01
