GUESS    :MOVING_SM
STARTTIME:1287912082876
ENDTIME  :1287912096055
LOCATION :Location[mProvider=network,mTime=1287912060992,mLatitude=55.7454488,mLongitude=12.3767715,mHasAltitude=false,mAltitude=0.0,mHasSpeed=false,mSpeed=0.0,mHasBearing=false,mBearing=0.0,mHasAccuracy=true,mAccuracy=92.0,mExtras=Bundle[mParcelledData.dataSize=148]]
ADDRESS :

0.33
0.23
0.20
0.12
0.06
0.11
0.09
0.10
0.05
0.03
0.05
0.05
0.06
0.06
0.03
0.05
0.05
0.05
0.06
0.03
0.03
0.03
0.04
0.04
0.09
0.05
0.08
0.05
0.02
0.04
0.04
0.04
0.04
0.06
0.03
0.04
0.04
0.05
0.05
0.04
0.03
0.01
0.02
0.02
0.02
0.05
0.04
0.04
0.06
0.03
0.05
0.05
0.04
0.02
0.03
0.02
0.03
0.02
0.01
0.01
0.02
0.03
0.02
0.03
0.02
0.02
0.03
0.01
0.01
0.02
0.04
0.04
0.05
0.05
0.03
0.04
0.02
0.03
0.03
0.02
0.02
0.02
0.02
0.02
0.01
0.01
0.01
0.03
0.02
0.03
0.02
0.03
0.03
0.03
0.02
0.02
0.02
0.04
0.03
0.03
0.02
0.02
0.02
0.02
0.02
0.01
0.01
0.03
0.01
0.03
0.02
0.01
0.03
0.01
0.02
0.03
0.03
0.01
0.02
0.03
0.04
0.04
0.03
0.02
0.02
0.03
0.03
0.01
