GUESS    :WALKING
STARTTIME:1287912424367
ENDTIME  :1287912437386
LOCATION :Location[mProvider=network,mTime=1287912421179,mLatitude=55.7454488,mLongitude=12.3767715,mHasAltitude=false,mAltitude=0.0,mHasSpeed=false,mSpeed=0.0,mHasBearing=false,mBearing=0.0,mHasAccuracy=true,mAccuracy=92.0,mExtras=Bundle[mParcelledData.dataSize=148]]
ADDRESS :

1.63
0.75
0.89
0.61
0.18
0.45
0.27
0.18
0.08
0.11
0.28
0.20
0.06
0.12
0.24
0.03
0.12
0.26
0.13
0.32
0.52
0.33
0.48
0.42
0.01
0.07
0.33
0.09
0.12
0.10
0.05
0.26
0.10
0.09
0.08
0.07
0.10
0.11
0.12
0.07
0.09
0.17
0.17
0.20
0.08
0.10
0.13
0.02
0.04
0.12
0.08
0.13
0.03
0.07
0.09
0.09
0.07
0.03
0.09
0.13
0.05
0.03
0.19
0.18
0.14
0.11
0.02
0.06
0.04
0.01
0.01
0.02
0.04
0.04
0.08
0.10
0.08
0.12
0.09
0.11
0.09
0.14
0.05
0.18
0.11
0.04
0.13
0.13
0.11
0.02
0.09
0.16
0.15
0.10
0.09
0.07
0.10
0.10
0.12
0.06
0.11
0.15
0.02
0.07
0.03
0.05
0.15
0.09
0.13
0.05
0.04
0.14
0.12
0.15
0.23
0.13
0.13
0.06
0.16
0.02
0.15
0.08
0.06
0.06
0.03
0.15
0.11
0.12
