GUESS    :MOVING_SM
STARTTIME:1287911779850
ENDTIME  :1287911793006
LOCATION :Location[mProvider=network,mTime=1287911760764,mLatitude=55.7454488,mLongitude=12.3767715,mHasAltitude=false,mAltitude=0.0,mHasSpeed=false,mSpeed=0.0,mHasBearing=false,mBearing=0.0,mHasAccuracy=true,mAccuracy=92.0,mExtras=Bundle[mParcelledData.dataSize=148]]
ADDRESS :

0.44
0.33
0.13
0.05
0.21
0.21
0.13
0.13
0.09
0.11
0.15
0.19
0.05
0.06
0.03
0.13
0.08
0.04
0.08
0.10
0.09
0.10
0.14
0.16
0.09
0.03
0.14
0.14
0.05
0.03
0.09
0.07
0.04
0.06
0.07
0.02
0.02
0.07
0.09
0.07
0.07
0.05
0.05
0.01
0.06
0.08
0.05
0.04
0.05
0.08
0.01
0.05
0.03
0.07
0.03
0.05
0.06
0.06
0.05
0.04
0.08
0.05
0.04
0.01
0.04
0.05
0.01
0.03
0.03
0.07
0.05
0.04
0.04
0.04
0.03
0.04
0.02
0.03
0.04
0.07
0.10
0.07
0.04
0.05
0.04
0.02
0.01
0.05
0.05
0.01
0.04
0.06
0.05
0.03
0.05
0.05
0.01
0.04
0.06
0.05
0.04
0.07
0.05
0.04
0.05
0.09
0.07
0.02
0.04
0.10
0.11
0.06
0.01
0.03
0.07
0.05
0.07
0.03
0.05
0.09
0.08
0.08
0.03
0.03
0.07
0.08
0.05
0.04
