GUESS    :WALKING
STARTTIME:1287990005637
ENDTIME  :1287990018575
LOCALSPD :1.2633535
LONGSPD  :2.268461
LOCATION :org.peterstrand.service.LocationWrapper@44990e88
ADDRESS :

3.76
4.29
3.60
6.55
3.91
6.89
5.53
1.04
4.20
4.66
6.66
3.19
4.94
5.15
3.72
8.02
5.18
1.69
1.92
3.02
3.61
2.47
4.70
6.96
4.18
4.59
5.07
2.60
2.81
4.70
5.46
5.41
4.93
9.81
3.51
4.15
7.33
2.66
2.83
3.30
2.44
3.23
3.28
6.07
7.12
0.89
6.48
2.98
2.03
2.83
8.39
4.49
4.40
7.04
7.48
4.86
5.91
6.39
2.32
2.57
3.17
3.60
4.06
4.69
6.05
3.92
4.21
4.56
3.51
1.27
5.43
7.08
5.42
4.18
6.82
6.74
6.78
8.81
4.56
2.71
2.26
2.91
4.56
3.95
3.45
6.62
3.81
7.45
5.56
2.07
1.53
5.49
7.80
5.76
5.16
9.15
6.55
4.90
9.26
4.56
1.20
3.98
4.94
4.40
5.18
6.59
4.56
5.13
6.09
3.76
2.10
4.75
8.38
6.02
4.79
10.30
3.60
7.93
9.87
3.53
1.74
3.02
3.95
3.64
2.60
4.94
3.73
3.26
10.01
5.03
1.61
2.38
8.62
6.50
5.86
7.74
7.89
5.48
9.87
4.52
2.68
2.60
3.99
3.65
2.06
3.75
4.52
5.35
10.37
6.40
1.72
4.02
6.32
6.16
3.19
5.41
4.86
7.23
9.83
5.26
2.74
1.81
2.34
4.33
4.07
2.18
6.44
2.26
3.70
6.88
3.11
2.02
3.61
4.82
4.14
3.24
4.06
4.84
9.11
11.71
4.69
2.11
1.65
2.53
4.17
2.67
3.85
6.81
2.57
8.05
5.41
2.03
2.87
5.54
6.48
6.37
4.73
8.20
6.09
8.27
7.78
2.96
2.04
1.99
3.83
4.99
3.58
5.56
6.84
5.13
4.86
3.68
1.33
5.82
5.68
6.52
1.91
3.76
5.80
4.22
11.30
6.82
2.76
1.35
3.32
3.87
3.23
1.73
7.72
3.68
5.79
5.87
2.07
1.57
4.26
6.78
4.20
3.61
4.64
3.61
6.17
10.27
4.55
1.57
1.77
2.41
5.67
2.11
4.13
6.73
3.64
6.96
4.77
2.81
1.81
5.33
