GUESS    :MOVING_SM
STARTTIME:1287989641710
ENDTIME  :1287989655531
LOCALSPD :0.0
LONGSPD  :-1.0
LOCATION :org.peterstrand.service.LocationWrapper@4493aa88
ADDRESS :

0.97
0.95
1.95
0.45
1.10
1.50
0.69
0.78
0.83
2.67
1.73
2.23
1.38
0.57
0.74
1.66
0.39
0.65
0.18
0.57
0.30
1.25
1.08
2.36
1.66
0.23
1.58
0.29
0.68
0.45
0.64
0.42
1.61
0.33
1.12
0.56
0.45
0.93
0.38
0.65
0.42
0.65
0.87
0.34
0.31
0.19
0.11
0.64
0.34
1.33
1.39
0.68
0.44
0.93
1.06
0.60
0.34
0.46
1.05
1.38
0.56
0.39
0.27
0.35
0.83
0.65
0.99
0.69
0.59
0.31
0.20
0.63
0.75
1.74
1.25
1.20
0.93
1.14
1.13
0.95
0.75
1.27
0.53
1.39
1.84
0.76
2.04
1.47
1.42
0.50
1.10
0.80
0.59
0.76
0.91
0.53
1.23
0.74
0.83
0.72
0.78
0.86
1.09
0.99
0.89
0.39
0.59
0.49
1.57
1.13
0.64
0.68
0.76
0.42
0.60
0.79
0.72
0.84
0.87
1.35
0.80
1.33
0.78
1.10
0.83
0.93
0.80
0.74
0.69
0.46
0.65
0.69
0.94
0.72
0.61
0.91
0.27
1.16
0.76
1.46
1.12
0.69
0.94
1.12
0.16
1.28
0.20
0.69
0.90
1.12
1.04
1.76
0.53
1.04
0.50
0.46
0.67
0.27
1.06
0.61
1.42
0.42
0.82
0.37
0.72
0.89
0.80
0.95
1.27
1.44
1.04
0.76
0.95
0.72
0.75
0.69
1.24
0.97
0.82
1.02
0.80
1.43
0.89
1.08
0.87
1.24
0.93
0.34
0.64
0.50
0.35
0.80
0.91
0.97
1.35
1.31
0.54
0.15
0.34
0.78
0.84
1.04
0.27
1.27
1.20
0.90
1.01
0.95
1.84
0.72
1.18
0.57
0.42
0.45
0.42
0.23
0.31
0.46
0.22
0.30
0.27
0.61
0.44
0.44
0.30
0.42
0.41
0.18
0.42
0.61
0.41
0.42
0.08
0.46
0.12
0.26
0.31
0.20
0.11
0.11
0.16
0.54
0.34
0.50
0.42
1.10
0.83
0.27
0.23
0.35
0.48
0.38
0.08
0.39
0.45
0.08
