GUESS    :IDLE
STARTTIME:1288292376679
ENDTIME  :1288292392318
LOCALSPD :0.0
LONGSPD  :-1.0
LOCATION :Location[mProvider=network,mTime=1288292391140,mLatitude=55.74955725,mLongitude=12.37671795,mHasAltitude=false,mAltitude=0.0,mHasSpeed=false,mSpeed=0.0,mHasBearing=false,mBearing=0.0,mHasAccuracy=true,mAccuracy=50.0,mExtras=Bundle[mParcelledData.dataSize=148]]
ADDRESS :

0.04
0.08
0.04
0.04
0.12
0.12
0.08
0.08
0.08
0.08
0.04
0.08
0.08
0.04
0.04
0.08
0.08
0.07
0.07
0.12
0.04
0.12
0.04
0.08
0.04
0.08
0.08
0.04
0.12
0.04
0.04
0.08
0.04
0.04
0.12
0.08
0.04
0.04
0.04
0.12
0.12
0.12
0.12
0.04
0.04
0.08
0.12
0.08
0.08
0.08
0.08
0.12
0.08
0.08
0.12
0.08
0.08
0.12
0.04
0.08
0.08
0.12
0.08
0.08
0.04
0.08
0.04
0.04
0.08
0.04
0.04
0.04
0.12
0.08
0.12
0.04
0.04
0.08
0.04
0.12
0.12
0.04
0.04
0.08
0.12
0.04
0.08
0.04
0.16
0.12
0.12
0.12
0.12
0.12
0.08
0.08
0.08
0.04
0.16
0.12
0.12
0.08
0.04
0.08
0.04
0.08
0.04
0.08
0.08
0.04
0.04
0.08
0.04
0.08
0.08
0.04
0.16
0.16
0.12
0.12
0.12
0.08
0.04
0.04
0.04
0.08
0.08
0.12
0.12
0.08
0.04
0.04
0.04
0.04
0.12
0.04
0.08
0.08
0.08
0.04
0.04
0.04
0.12
0.08
0.08
0.08
0.16
0.04
0.08
0.04
0.12
0.07
0.07
0.04
0.08
0.12
0.08
0.12
0.04
0.12
0.04
0.04
0.12
0.08
0.04
0.04
0.12
0.12
0.04
0.04
0.08
0.12
0.04
0.08
0.08
0.04
0.12
0.16
0.04
0.04
0.08
0.12
0.08
0.04
0.08
0.20
0.12
0.04
0.04
0.04
0.04
0.08
0.04
0.12
0.16
0.16
0.08
0.04
0.04
0.08
0.08
0.04
0.08
0.04
0.08
0.04
0.04
0.12
0.04
0.08
0.08
0.12
0.16
0.08
0.08
0.12
0.27
0.19
0.04
0.12
0.04
0.08
0.04
0.08
0.16
0.04
0.08
0.04
0.04
0.12
0.08
0.12
0.04
0.16
0.08
0.04
0.08
0.08
0.12
0.08
0.12
0.12
0.04
0.08
0.04
0.04
0.04
0.04
0.12
0.08
0.12
0.08
0.04
0.04
0.04
0.04
