GUESS    :MOVING_SM
STARTTIME:1290779836897
ENDTIME  :1290779849934
LOCALSPD :-1.0
LONGSPD  :-1.0
LOCATION :Location[mProvider=network,mTime=1290779813198,mLatitude=55.78246511428572,mLongitude=12.5139973,mHasAltitude=false,mAltitude=0.0,mHasSpeed=false,mSpeed=0.0,mHasBearing=false,mBearing=0.0,mHasAccuracy=true,mAccuracy=53.0,mExtras=Bundle[mParcelledData.dataSize=148]]
ADDRESS :

0.17
0.08
0.05
0.08
0.12
0.08
0.10
0.08
0.07
0.09
0.09
0.08
0.09
0.09
0.09
0.08
0.09
0.10
0.07
0.09
0.09
0.07
0.08
0.10
0.07
0.07
0.09
0.09
0.08
0.09
0.09
0.09
0.08
0.09
0.08
0.08
0.08
0.09
0.09
0.09
0.08
0.08
0.09
0.09
0.08
0.09
0.09
0.08
0.08
0.10
0.07
0.07
0.09
0.10
0.08
0.09
0.09
0.08
0.09
0.09
0.08
0.08
0.10
0.08
0.08
0.09
0.09
0.07
0.09
0.08
0.08
0.09
0.09
0.07
0.08
0.09
0.09
0.09
0.09
0.08
0.08
0.08
0.09
0.08
0.08
0.09
0.09
0.08
0.09
0.09
0.08
0.09
0.09
0.09
0.09
0.09
0.08
0.09
0.10
0.08
0.08
0.09
0.09
0.08
0.08
0.09
0.09
0.09
0.08
0.09
0.08
0.10
0.08
0.08
0.09
0.09
0.09
0.09
0.08
0.09
0.09
0.08
0.08
0.09
0.08
0.09
0.09
0.08
