GUESS    :WALKING
STARTTIME:1287665516713
ENDTIME  :1287665530535
LOCATION :Location[mProvider=network,mTime=1287665478109,mLatitude=55.772570833333326,mLongitude=12.506356722222224,mHasAltitude=false,mAltitude=0.0,mHasSpeed=false,mSpeed=0.0,mHasBearing=false,mBearing=0.0,mHasAccuracy=true,mAccuracy=63.0,mExtras=Bundle[mParcelledData.dataSize=148]]
ADDRESS :

0.15
0.19
0.41
0.31
0.75
0.42
0.15
0.23
0.29
0.35
0.19
0.38
0.38
0.54
0.69
0.65
1.10
0.89
1.25
1.14
0.72
1.04
0.34
1.02
0.49
0.82
0.53
1.04
0.78
1.72
1.27
1.77
1.38
1.06
0.57
0.34
1.50
0.57
0.80
0.91
0.49
0.61
0.57
0.61
1.08
0.84
2.34
2.26
1.12
1.80
2.26
1.84
1.23
1.51
1.04
0.15
0.87
0.48
0.78
0.89
1.06
0.82
1.57
1.08
1.63
1.31
0.68
1.25
1.70
0.31
1.13
0.65
0.27
0.69
0.42
0.23
0.26
0.41
0.15
0.33
0.54
1.48
1.76
1.35
0.80
1.57
1.65
1.20
0.74
1.46
0.95
0.68
1.14
1.01
0.42
0.83
1.27
1.18
0.78
1.35
0.60
0.57
0.31
1.16
0.76
0.56
0.34
0.93
0.33
0.31
0.95
1.50
3.79
0.78
1.50
2.19
1.57
0.65
1.50
0.80
0.52
0.59
1.33
0.74
0.64
0.76
2.26
1.95
2.07
1.10
2.26
1.80
1.33
1.38
1.65
0.37
0.64
0.35
0.46
2.70
2.70
2.74
3.11
1.95
1.10
1.08
1.14
0.74
0.57
1.09
0.72
0.83
0.64
0.42
1.76
1.29
1.99
2.49
1.50
2.42
1.50
0.59
1.12
0.42
0.78
1.06
1.48
3.35
1.44
1.05
1.89
1.83
3.38
2.34
0.64
1.40
0.71
0.61
0.95
1.95
1.91
2.44
1.66
2.02
1.46
0.59
1.88
0.38
1.38
0.91
0.54
0.93
0.87
0.72
0.41
0.53
0.35
0.82
0.90
1.58
1.38
0.79
1.65
1.27
0.44
1.62
1.46
1.96
0.53
1.88
0.74
1.42
0.84
0.68
2.15
1.61
2.64
1.92
1.31
1.61
1.43
0.38
1.61
0.39
0.23
0.49
0.98
1.27
0.63
0.76
2.07
2.30
3.04
1.96
2.79
2.19
1.18
1.54
1.39
0.86
0.82
0.64
1.27
0.59
0.76
1.95
1.12
1.25
1.62
1.99
1.35
3.13
0.87
1.35
0.87
0.34
