GUESS    :WALKING
STARTTIME:1287665609575
ENDTIME  :1287665623403
LOCATION :Location[mProvider=network,mTime=1287665613237,mLatitude=55.77258276,mLongitude=12.506404530000001,mHasAltitude=false,mAltitude=0.0,mHasSpeed=false,mSpeed=0.0,mHasBearing=false,mBearing=0.0,mHasAccuracy=true,mAccuracy=63.0,mExtras=Bundle[mParcelledData.dataSize=148]]
ADDRESS :

1.99
1.26
0.36
0.41
0.20
0.31
0.04
0.25
0.09
0.07
0.05
0.12
0.26
0.13
0.14
0.23
0.08
0.16
0.26
0.48
0.28
0.35
0.76
0.68
0.35
0.24
0.17
0.25
0.11
0.18
0.07
0.08
0.07
0.08
0.08
0.10
0.04
0.07
0.11
0.11
0.09
0.12
0.09
0.12
0.13
0.11
0.13
0.06
0.09
0.20
0.17
0.02
0.07
0.01
0.04
0.07
0.05
0.07
0.14
0.04
0.09
0.07
0.08
0.03
0.09
0.08
0.09
0.12
0.15
0.06
0.13
0.13
0.25
0.17
0.09
0.11
0.10
0.02
0.13
0.06
0.07
0.08
0.04
0.14
0.15
0.13
0.09
0.11
0.16
0.05
0.10
0.15
0.11
0.09
0.12
0.18
0.12
0.12
0.05
0.06
0.15
0.06
0.03
0.04
0.13
0.05
0.09
0.07
0.16
0.08
0.11
0.16
0.03
0.11
0.10
0.20
0.13
0.17
0.32
0.22
0.10
0.05
0.13
0.18
0.17
0.05
0.03
0.02
