GUESS    :MOVING_SM
STARTTIME:1287665897513
ENDTIME  :1287665910382
LOCATION :Location[mProvider=network,mTime=1287665858395,mLatitude=55.773678,mLongitude=12.506639,mHasAltitude=false,mAltitude=0.0,mHasSpeed=false,mSpeed=0.0,mHasBearing=false,mBearing=0.0,mHasAccuracy=true,mAccuracy=605.0,mExtras=Bundle[mParcelledData.dataSize=148]]
ADDRESS :

0.49
0.42
0.38
0.72
0.49
0.87
0.74
0.61
0.65
0.57
1.01
0.50
0.95
0.54
1.40
0.84
0.57
0.54
0.31
0.19
0.42
0.38
0.50
0.42
0.19
0.20
0.18
0.19
0.15
0.14
0.35
0.20
0.42
0.31
0.35
0.35
0.33
0.54
0.27
0.35
0.46
0.19
0.38
0.08
0.60
0.10
0.35
0.16
0.38
0.18
0.30
0.04
0.34
0.50
0.23
0.44
0.48
0.69
0.27
0.27
0.93
0.42
0.23
0.53
0.39
0.75
1.74
1.31
1.42
0.89
0.69
0.93
1.50
1.57
0.50
0.95
1.72
0.89
1.16
0.49
0.27
0.34
0.57
0.76
0.54
0.46
1.25
1.14
1.27
0.45
0.78
0.44
0.78
0.52
1.57
0.53
1.99
0.99
1.24
1.38
1.08
0.86
0.78
1.12
0.68
0.54
0.89
0.60
1.23
0.45
1.08
1.25
0.93
0.79
0.29
0.38
0.27
0.18
0.53
0.65
0.78
0.53
0.33
1.31
1.12
1.68
1.63
1.89
1.23
1.16
1.42
1.38
0.76
1.77
0.56
0.33
0.31
0.42
1.14
0.42
0.57
0.30
1.25
0.99
0.74
0.54
0.86
0.45
0.34
0.57
0.45
0.87
0.63
1.08
0.67
0.87
0.35
0.80
0.95
0.34
0.35
0.25
0.41
0.82
0.76
1.24
0.80
1.20
0.75
0.39
0.76
1.27
0.99
0.69
0.08
0.42
0.18
0.63
0.50
0.19
0.27
0.46
0.04
0.67
0.59
0.61
1.05
0.93
0.34
0.12
0.19
0.33
0.26
0.22
0.41
0.30
0.08
0.15
0.20
0.31
0.23
0.16
0.87
0.25
0.53
0.59
0.84
1.33
1.10
1.09
0.65
0.34
0.23
0.20
0.30
0.38
0.33
0.65
0.38
0.46
0.46
0.38
1.08
1.21
0.95
0.95
0.98
0.84
1.28
0.54
0.60
0.80
1.16
0.99
0.59
0.54
0.64
1.16
0.57
0.29
1.85
0.84
0.80
2.07
1.66
0.45
0.50
0.41
0.31
0.19
0.29
0.34
0.35
0.33
0.30
0.07
