GUESS    :WALKING
STARTTIME:1287666364954
ENDTIME  :1287666377824
LOCATION :Location[mProvider=network,mTime=1287666330830,mLatitude=55.7753136,mLongitude=12.544024533333333,mHasAltitude=false,mAltitude=0.0,mHasSpeed=false,mSpeed=0.0,mHasBearing=false,mBearing=0.0,mHasAccuracy=true,mAccuracy=60.0,mExtras=Bundle[mParcelledData.dataSize=148]]
ADDRESS :

4.86
4.52
8.92
5.56
2.19
2.23
3.11
5.49
4.06
2.97
14.03
4.84
7.87
6.51
3.38
3.83
2.41
5.60
2.71
5.09
12.95
4.75
7.85
6.55
2.41
2.37
2.37
4.86
3.99
3.13
12.48
11.96
10.46
8.14
3.98
1.57
3.77
4.86
5.04
1.51
9.47
6.32
6.28
6.13
3.88
1.42
3.31
3.95
3.94
4.06
9.45
15.39
4.07
11.58
7.12
8.98
1.08
5.84
4.44
7.16
8.39
11.56
9.19
6.09
13.10
8.89
3.85
4.17
2.75
6.02
5.43
8.77
12.80
6.93
11.50
4.28
4.56
2.27
4.10
5.08
3.77
7.01
17.24
3.84
9.79
6.39
2.37
3.19
2.53
5.56
4.29
3.06
8.73
10.53
4.75
13.87
4.48
4.74
2.91
2.94
5.52
4.52
5.01
14.75
3.65
8.77
4.82
2.56
2.76
2.30
5.83
5.54
5.75
12.87
6.31
13.48
7.70
4.94
2.98
5.18
4.09
2.68
4.56
14.26
2.18
9.70
4.48
4.94
1.74
4.15
3.88
3.34
7.90
8.70
4.32
11.07
2.33
5.37
3.06
2.41
3.49
2.64
6.95
11.55
5.54
6.43
4.52
3.95
2.06
3.15
4.70
6.02
5.75
11.05
4.85
6.46
12.16
5.41
3.04
3.76
4.13
4.37
1.76
7.00
13.78
3.00
6.35
5.15
3.50
0.90
2.10
3.84
2.85
3.81
8.43
5.41
2.38
7.90
3.17
1.33
2.14
2.56
3.54
3.19
6.42
9.63
1.83
2.04
4.84
2.11
0.95
1.25
3.91
2.94
2.11
5.15
4.84
4.06
3.69
6.71
3.55
1.54
1.02
0.93
2.53
3.00
3.98
4.86
2.85
1.06
2.90
2.68
1.18
2.37
0.89
2.87
2.04
2.37
3.43
2.34
1.31
0.72
1.18
1.14
0.46
0.84
1.12
0.50
0.48
0.59
0.84
1.32
2.06
1.10
0.67
2.56
2.27
0.91
2.75
1.74
1.12
1.39
0.74
0.99
0.59
0.27
1.76
2.18
2.48
4.75
4.90
3.27
2.56
2.15
1.16
0.68
