GUESS    :WALKING
STARTTIME:1287666894146
ENDTIME  :1287666907813
LOCATION :Location[mProvider=network,mTime=1287666899163,mLatitude=55.774647,mLongitude=12.541274,mHasAltitude=false,mAltitude=0.0,mHasSpeed=false,mSpeed=0.0,mHasBearing=false,mBearing=0.0,mHasAccuracy=true,mAccuracy=672.0,mExtras=Bundle[mParcelledData.dataSize=148]]
ADDRESS :

7.59
14.60
2.30
6.06
5.03
3.23
0.90
1.40
1.50
3.91
3.55
7.38
12.65
2.45
0.87
4.78
4.34
4.89
1.54
4.93
4.63
1.08
6.58
10.84
3.32
3.36
5.16
1.95
1.53
1.31
1.04
0.76
3.49
4.88
4.40
5.60
4.79
3.32
5.24
5.05
6.17
1.53
3.45
3.26
2.00
4.84
7.86
6.31
5.48
5.12
3.51
2.10
2.90
3.41
2.23
3.88
3.75
4.84
1.48
10.15
5.03
4.17
4.52
4.41
1.81
3.05
1.12
2.48
1.46
3.15
2.42
5.39
5.45
3.57
2.26
2.22
1.54
2.15
1.68
1.05
3.99
2.42
6.24
3.26
13.06
4.29
3.06
4.51
4.74
3.91
1.23
3.50
3.17
1.20
5.04
5.69
10.12
3.30
6.37
4.93
2.72
0.99
1.39
3.99
2.68
5.01
5.37
8.76
1.88
6.36
5.63
3.45
3.05
1.62
5.50
3.45
6.48
12.42
6.13
4.94
6.31
3.31
2.23
2.52
2.11
4.40
3.72
5.01
5.04
8.81
0.91
5.28
4.26
1.81
1.72
3.87
3.60
4.88
11.24
6.28
3.53
6.47
4.14
1.81
2.33
2.00
3.61
3.73
1.69
8.35
4.22
1.25
3.04
1.83
1.62
1.93
2.91
3.21
4.82
10.95
5.83
7.56
5.13
3.15
2.57
3.21
3.21
3.02
4.75
10.72
3.04
3.85
3.01
1.43
0.91
1.29
4.67
2.67
2.86
10.38
5.60
9.04
4.49
1.38
2.62
2.17
3.65
2.37
6.82
14.48
3.64
2.62
3.75
3.00
2.07
0.93
1.95
4.06
2.64
3.68
10.51
7.25
7.46
6.86
3.62
2.34
2.60
4.88
3.61
2.56
9.70
2.64
3.95
3.02
0.64
2.98
3.09
2.38
4.40
11.03
9.00
7.59
7.42
4.10
2.22
2.83
3.96
1.91
5.09
10.38
2.07
2.81
4.59
1.20
1.72
2.42
4.02
2.08
5.30
5.72
10.30
2.87
7.04
5.26
3.70
1.57
2.96
3.00
3.95
3.02
7.90
9.36
7.63
1.57
5.72
3.90
