GUESS    :MOVING_SM
STARTTIME:1287667144894
ENDTIME  :1287667157802
LOCATION :Location[mProvider=network,mTime=1287667107050,mLatitude=55.763033,mLongitude=12.541313,mHasAltitude=false,mAltitude=0.0,mHasSpeed=false,mSpeed=0.0,mHasBearing=false,mBearing=0.0,mHasAccuracy=true,mAccuracy=1087.0,mExtras=Bundle[mParcelledData.dataSize=148]]
ADDRESS :

0.53
0.15
0.16
0.20
0.35
0.57
1.12
0.75
0.54
1.78
1.27
1.55
2.18
2.51
1.44
2.14
1.69
3.23
1.38
1.47
0.65
1.50
1.91
1.53
1.96
0.59
2.32
2.64
2.72
3.23
0.38
1.80
2.83
1.21
0.49
8.61
3.15
3.53
1.95
2.14
1.50
0.61
0.46
0.89
0.31
0.68
1.36
0.45
1.54
1.21
0.50
1.04
1.58
1.48
2.14
1.73
1.54
1.48
0.53
1.85
0.97
1.50
0.71
0.53
0.34
0.68
0.89
1.73
1.72
0.95
0.31
0.46
0.34
0.53
0.63
0.41
0.23
0.19
0.57
0.38
0.34
0.78
0.26
0.60
0.72
0.84
0.41
0.22
0.53
0.29
0.98
0.76
2.83
1.72
1.53
1.29
1.39
2.10
1.87
1.28
1.18
1.43
2.68
2.91
1.97
0.72
2.64
1.08
0.82
0.80
0.59
0.42
0.89
0.86
0.60
0.42
0.76
0.83
0.44
0.19
0.30
0.93
0.76
0.78
1.35
0.41
0.97
0.99
0.86
0.95
0.56
0.97
1.24
0.23
0.18
0.07
0.30
1.12
1.20
2.86
2.57
1.31
1.69
2.14
3.45
4.40
2.15
1.54
0.76
1.02
0.80
1.02
0.93
0.54
0.89
0.99
1.18
0.26
0.20
0.22
0.26
0.42
0.33
0.42
0.20
0.52
0.45
0.12
0.15
0.11
0.14
0.99
1.08
1.32
1.12
1.47
0.86
1.57
0.53
1.38
0.60
0.87
0.44
0.44
0.46
0.38
0.37
0.30
0.07
0.35
0.16
0.46
0.26
0.22
0.15
0.04
0.08
0.16
0.11
0.15
0.16
0.27
0.19
0.27
0.27
0.12
0.38
0.83
0.98
1.51
1.59
0.12
0.54
0.52
0.69
0.27
0.31
0.29
0.50
1.35
0.61
0.23
0.15
0.15
0.16
0.23
0.19
0.12
0.12
0.08
0.11
0.16
0.19
0.14
0.07
0.18
0.19
0.19
0.08
0.08
0.08
0.12
0.08
0.27
0.44
0.46
0.23
0.31
0.23
0.34
0.57
0.18
0.34
0.15
0.16
0.23
