GUESS    :WALKING
STARTTIME:1287664368803
ENDTIME  :1287664381794
LOCATION :Location[mProvider=network,mTime=1287664328920,mLatitude=55.77257083333333,mLongitude=12.506356722222224,mHasAltitude=false,mAltitude=0.0,mHasSpeed=false,mSpeed=0.0,mHasBearing=false,mBearing=0.0,mHasAccuracy=true,mAccuracy=63.0,mExtras=Bundle[mParcelledData.dataSize=148]]
ADDRESS :

0.23
1.01
0.49
0.68
0.26
0.63
0.34
0.31
0.69
0.63
0.22
0.44
0.07
0.18
0.46
0.30
0.41
0.46
0.37
0.30
0.22
0.46
0.50
0.39
0.46
1.10
1.12
0.68
1.62
1.91
1.36
0.99
0.87
1.46
1.42
0.95
0.75
1.05
0.64
0.27
0.15
0.46
0.42
0.31
0.50
0.44
0.53
0.84
0.91
1.51
0.82
1.12
0.67
1.33
2.60
1.14
0.76
1.27
0.82
0.79
0.60
1.02
1.12
0.79
1.95
2.57
1.89
1.57
0.60
0.87
1.23
0.69
1.20
0.99
1.10
1.16
0.87
2.14
1.21
0.65
1.38
0.63
0.74
0.42
0.45
0.42
0.41
0.48
0.44
0.53
0.35
0.44
0.64
1.08
0.67
1.70
1.93
2.04
1.84
1.27
0.30
0.63
0.94
0.94
3.66
1.36
1.20
2.68
1.80
2.26
0.38
1.63
0.56
0.78
0.57
0.64
0.80
0.57
0.31
0.48
1.72
1.68
3.41
1.72
2.15
1.84
0.54
1.35
0.27
0.87
0.50
0.87
1.18
0.95
2.03
2.18
2.08
3.31
3.30
2.98
3.76
2.17
3.12
0.49
0.94
0.56
1.09
1.27
0.59
2.76
2.26
1.42
6.85
4.97
5.20
5.60
3.73
2.33
0.64
0.67
1.63
1.76
1.65
5.07
11.69
1.18
2.98
2.49
2.38
1.53
0.50
1.66
2.33
3.11
3.34
4.74
7.15
3.53
7.16
4.69
2.56
4.99
1.65
2.60
0.65
1.46
1.02
3.00
2.32
6.39
1.84
2.07
3.95
3.23
1.96
1.87
1.96
0.48
1.44
2.45
3.79
5.50
4.84
4.30
5.52
4.10
3.41
3.24
3.08
1.81
1.83
2.22
3.06
0.83
5.67
4.44
2.68
2.18
2.18
1.53
0.94
2.30
1.81
2.19
3.21
2.45
4.69
5.80
4.56
4.90
3.57
2.03
2.49
2.04
0.67
0.91
0.57
1.76
1.23
3.30
3.02
2.76
6.48
3.45
3.53
3.46
1.92
1.02
0.67
2.60
1.57
2.18
1.16
5.65
3.15
2.22
