GUESS    :WALKING
STARTTIME:1287667879023
ENDTIME  :1287667893252
LOCATION :Location[mProvider=network,mTime=1287667892542,mLatitude=55.7577,mLongitude=12.52324,mHasAltitude=false,mAltitude=0.0,mHasSpeed=false,mSpeed=0.0,mHasBearing=false,mBearing=0.0,mHasAccuracy=true,mAccuracy=979.0,mExtras=Bundle[mParcelledData.dataSize=148]]
ADDRESS :

2.57
4.18
6.51
7.04
5.41
4.33
7.70
3.09
1.77
0.46
1.48
1.25
2.12
0.71
4.48
9.40
10.50
2.53
4.07
3.91
1.31
1.43
2.40
1.44
1.23
3.11
3.19
6.59
12.26
4.06
7.97
8.24
8.58
2.41
3.00
0.72
1.96
2.00
4.26
8.13
12.41
1.57
13.74
5.82
0.95
3.26
2.64
1.50
3.16
2.76
5.20
11.99
4.48
6.29
6.55
8.53
2.41
5.20
2.86
3.19
5.03
10.49
4.84
3.91
5.83
2.89
2.07
3.04
0.93
1.78
3.26
5.33
11.60
4.75
6.92
4.21
4.26
0.95
3.30
0.61
3.00
1.43
4.18
6.03
6.39
3.30
3.38
1.80
1.85
0.64
0.67
1.87
2.91
1.43
7.14
9.59
3.84
0.50
2.19
1.51
0.83
0.76
0.65
0.64
0.37
0.93
2.03
4.94
3.17
4.69
4.20
1.91
3.75
3.91
1.31
1.72
0.76
2.79
1.39
2.02
2.37
8.04
10.27
5.72
4.58
1.92
2.49
0.86
1.20
3.02
3.46
5.78
5.69
1.53
1.80
1.12
2.76
2.11
3.15
3.30
2.30
3.06
2.47
1.35
1.73
0.84
1.13
0.08
0.84
0.30
0.98
0.53
0.46
0.57
0.65
1.42
0.83
1.54
0.78
1.42
0.59
0.97
1.06
0.82
0.79
0.59
0.34
0.39
0.82
0.42
0.83
0.50
0.94
1.33
0.82
1.05
3.87
1.42
1.02
3.62
1.88
1.33
2.48
1.31
6.29
2.53
3.66
1.68
2.30
1.61
2.30
2.49
1.76
3.26
1.04
1.42
1.47
1.48
0.99
0.95
0.57
0.61
1.08
0.31
0.93
0.50
0.80
0.39
0.23
0.35
0.87
0.83
0.56
0.50
0.27
0.65
0.46
0.76
0.54
1.14
0.23
1.47
0.69
1.04
0.27
0.41
0.38
0.53
0.60
0.95
0.72
1.46
1.10
1.17
0.68
0.39
0.61
0.15
0.49
0.45
0.50
0.57
0.45
0.35
0.30
0.19
0.39
0.18
0.22
0.15
0.30
0.22
0.46
0.11
0.04
0.30
