GUESS    :WALKING
STARTTIME:1287668432194
ENDTIME  :1287668445103
LOCATION :Location[mProvider=network,mTime=1287668388571,mLatitude=55.774647,mLongitude=12.541274,mHasAltitude=false,mAltitude=0.0,mHasSpeed=false,mSpeed=0.0,mHasBearing=false,mBearing=0.0,mHasAccuracy=true,mAccuracy=672.0,mExtras=Bundle[mParcelledData.dataSize=148]]
ADDRESS :

4.89
0.51
0.40
0.47
0.17
0.12
0.19
0.46
0.09
0.14
0.16
0.42
0.57
0.30
0.33
0.49
0.15
0.35
0.37
0.26
0.21
0.45
0.41
0.74
1.71
0.41
0.13
0.49
0.15
0.32
0.11
0.23
0.06
0.17
0.34
0.34
0.37
0.13
0.36
0.38
0.23
0.11
0.22
0.11
0.23
0.44
0.27
0.48
0.34
0.32
0.17
0.22
0.24
0.10
0.08
0.18
0.13
0.36
0.09
0.14
0.11
0.31
0.20
0.26
0.08
0.43
0.44
0.61
0.50
0.94
0.51
0.91
0.48
0.75
0.08
0.23
0.07
0.17
0.08
0.15
0.28
0.30
0.10
0.26
0.26
0.28
0.26
0.18
0.02
0.24
0.28
0.49
0.39
0.57
0.54
0.48
0.67
0.37
0.21
0.20
0.07
0.23
0.13
0.15
0.21
0.08
0.14
0.25
0.33
0.13
0.03
0.17
0.02
0.04
0.11
0.17
0.39
0.08
0.35
0.03
0.15
0.11
0.25
0.13
0.11
0.08
0.06
0.08
