GUESS    :MOVING_SM
STARTTIME:1287669017763
ENDTIME  :1287669030692
LOCATION :Location[mProvider=network,mTime=1287668971329,mLatitude=55.7749994,mLongitude=12.5261695,mHasAltitude=false,mAltitude=0.0,mHasSpeed=false,mSpeed=0.0,mHasBearing=false,mBearing=0.0,mHasAccuracy=true,mAccuracy=128.0,mExtras=Bundle[mParcelledData.dataSize=148]]
ADDRESS :

1.76
0.89
0.65
0.65
0.61
0.48
0.90
1.31
0.42
0.82
1.23
1.14
0.41
0.82
0.69
0.27
1.51
1.95
1.27
2.18
0.65
0.69
0.19
0.84
0.57
0.54
0.34
1.09
0.45
0.80
0.45
0.68
0.46
0.68
0.33
0.35
0.38
0.25
0.19
0.31
0.49
0.93
0.84
0.61
0.69
1.04
0.16
0.82
0.42
0.63
0.69
0.31
0.59
0.42
0.39
1.12
0.78
0.65
0.48
0.42
0.35
1.01
0.27
0.59
0.42
0.31
0.23
0.78
0.76
0.50
0.12
0.53
0.11
0.57
0.42
0.31
0.50
0.61
0.19
0.57
0.16
0.30
0.83
0.57
0.71
0.60
0.60
0.15
0.49
0.23
0.56
0.53
0.75
0.34
0.19
0.35
0.34
0.38
0.38
0.65
1.04
0.23
0.49
0.39
0.11
0.61
0.49
0.72
0.26
0.31
0.67
0.11
0.68
0.57
0.99
1.16
0.46
1.25
0.31
0.57
0.59
0.52
0.34
0.34
1.08
0.31
0.60
1.18
0.30
0.75
0.99
1.17
1.58
1.06
1.76
0.76
0.42
0.61
1.77
0.42
1.09
0.34
0.50
0.53
0.57
0.56
0.97
0.27
0.48
0.53
0.34
0.30
0.67
0.39
0.49
0.35
0.49
0.34
0.35
0.57
0.44
0.29
0.50
0.14
0.08
0.50
0.84
0.34
0.84
0.50
0.08
0.29
0.31
0.20
0.16
0.44
0.57
0.37
0.84
0.27
0.61
0.69
0.31
0.38
0.19
0.29
0.19
0.23
0.95
0.27
0.34
0.65
0.46
0.19
0.76
0.74
0.41
0.34
0.84
0.79
0.46
0.34
0.78
0.44
0.57
0.11
0.86
0.38
0.93
0.82
0.59
1.61
0.45
0.27
0.64
0.26
0.30
0.34
0.30
0.53
0.39
0.19
0.42
0.52
0.23
0.38
0.46
0.42
0.38
0.34
0.23
1.28
0.69
0.71
1.42
0.54
1.59
1.57
0.69
1.08
0.54
0.74
0.74
1.31
0.79
0.56
0.72
0.04
0.59
0.67
0.76
0.31
0.65
0.74
0.41
1.88
