GUESS    :MOVING_SM
STARTTIME:1287669464183
ENDTIME  :1287669478536
LOCATION :Location[mProvider=network,mTime=1287669473895,mLatitude=55.744683474999995,mLongitude=12.43531345,mHasAltitude=false,mAltitude=0.0,mHasSpeed=false,mSpeed=0.0,mHasBearing=false,mBearing=0.0,mHasAccuracy=true,mAccuracy=60.0,mExtras=Bundle[mParcelledData.dataSize=148]]
ADDRESS :

0.48
0.06
0.10
0.14
0.12
0.05
0.06
0.15
0.05
0.08
0.06
0.05
0.13
0.05
0.07
0.07
0.14
0.05
0.07
0.11
0.04
0.09
0.06
0.05
0.06
0.02
0.06
0.01
0.04
0.03
0.06
0.07
0.05
0.04
0.04
0.04
0.01
0.05
0.07
0.05
0.06
0.03
0.05
0.05
0.01
0.05
0.05
0.04
0.04
0.06
0.04
0.05
0.02
0.03
0.06
0.06
0.01
0.02
0.03
0.01
0.01
0.06
0.02
0.01
0.04
0.04
0.01
0.03
0.04
0.04
0.03
0.06
0.04
0.03
0.02
0.07
0.02
0.04
0.02
0.03
0.04
0.03
0.02
0.04
0.02
0.02
0.03
0.03
0.03
0.03
0.04
0.06
0.02
0.04
0.01
0.03
0.02
0.02
0.02
0.03
0.03
0.03
0.02
0.01
0.03
0.01
0.03
0.01
0.02
0.02
0.05
0.04
0.02
0.02
0.02
0.02
0.03
0.05
0.02
0.00
0.02
0.02
0.03
0.01
0.03
0.04
0.04
0.05
