GUESS    :MOVING_SM
STARTTIME:1287669652593
ENDTIME  :1287669665792
LOCATION :Location[mProvider=network,mTime=1287669638231,mLatitude=55.741067,mLongitude=12.391811,mHasAltitude=false,mAltitude=0.0,mHasSpeed=false,mSpeed=0.0,mHasBearing=false,mBearing=0.0,mHasAccuracy=true,mAccuracy=617.0,mExtras=Bundle[mParcelledData.dataSize=148]]
ADDRESS :

0.15
0.04
0.25
0.16
0.03
0.27
0.11
0.05
0.10
0.04
0.19
0.08
0.07
0.04
0.08
0.03
0.11
0.08
0.19
0.38
0.29
0.11
0.42
0.49
0.57
0.22
0.26
0.45
0.23
0.23
0.79
0.34
0.57
0.34
0.23
0.22
0.15
0.22
1.61
0.84
1.20
0.91
0.34
0.52
0.31
0.48
0.38
0.33
0.19
0.72
0.53
1.04
0.27
0.83
0.31
1.02
0.69
0.95
0.93
0.27
0.45
0.50
0.26
0.23
0.08
0.12
0.37
0.26
0.16
0.29
0.39
0.30
0.12
0.31
0.42
0.23
0.19
0.19
0.42
0.34
0.46
0.04
0.23
0.29
0.48
0.35
0.26
0.34
0.83
0.39
0.75
0.11
0.91
0.80
0.23
0.41
0.45
0.50
0.50
0.64
0.60
0.68
0.27
0.23
0.27
0.49
0.56
0.11
0.22
0.37
0.25
0.57
0.22
0.12
0.34
0.46
0.46
0.44
0.30
0.29
0.31
0.27
0.08
0.16
0.11
0.20
0.16
0.23
0.38
0.26
0.35
0.61
0.46
0.25
0.45
0.39
0.46
0.50
0.15
0.57
0.25
0.27
0.39
0.42
1.08
0.57
0.42
0.19
0.26
0.60
0.56
0.42
0.27
0.39
0.61
0.08
0.69
0.38
0.42
0.15
0.16
0.23
0.27
0.19
0.14
0.19
0.53
0.50
0.30
0.15
0.30
0.76
1.10
0.86
0.31
0.69
0.84
0.23
0.64
1.48
0.69
0.12
1.65
1.72
0.74
1.18
0.33
0.26
0.37
0.12
0.26
0.38
0.22
0.50
0.39
0.48
0.46
0.46
0.04
0.27
0.20
0.19
0.08
0.39
0.39
0.50
0.42
0.35
0.07
0.45
0.23
0.07
0.52
0.72
0.11
0.39
1.25
0.76
1.16
1.46
1.27
0.39
0.59
0.86
0.15
0.19
0.72
0.38
0.26
0.68
0.29
0.19
0.30
0.12
0.12
0.11
0.15
0.26
0.15
0.33
0.37
0.07
0.23
0.08
0.52
0.11
0.41
0.39
0.30
0.04
0.57
0.65
0.41
0.64
0.38
0.19
