GUESS    :WALKING
STARTTIME:1287664103117
ENDTIME  :1287664116073
LOCATION :Location[mProvider=network,mTime=1287664089227,mLatitude=55.773026879999996,mLongitude=12.506008640000001,mHasAltitude=false,mAltitude=0.0,mHasSpeed=false,mSpeed=0.0,mHasBearing=false,mBearing=0.0,mHasAccuracy=true,mAccuracy=60.0,mExtras=Bundle[mParcelledData.dataSize=148]]
ADDRESS :

3.69
0.87
0.68
0.31
0.21
0.29
0.22
0.16
0.07
0.11
0.10
0.08
0.43
0.08
0.22
0.09
0.21
0.33
0.41
0.43
0.23
0.12
0.77
0.90
1.28
0.67
0.29
0.32
0.17
0.16
0.07
0.12
0.25
0.20
0.06
0.36
0.17
0.16
0.35
0.11
0.30
0.10
0.14
0.21
0.11
0.11
0.42
0.20
0.28
0.38
0.35
0.28
0.08
0.07
0.14
0.11
0.05
0.27
0.07
0.27
0.34
0.04
0.07
0.05
0.17
0.09
0.17
0.10
0.26
0.49
0.28
0.36
0.64
0.28
0.19
0.13
0.10
0.42
0.26
0.17
0.10
0.21
0.12
0.13
0.21
0.22
0.20
0.08
0.08
0.13
0.10
0.10
0.22
0.42
0.27
0.36
0.53
0.21
0.27
0.17
0.29
0.19
0.24
0.30
0.28
0.12
0.22
0.09
0.25
0.20
0.10
0.18
0.48
0.17
0.27
0.10
0.19
0.20
0.03
0.17
0.32
0.28
0.36
0.16
0.13
0.01
0.07
0.26
