GUESS    :MOVING_SM
STARTTIME:1287665040844
ENDTIME  :1287665053743
LOCATION :Location[mProvider=network,mTime=1287665027497,mLatitude=55.77257083333333,mLongitude=12.506356722222224,mHasAltitude=false,mAltitude=0.0,mHasSpeed=false,mSpeed=0.0,mHasBearing=false,mBearing=0.0,mHasAccuracy=true,mAccuracy=63.0,mExtras=Bundle[mParcelledData.dataSize=148]]
ADDRESS :

3.15
2.34
3.13
3.21
2.19
2.79
2.48
1.80
1.57
1.31
1.12
0.76
1.46
0.93
2.29
2.57
1.09
3.79
2.83
0.76
1.44
1.59
0.18
0.86
0.98
1.23
0.42
0.50
0.50
1.33
2.49
0.78
2.64
2.10
1.08
0.60
0.65
0.49
0.30
0.44
0.15
0.84
0.19
0.34
1.46
1.14
1.76
0.46
2.38
1.18
1.43
0.80
0.65
0.50
0.54
0.34
1.68
0.84
2.10
0.50
1.88
1.38
1.27
0.91
0.65
0.31
0.56
0.57
0.38
0.19
0.20
0.15
0.12
0.72
0.46
0.68
0.35
0.82
0.30
0.37
0.07
0.25
0.07
0.22
0.31
0.20
0.27
0.23
0.11
0.25
0.07
0.04
0.08
0.20
0.15
0.15
0.08
0.12
0.08
0.16
0.11
0.04
0.18
0.07
0.27
0.48
0.49
0.39
0.26
0.19
0.38
0.34
0.34
0.15
0.23
0.08
0.60
0.89
0.69
1.13
2.56
1.27
2.07
1.33
0.91
0.67
0.64
1.69
2.32
1.46
0.29
1.70
3.32
1.72
0.78
0.79
1.73
0.42
0.34
0.30
0.99
1.74
0.71
1.65
2.25
0.91
1.38
1.01
1.20
2.59
1.12
1.78
1.73
1.81
0.84
0.95
1.05
0.80
0.54
0.54
0.38
0.46
0.31
0.29
0.49
0.12
0.23
0.34
0.15
0.25
0.27
0.69
0.19
0.12
0.34
0.15
0.18
0.11
0.19
0.16
0.12
0.20
0.10
0.19
0.33
0.07
0.04
0.20
0.26
0.53
0.35
0.46
0.19
0.71
0.41
0.50
0.39
0.67
0.50
0.44
0.53
0.20
0.23
0.74
0.44
0.61
1.29
0.72
1.48
1.24
0.60
1.46
1.92
0.91
1.84
0.65
0.60
0.82
1.27
1.42
1.18
1.40
1.50
1.80
0.65
1.32
1.10
0.48
0.41
0.50
0.65
0.39
0.38
0.37
0.12
0.23
0.08
0.29
0.04
0.18
0.30
0.59
0.74
0.44
0.42
0.08
0.42
0.15
0.48
0.49
0.48
0.37
1.05
0.65
0.93
0.64
