GUESS    :MOVING_SM
STARTTIME:1287665318766
ENDTIME  :1287665331704
LOCATION :Location[mProvider=network,mTime=1287665275128,mLatitude=55.77260479999999,mLongitude=12.50643897777778,mHasAltitude=false,mAltitude=0.0,mHasSpeed=false,mSpeed=0.0,mHasBearing=false,mBearing=0.0,mHasAccuracy=true,mAccuracy=63.0,mExtras=Bundle[mParcelledData.dataSize=148]]
ADDRESS :

0.11
0.18
0.18
0.15
0.16
0.26
0.45
0.31
0.19
0.61
0.68
0.50
1.42
0.86
1.25
1.23
1.01
0.34
0.44
0.34
0.56
0.59
0.22
0.27
0.57
0.84
0.69
1.01
1.23
1.12
1.61
0.45
1.72
0.84
0.76
1.33
0.72
0.56
0.50
0.18
0.48
0.42
0.93
1.23
0.50
0.39
0.71
1.18
0.54
0.94
0.76
0.74
0.76
0.19
0.27
0.31
0.31
0.20
0.26
0.53
0.23
0.04
0.29
0.15
0.93
0.99
0.23
0.16
0.42
0.34
0.35
0.41
0.59
1.25
0.78
1.05
1.84
1.20
1.57
0.80
1.43
0.93
0.87
1.42
0.41
0.46
0.57
0.11
0.20
0.05
0.10
0.27
0.19
0.14
0.07
0.19
0.23
0.16
0.08
0.08
0.23
0.11
0.07
0.23
0.04
0.19
0.12
0.33
0.63
0.54
1.04
1.04
0.52
1.28
1.46
0.54
0.57
0.26
0.82
0.72
0.74
1.08
1.12
1.84
1.50
1.31
1.02
1.28
0.97
0.82
0.29
0.64
0.65
1.27
1.10
2.48
0.76
1.04
1.81
1.84
1.44
1.46
0.61
0.50
0.23
1.18
0.34
0.38
1.83
1.27
0.90
0.50
0.57
0.91
0.64
0.64
0.27
0.39
0.67
0.80
0.19
0.90
1.12
1.10
0.84
1.05
1.04
0.83
0.41
0.34
0.23
0.42
0.16
0.04
0.08
0.12
0.08
0.11
0.31
0.19
0.19
0.19
0.60
1.46
0.54
1.65
1.29
0.72
0.38
0.42
0.93
1.16
1.04
0.94
1.76
1.96
1.88
2.19
2.02
1.33
1.24
0.57
0.93
0.84
1.96
0.90
1.72
2.22
1.73
0.87
2.98
1.35
0.82
1.24
1.20
0.53
0.29
0.30
0.30
0.29
0.18
0.19
0.65
1.08
1.10
1.18
0.42
0.45
1.39
1.46
1.27
0.42
1.57
1.32
1.25
0.99
1.27
1.61
0.64
1.70
1.66
1.18
0.99
0.42
0.38
0.87
1.16
1.35
0.86
1.10
0.63
0.33
0.30
0.97
1.46
0.82
