GUESS    :MOVING_HI
STARTTIME:1288250872821
ENDTIME  :1288250886651
LOCALSPD :1.6761694
LONGSPD  :-1.0
LOCATION :Location[mProvider=network,mTime=1288250871017,mLatitude=55.770048333333335,mLongitude=12.504008233333332,mHasAltitude=false,mAltitude=0.0,mHasSpeed=false,mSpeed=0.0,mHasBearing=false,mBearing=0.0,mHasAccuracy=true,mAccuracy=60.0,mExtras=Bundle[mParcelledData.dataSize=148]]
ADDRESS :

3.98
1.91
3.62
2.67
1.12
2.03
6.55
1.04
5.37
2.00
2.60
1.87
2.30
1.58
2.72
3.61
3.00
5.05
2.26
4.10
0.99
1.80
2.41
2.75
2.37
2.14
2.00
1.12
2.90
2.78
4.34
2.36
1.33
1.38
2.83
2.79
4.14
1.97
1.50
1.20
3.13
1.14
3.45
7.11
2.22
0.93
3.49
1.84
2.83
2.87
2.68
2.37
3.11
2.82
2.52
0.57
2.00
1.54
1.88
1.29
2.06
4.18
3.27
6.09
6.96
2.11
5.60
6.71
1.95
3.09
4.06
3.87
5.08
4.11
7.01
9.38
1.53
3.36
1.47
3.00
11.74
2.15
1.93
4.67
0.93
2.64
4.59
2.34
2.06
2.30
3.88
8.80
7.18
7.56
6.31
6.89
1.68
2.91
2.19
3.81
9.23
4.52
2.63
4.86
6.74
4.52
6.09
3.49
5.67
6.66
5.64
5.84
5.09
6.12
2.97
3.41
1.47
4.48
5.63
0.93
4.93
2.79
11.16
3.66
1.70
4.13
1.76
4.75
4.74
1.33
3.96
4.37
6.55
6.63
4.67
2.47
3.85
1.95
5.08
3.66
1.18
1.62
3.91
8.01
2.34
0.84
2.34
3.43
2.90
3.11
6.20
5.94
4.06
5.49
5.39
3.49
3.95
7.42
3.64
6.21
5.63
3.72
2.83
10.27
3.45
3.66
2.22
1.89
5.07
1.39
3.06
5.67
2.04
1.61
1.72
7.48
3.19
3.01
3.50
3.43
2.96
2.85
1.10
3.12
0.78
2.04
4.52
10.11
7.10
2.49
1.99
3.16
3.68
0.94
2.03
4.88
1.96
6.36
5.71
5.56
2.15
3.91
5.39
3.26
4.26
0.61
1.84
4.59
0.93
7.85
7.35
4.43
3.28
3.57
2.56
5.09
3.17
3.11
3.02
3.27
2.07
4.33
4.00
3.88
4.55
6.63
2.53
4.02
4.14
1.29
0.35
2.85
2.62
6.54
6.14
1.72
3.12
1.99
2.66
2.87
2.56
3.64
2.71
4.90
3.55
4.30
3.90
2.38
2.68
4.84
3.85
2.48
3.32
0.63
2.18
4.47
