GUESS    :MOVING_SM
STARTTIME:1288109076486
ENDTIME  :1288109090125
LOCALSPD :-1.0
LONGSPD  :-1.0
LOCATION :Location[mProvider=network,mTime=1288109079189,mLatitude=55.782508099999994,mLongitude=12.51395559,mHasAltitude=false,mAltitude=0.0,mHasSpeed=false,mSpeed=0.0,mHasBearing=false,mBearing=0.0,mHasAccuracy=true,mAccuracy=53.0,mExtras=Bundle[mParcelledData.dataSize=148]]
ADDRESS :

0.94
1.42
0.86
0.27
0.21
0.31
0.33
0.44
0.53
0.43
0.21
0.10
0.16
0.07
0.21
0.44
0.46
0.26
0.06
0.29
0.28
0.19
0.32
0.53
0.66
0.60
0.45
0.26
0.14
0.17
0.38
0.53
0.55
0.39
0.19
0.11
0.12
0.09
0.14
0.23
0.24
0.19
0.06
0.06
0.08
0.10
0.20
0.31
0.31
0.26
0.17
0.11
0.10
0.15
0.22
0.27
0.27
0.25
0.24
0.20
0.16
0.13
0.14
0.14
0.14
0.10
0.07
0.07
0.07
0.02
0.08
0.16
0.16
0.13
0.11
0.14
0.18
0.20
0.17
0.17
0.15
0.11
0.08
0.07
0.07
0.07
0.08
0.09
0.10
0.12
0.17
0.21
0.22
0.21
0.18
0.13
0.08
0.05
0.05
0.04
0.11
0.18
0.21
0.21
0.19
0.17
0.14
0.14
0.15
0.15
0.10
0.04
0.02
0.05
0.06
0.06
0.08
0.07
0.06
0.08
0.11
0.14
0.18
0.20
0.20
0.16
0.10
0.06
