GUESS    :MOVING_SM
STARTTIME:1288109688287
ENDTIME  :1288109703885
LOCALSPD :0.0
LONGSPD  :0.0
LOCATION :Location[mProvider=network,mTime=1288109677670,mLatitude=55.78250246666667,mLongitude=12.514005544444444,mHasAltitude=false,mAltitude=0.0,mHasSpeed=false,mSpeed=0.0,mHasBearing=false,mBearing=0.0,mHasAccuracy=true,mAccuracy=53.0,mExtras=Bundle[mParcelledData.dataSize=148]]
ADDRESS :

0.12
0.16
0.12
0.04
0.04
0.04
0.20
0.20
0.12
0.04
0.12
0.12
0.08
0.08
0.12
0.04
0.12
0.04
0.08
0.16
0.16
0.08
0.08
0.04
0.08
0.04
0.08
0.12
0.04
0.04
0.04
0.04
0.12
0.12
0.04
0.20
0.12
0.15
0.11
0.16
0.08
0.08
0.04
0.08
0.12
0.08
0.08
0.04
0.04
0.04
0.16
0.12
0.04
0.08
0.04
0.08
0.04
0.08
0.04
0.08
0.08
0.08
0.12
0.04
0.08
0.08
0.08
0.04
0.12
0.16
0.12
0.08
0.04
0.04
0.12
0.12
0.04
0.04
0.04
0.04
0.04
0.08
0.08
0.16
0.16
0.04
0.08
0.12
0.08
0.04
0.08
0.08
0.12
0.12
0.04
0.12
0.33
0.20
0.12
0.16
0.12
0.04
0.04
0.12
0.08
0.04
0.12
0.04
0.12
0.08
0.04
0.08
0.08
0.08
0.12
0.08
0.04
0.16
0.20
0.04
0.08
0.12
0.08
0.08
0.23
0.11
0.12
0.08
0.12
0.12
0.04
0.12
0.08
0.04
0.04
0.08
0.04
0.04
0.12
0.25
0.39
0.27
0.12
0.08
0.12
0.04
0.04
0.04
0.04
0.04
0.16
0.16
0.08
0.08
0.16
0.20
0.16
0.31
0.27
0.08
0.16
0.08
0.20
0.16
0.04
0.16
0.12
0.12
0.04
0.16
0.12
0.12
0.08
0.04
0.16
5.03
5.94
2.93
3.06
0.37
0.20
0.33
0.12
0.20
0.29
0.12
0.08
0.04
0.16
0.38
0.42
0.35
0.67
0.84
0.74
0.54
0.50
0.29
0.39
0.31
0.61
0.68
0.19
0.20
0.29
0.45
0.08
0.16
0.29
0.41
0.16
0.12
0.12
0.12
0.20
0.16
0.16
0.34
0.34
0.20
0.25
0.18
0.59
0.90
0.79
0.78
0.45
0.35
0.27
0.16
0.25
0.20
0.29
0.37
0.25
0.16
0.16
0.16
0.25
0.08
0.08
0.20
0.20
0.44
0.39
0.16
0.29
0.29
0.98
1.31
1.24
0.91
1.48
1.28
0.63
0.16
