GUESS    :MOVING_SM
STARTTIME:1290717815237
ENDTIME  :1290717829131
LOCALSPD :NaN
LONGSPD  :0.0
LOCATION :Location[mProvider=network,mTime=1290717742403,mLatitude=55.74957875,mLongitude=12.376729950000001,mHasAltitude=false,mAltitude=0.0,mHasSpeed=false,mSpeed=0.0,mHasBearing=false,mBearing=0.0,mHasAccuracy=true,mAccuracy=50.0,mExtras=Bundle[mParcelledData.dataSize=148]]
ADDRESS :

1.44
0.89
0.65
0.44
0.53
0.31
0.31
0.30
0.11
0.18
0.33
0.19
0.02
0.14
0.15
0.18
0.08
0.21
0.36
0.35
0.05
0.23
0.16
0.03
0.27
0.22
0.10
0.09
0.02
0.17
0.13
0.09
0.22
0.21
0.01
0.10
0.14
0.12
0.13
0.17
0.21
0.11
0.14
0.13
0.08
0.11
0.15
0.16
0.05
0.13
0.22
0.25
0.07
0.17
0.14
0.11
0.13
0.09
0.14
0.14
0.04
0.20
0.15
0.19
0.22
0.17
0.07
0.15
0.04
0.09
0.16
0.01
0.13
0.14
0.13
0.02
0.21
0.18
0.12
0.14
0.08
0.11
0.15
0.16
0.04
0.07
0.12
0.05
0.10
0.07
0.06
0.07
0.06
0.19
0.17
0.12
0.02
0.06
0.07
0.06
0.09
0.10
0.07
0.06
0.03
0.02
0.01
0.05
0.05
0.02
0.04
0.01
0.05
0.04
0.02
0.08
0.01
0.03
0.02
0.10
0.04
0.06
0.01
0.02
0.11
0.07
0.09
0.05
