GUESS    :MOVING_SM
STARTTIME:1289991015957
ENDTIME  :1289991029106
LOCALSPD :0.0
LONGSPD  :-1.0
LOCATION :Location[mProvider=network,mTime=1289990992689,mLatitude=51.244628,mLongitude=4.420013,mHasAltitude=false,mAltitude=0.0,mHasSpeed=false,mSpeed=0.0,mHasBearing=false,mBearing=0.0,mHasAccuracy=true,mAccuracy=1151.0,mExtras=Bundle[mParcelledData.dataSize=148]]
ADDRESS :

0.08
0.04
0.04
0.04
0.03
0.04
0.07
0.08
0.07
0.07
0.04
0.15
0.11
0.16
0.08
0.08
0.04
0.08
0.15
0.11
0.07
0.11
0.04
0.04
0.04
0.07
0.11
0.08
0.04
0.04
0.04
0.07
0.23
0.16
0.19
0.15
0.11
0.04
0.04
0.11
0.11
0.15
0.08
0.04
0.12
0.08
0.11
0.08
0.08
0.15
0.08
0.20
0.19
0.11
0.12
0.07
0.11
0.11
0.04
0.08
0.03
0.08
0.08
0.07
0.04
0.07
0.08
0.07
0.07
0.08
0.08
0.11
0.11
0.11
0.08
0.07
0.08
0.08
0.07
0.07
0.07
0.19
0.08
0.08
0.11
0.15
0.04
0.04
0.12
0.19
0.18
0.25
0.08
0.16
0.68
1.38
3.23
5.30
8.73
10.00
6.29
3.20
2.98
11.73
4.59
1.92
3.02
1.95
1.51
0.54
1.97
0.89
1.16
1.43
6.73
8.46
2.76
2.68
5.79
2.68
3.17
5.24
6.40
2.41
3.08
1.04
1.48
1.95
1.46
1.14
0.61
1.21
0.91
1.39
0.45
0.89
0.57
1.28
1.10
0.71
2.06
0.65
0.82
0.35
1.74
0.75
0.64
1.88
0.61
2.04
2.75
1.04
0.69
0.53
0.34
0.41
0.26
0.11
0.31
0.25
0.38
0.52
0.10
0.15
0.38
0.12
0.27
0.26
0.15
0.19
0.23
0.15
0.20
0.31
0.15
0.12
0.04
0.27
0.38
0.23
0.52
0.46
0.84
2.56
1.29
2.57
2.14
2.11
0.97
0.98
0.27
0.45
0.72
1.13
1.02
0.78
0.72
1.16
0.34
0.23
0.29
0.30
0.34
0.22
0.18
0.16
0.12
0.04
0.26
0.22
0.12
0.19
0.12
0.25
0.19
0.07
0.12
0.23
0.11
0.12
0.23
0.11
0.04
0.11
0.16
0.19
0.34
0.07
0.08
0.12
0.08
0.15
0.07
0.07
0.14
0.08
0.03
0.23
0.04
0.19
0.03
0.12
0.08
0.04
0.15
0.08
0.03
0.07
0.11
0.11
0.08
0.04
0.07
0.03
0.05
0.10
