GUESS    :MOVING_SM
STARTTIME:1289198886918
ENDTIME  :1289198901337
LOCALSPD :0.0
LONGSPD  :-1.0
LOCATION :Location[mProvider=network,mTime=1289198847691,mLatitude=55.74958615,mLongitude=12.3767289,mHasAltitude=false,mAltitude=0.0,mHasSpeed=false,mSpeed=0.0,mHasBearing=false,mBearing=0.0,mHasAccuracy=true,mAccuracy=50.0,mExtras=Bundle[mParcelledData.dataSize=148]]
ADDRESS :

0.25
0.11
0.35
0.03
0.30
0.33
0.30
0.65
0.23
0.22
0.19
0.25
0.16
0.12
0.11
0.15
0.12
0.23
0.12
0.27
0.27
0.12
0.03
0.08
0.39
0.38
0.19
0.11
0.07
0.04
0.20
0.08
0.08
0.12
0.12
0.04
0.11
0.07
0.25
0.25
0.04
0.12
0.08
0.12
0.15
0.22
0.23
0.16
0.15
0.15
0.25
0.08
0.12
0.12
0.19
0.19
0.20
0.20
0.12
0.23
0.15
0.11
0.19
0.08
0.12
0.15
0.31
0.26
0.23
0.08
0.15
0.12
0.20
0.12
0.25
0.15
0.11
0.07
0.03
0.04
0.14
0.16
0.08
0.08
0.12
0.30
0.19
0.14
0.23
0.08
0.26
0.11
0.34
0.45
0.27
0.16
0.15
0.46
0.42
0.26
0.25
0.14
0.22
0.34
0.12
0.39
0.27
0.08
0.30
0.37
0.20
0.18
0.23
0.18
0.31
0.37
0.46
0.26
0.56
0.35
0.53
0.23
0.39
1.44
1.48
1.21
2.26
0.95
0.35
0.18
1.47
0.45
0.99
0.64
1.10
0.99
0.93
0.97
0.57
0.45
0.74
0.49
0.45
1.04
0.27
1.23
0.15
0.46
0.65
0.35
0.74
0.11
0.35
0.54
0.20
0.39
0.50
0.50
0.64
0.67
0.14
0.31
0.37
0.42
0.50
0.38
0.08
0.16
0.39
0.29
0.23
0.35
0.27
0.27
0.11
0.22
0.19
0.19
0.12
0.19
0.25
0.12
0.35
0.04
0.12
0.15
0.19
0.11
0.31
0.18
0.30
0.07
0.19
0.23
0.04
0.04
0.20
0.12
0.23
0.42
0.93
0.19
0.19
0.11
0.46
0.20
0.34
0.26
0.37
0.33
0.27
0.27
0.31
0.38
0.11
0.16
0.16
0.14
0.16
0.12
0.26
0.29
0.34
0.46
0.50
0.34
0.38
0.46
0.19
0.15
0.08
0.12
0.33
0.04
0.26
0.46
0.26
0.14
0.19
0.15
0.29
0.15
0.18
0.27
0.04
0.16
0.11
0.11
0.04
0.30
1.04
1.08
0.57
0.80
0.15
0.60
