GUESS    :IDLE
STARTTIME:1287700953018
ENDTIME  :1287700966302
LOCATION :Location[mProvider=network,mTime=1287700910778,mLatitude=55.74958026666667,mLongitude=12.376720666666666,mHasAltitude=false,mAltitude=0.0,mHasSpeed=false,mSpeed=0.0,mHasBearing=false,mBearing=0.0,mHasAccuracy=true,mAccuracy=50.0,mExtras=Bundle[mParcelledData.dataSize=148]]
ADDRESS :

0.03
0.34
0.25
0.69
0.50
0.39
1.29
0.35
0.53
0.46
0.23
0.04
0.27
0.12
0.31
0.50
0.26
0.53
0.56
0.18
0.42
0.30
0.08
0.12
0.31
0.39
0.20
0.19
0.07
0.07
0.14
0.04
0.12
0.14
0.07
0.03
0.11
0.25
0.18
0.16
0.20
0.25
0.11
0.07
0.16
0.16
0.16
0.25
0.03
0.14
0.03
0.07
0.04
0.11
0.12
0.11
0.11
0.08
0.03
0.15
0.07
0.07
0.04
0.16
0.08
0.23
0.48
0.50
0.30
0.16
0.08
0.20
0.07
0.31
0.23
0.04
0.04
0.19
0.12
0.08
0.08
0.04
0.12
0.03
0.03
0.08
0.04
0.11
0.19
0.08
0.04
0.12
0.34
0.38
0.15
0.11
0.18
0.12
0.04
0.12
0.08
0.07
0.12
0.04
0.19
0.12
0.19
0.07
0.04
0.11
0.07
0.07
0.08
0.11
0.08
0.16
0.08
0.12
0.12
0.16
0.23
0.35
0.48
0.31
0.08
0.04
0.19
0.19
0.08
0.03
0.03
0.08
0.12
0.16
0.16
0.04
0.04
0.12
0.08
0.12
0.04
0.07
0.10
0.07
0.07
0.05
0.15
0.27
0.11
0.12
0.07
0.11
0.14
0.18
0.19
0.11
0.04
0.04
0.11
0.07
0.04
0.08
0.08
0.15
0.15
0.07
0.11
0.04
0.15
0.07
0.08
0.07
0.15
0.12
0.04
0.27
0.33
0.26
0.12
0.08
0.19
0.07
0.20
0.22
0.11
0.11
0.08
0.11
0.19
0.16
0.19
0.03
0.04
0.11
0.11
0.11
0.11
0.07
0.03
0.10
0.10
0.18
0.04
0.18
0.14
0.11
0.15
0.23
0.04
0.16
0.19
0.14
0.08
0.08
0.03
0.07
0.11
0.11
0.04
0.04
0.12
0.12
0.16
0.19
0.11
0.18
0.18
0.23
0.27
0.19
0.04
0.15
0.16
0.16
0.11
0.11
0.12
0.12
0.12
0.08
0.04
0.08
0.16
0.12
0.08
0.04
0.15
0.15
0.04
0.08
0.11
0.08
0.08
0.07
0.22
0.22
