GUESS    :IDLE
STARTTIME:1289585124902
ENDTIME  :1289585138919
LOCALSPD :0.0
LONGSPD  :-1.0
LOCATION :Location[mProvider=network,mTime=1289585099295,mLatitude=55.7495518,mLongitude=12.376704733333334,mHasAltitude=false,mAltitude=0.0,mHasSpeed=false,mSpeed=0.0,mHasBearing=false,mBearing=0.0,mHasAccuracy=true,mAccuracy=50.0,mExtras=Bundle[mParcelledData.dataSize=148]]
ADDRESS :

0.08
0.04
0.08
0.04
0.08
0.12
0.16
0.08
0.08
0.08
0.19
0.07
0.08
0.04
0.12
0.04
0.12
0.04
0.12
0.15
0.11
0.08
0.08
0.12
0.08
0.20
0.12
0.04
0.04
0.11
0.14
0.07
0.08
0.08
0.08
0.08
0.12
0.08
0.12
0.12
0.08
0.08
0.08
0.04
0.15
0.11
0.08
0.04
0.12
0.16
0.12
0.12
0.12
0.08
0.04
0.08
0.11
0.11
2.52
2.07
2.83
0.25
1.74
0.08
0.04
0.07
0.04
0.08
0.11
0.08
0.16
0.20
0.12
0.07
0.11
0.11
0.05
0.07
0.08
0.12
0.08
0.04
0.08
0.12
0.07
0.14
0.42
0.44
0.15
0.03
0.12
0.08
0.08
0.12
0.04
0.11
0.07
0.16
0.12
0.12
0.04
0.04
0.08
0.08
0.04
0.12
0.08
0.04
0.08
0.03
0.84
1.18
0.08
0.44
0.12
0.04
0.03
0.07
0.14
0.03
0.08
0.11
0.04
0.08
0.04
0.04
0.04
0.08
0.08
0.16
0.12
0.04
0.08
0.08
0.08
0.07
0.07
0.08
0.08
0.04
0.07
0.04
0.11
0.04
0.08
0.08
0.08
0.04
0.04
0.12
0.20
0.12
0.12
0.08
0.08
0.08
0.15
0.15
0.04
0.04
0.04
0.08
0.11
0.15
0.15
0.15
0.07
0.11
0.04
0.12
0.08
0.07
0.03
0.04
0.04
0.12
0.12
0.15
0.07
0.04
0.11
0.15
0.12
0.04
0.04
0.08
0.04
0.08
0.08
0.03
0.11
0.04
0.07
0.07
0.12
0.08
0.12
0.08
0.04
0.12
0.08
0.04
0.12
0.08
0.04
0.04
0.08
0.08
0.12
0.15
0.15
0.07
0.15
0.12
0.12
0.08
0.08
0.20
0.12
0.08
0.04
0.11
0.15
0.08
0.12
0.12
0.04
0.04
0.12
0.08
0.12
0.04
0.08
0.08
0.04
0.04
0.08
0.04
0.04
0.08
0.08
0.04
0.04
0.04
0.04
0.08
0.08
0.08
0.16
0.12
0.16
0.12
0.08
0.04
0.12
0.04
