GUESS    :MOVING_SM
STARTTIME:1289886825204
ENDTIME  :1289886839570
LOCALSPD :0.0
LONGSPD  :-1.0
LOCATION :Location[mProvider=network,mTime=1289886825181,mLatitude=55.7495518,mLongitude=12.376704733333334,mHasAltitude=false,mAltitude=0.0,mHasSpeed=false,mSpeed=0.0,mHasBearing=false,mBearing=0.0,mHasAccuracy=true,mAccuracy=50.0,mExtras=Bundle[mParcelledData.dataSize=148]]
ADDRESS :

8.76
4.59
2.42
3.36
4.17
2.04
6.07
13.72
12.49
4.97
4.58
1.42
1.53
0.97
0.65
0.57
2.07
1.61
0.59
0.63
0.68
0.94
0.54
0.61
0.78
0.44
0.53
0.69
1.20
0.95
0.52
0.31
0.27
0.72
0.83
1.39
1.31
1.01
0.56
0.38
0.15
0.08
0.14
0.52
0.31
0.76
0.22
0.18
0.42
0.61
0.12
0.10
0.26
0.23
0.12
0.38
0.23
0.59
0.11
0.42
0.61
0.76
0.35
0.61
0.22
0.19
0.11
0.07
0.23
0.25
0.26
0.15
0.30
0.16
0.16
0.15
0.16
0.15
0.25
0.16
0.04
0.20
0.38
0.19
0.15
0.39
0.08
0.12
0.39
0.27
0.08
0.35
0.22
0.07
0.12
0.08
0.07
0.18
0.12
0.27
0.27
0.04
0.37
0.35
0.22
0.89
0.57
0.49
0.45
0.05
0.07
0.15
0.12
0.27
0.11
0.19
0.35
0.34
0.16
0.16
0.08
0.19
0.35
0.12
0.15
0.16
0.04
0.20
0.12
0.08
0.20
0.16
0.15
0.31
0.20
0.49
0.59
0.35
0.23
0.34
0.44
0.30
0.16
0.11
0.31
0.23
0.20
0.15
0.41
0.19
0.12
0.18
0.30
0.78
1.10
0.99
2.33
2.55
1.96
3.36
4.44
2.62
3.79
6.44
7.89
5.64
1.80
3.80
8.40
4.71
3.51
1.38
6.54
2.82
3.01
0.46
0.20
0.16
0.08
0.16
0.08
0.07
0.11
0.08
0.04
0.04
0.15
0.08
0.07
0.04
0.03
0.07
0.04
0.12
0.15
0.07
0.04
0.08
0.04
0.04
0.08
0.12
0.16
0.12
0.08
0.04
0.08
0.04
0.08
0.08
0.04
0.11
0.11
0.08
0.11
0.03
0.12
0.08
0.04
0.04
0.08
0.12
0.12
0.04
0.12
0.04
0.04
0.08
0.04
0.08
0.12
0.04
0.12
0.08
0.08
0.04
0.04
0.08
0.04
0.04
0.04
0.12
0.08
0.08
0.12
0.04
0.08
0.16
0.08
0.12
0.08
0.04
0.08
0.08
0.04
0.08
