GUESS    :MOVING_SM
STARTTIME:1289979645784
ENDTIME  :1289979659073
LOCALSPD :0.0
LONGSPD  :0.0
LOCATION :Location[mProvider=network,mTime=1289979649451,mLatitude=51.224604,mLongitude=4.41895,mHasAltitude=false,mAltitude=0.0,mHasSpeed=false,mSpeed=0.0,mHasBearing=false,mBearing=0.0,mHasAccuracy=true,mAccuracy=2336.0,mExtras=Bundle[mParcelledData.dataSize=148]]
ADDRESS :

0.35
0.09
0.07
0.17
0.07
0.06
0.09
0.03
0.06
0.13
0.11
0.10
0.04
0.09
0.10
0.04
0.02
0.04
0.05
0.03
0.02
0.06
0.03
0.02
0.07
0.03
0.04
0.08
0.05
0.03
0.05
0.05
0.02
0.03
0.05
0.02
0.03
0.04
0.02
0.01
0.02
0.03
0.00
0.02
0.04
0.03
0.03
0.02
0.01
0.02
0.03
0.02
0.05
0.03
0.05
0.03
0.03
0.02
0.03
0.03
0.02
0.02
0.02
0.04
0.01
0.03
0.03
0.06
0.04
0.02
0.07
0.02
0.02
0.03
0.04
0.02
0.04
0.04
0.02
0.03
0.02
0.02
0.01
0.01
0.03
0.01
0.02
0.04
0.03
0.03
0.02
0.03
0.04
0.01
0.02
0.03
0.01
0.05
0.04
0.02
0.05
0.03
0.02
0.00
0.01
0.01
0.00
0.04
0.01
0.01
0.02
0.03
0.02
0.04
0.01
0.02
0.03
0.03
0.00
0.03
0.02
0.02
0.03
0.02
0.01
0.02
0.02
0.01
