GUESS    :MOVING_ME
STARTTIME:1289978256535
ENDTIME  :1289978269396
LOCALSPD :0.0
LONGSPD  :-1.0
LOCATION :Location[mProvider=network,mTime=1289978252814,mLatitude=51.21026504,mLongitude=4.41578832,mHasAltitude=false,mAltitude=0.0,mHasSpeed=false,mSpeed=0.0,mHasBearing=false,mBearing=0.0,mHasAccuracy=true,mAccuracy=57.0,mExtras=Bundle[mParcelledData.dataSize=148]]
ADDRESS :

0.94
1.08
1.81
1.25
3.32
4.97
5.78
3.53
3.65
3.23
2.72
4.07
3.32
4.33
8.05
4.97
4.51
2.85
4.49
2.81
3.06
3.11
4.15
2.93
2.08
2.75
0.67
2.33
1.31
1.05
2.11
1.50
2.96
1.65
4.74
2.87
9.96
7.82
4.45
2.60
1.83
1.36
0.78
2.03
2.27
0.72
2.19
2.14
2.91
1.84
1.10
2.07
3.51
3.15
5.48
6.48
5.16
3.31
4.18
2.49
3.64
2.62
1.81
1.53
1.43
0.91
6.69
7.35
8.88
12.80
4.26
1.58
2.15
1.29
1.06
1.96
1.57
1.46
1.61
1.78
1.14
2.08
2.14
4.22
0.72
1.81
1.16
1.46
0.98
1.21
0.80
0.74
0.49
0.37
0.95
1.39
1.39
0.72
1.17
1.24
1.31
1.61
0.34
0.23
1.04
1.55
1.87
2.14
1.76
3.70
1.77
1.25
1.50
1.10
2.26
1.02
1.33
2.30
2.11
1.95
2.10
0.69
1.06
1.24
0.44
0.78
2.70
2.10
5.11
5.82
4.20
3.60
2.21
0.34
1.27
0.72
1.40
0.57
0.31
1.39
0.80
2.56
2.06
3.80
1.88
1.72
3.31
6.61
4.55
3.76
2.37
1.76
3.24
3.99
4.86
3.27
4.37
4.74
1.95
3.60
2.87
2.60
1.88
1.65
1.61
1.70
0.87
0.76
0.78
1.10
0.64
0.34
0.37
0.46
0.65
1.48
0.97
0.84
0.87
2.60
0.61
2.74
1.24
1.46
1.80
1.92
0.25
0.86
0.78
1.62
1.02
2.56
3.68
5.08
1.99
3.36
3.69
1.29
1.29
1.95
2.22
2.87
4.79
6.05
7.65
6.06
2.91
1.63
4.13
1.04
1.83
1.59
2.60
4.63
3.24
4.32
5.48
3.17
2.17
3.84
3.98
2.22
2.19
1.14
6.10
5.05
4.54
8.99
2.53
1.31
5.33
1.89
0.68
1.35
3.61
3.60
3.57
6.40
5.86
0.46
3.92
3.60
1.65
2.30
2.07
4.49
3.68
2.96
8.17
2.87
4.86
6.43
1.80
3.21
1.27
5.75
