GUESS    :MOVING_SM
STARTTIME:1289980969993
ENDTIME  :1289980982962
LOCALSPD :0.0
LONGSPD  :0.0
LOCATION :Location[mProvider=network,mTime=1289980901615,mLatitude=51.224604,mLongitude=4.41895,mHasAltitude=false,mAltitude=0.0,mHasSpeed=false,mSpeed=0.0,mHasBearing=false,mBearing=0.0,mHasAccuracy=true,mAccuracy=2336.0,mExtras=Bundle[mParcelledData.dataSize=148]]
ADDRESS :

0.05
0.34
0.67
0.50
0.84
0.45
0.80
0.74
1.01
1.06
0.69
0.64
0.19
0.30
0.46
0.19
0.27
0.42
0.45
0.31
0.34
0.68
0.46
0.98
1.04
0.38
0.46
1.40
1.66
1.06
0.41
0.72
0.61
0.89
0.22
0.65
0.57
0.26
0.57
0.07
0.65
0.72
0.19
0.31
0.48
0.57
0.69
0.75
0.97
0.19
0.04
0.38
0.61
0.78
0.50
1.18
1.76
0.52
0.69
1.12
0.42
0.76
0.97
0.69
0.69
0.31
0.19
0.18
0.37
0.30
0.57
0.15
0.31
0.12
0.20
0.35
0.20
0.07
0.16
0.25
0.26
0.37
0.37
0.42
0.15
0.33
0.11
0.33
0.33
0.15
0.44
0.33
0.33
0.12
0.12
0.19
0.08
0.23
0.08
0.12
0.11
0.15
0.18
0.19
0.19
0.16
0.25
0.20
0.20
0.12
0.12
0.16
0.33
0.12
0.16
0.12
0.11
0.23
0.20
0.27
0.26
0.34
0.27
0.16
0.12
0.12
0.04
0.12
0.27
0.38
0.26
0.31
0.37
0.30
0.16
0.14
0.19
0.26
0.31
0.30
0.27
0.42
0.38
0.12
0.30
0.34
0.12
0.10
0.11
0.08
0.23
0.41
0.11
0.20
0.29
0.07
0.22
0.27
0.23
0.27
0.14
0.15
0.23
0.19
0.19
0.23
0.07
0.20
0.34
0.30
0.15
0.16
0.19
0.57
0.57
0.38
0.29
0.26
0.23
0.23
0.19
0.18
0.11
0.14
0.08
0.07
0.34
0.30
0.15
0.31
0.33
0.15
0.15
0.30
0.69
0.59
0.30
0.42
0.69
0.63
0.39
0.34
0.25
0.41
0.26
0.39
0.30
0.38
0.19
0.30
0.27
0.45
0.33
0.12
0.12
0.38
0.14
0.60
0.42
0.27
0.53
0.50
0.19
0.50
0.35
0.27
0.26
0.19
0.30
0.38
0.44
0.57
0.27
0.38
0.23
0.53
0.74
0.39
0.53
0.49
0.67
0.67
0.19
0.50
0.23
0.12
0.12
0.27
0.15
0.33
0.25
0.23
0.27
0.33
0.20
0.25
