GUESS    :MOVING_SM
STARTTIME:1289981496734
ENDTIME  :1289981509632
LOCALSPD :0.0
LONGSPD  :0.0
LOCATION :Location[mProvider=network,mTime=1289981482763,mLatitude=51.2465456,mLongitude=4.4183466,mHasAltitude=false,mAltitude=0.0,mHasSpeed=false,mSpeed=0.0,mHasBearing=false,mBearing=0.0,mHasAccuracy=true,mAccuracy=92.0,mExtras=Bundle[mParcelledData.dataSize=148]]
ADDRESS :

0.97
2.18
1.04
1.99
2.63
2.49
3.36
0.46
0.53
1.50
1.38
1.38
0.91
0.80
3.30
1.28
1.20
1.46
1.50
0.93
0.63
0.94
0.44
0.64
0.65
0.57
1.12
0.38
0.65
1.29
0.30
1.16
0.35
0.59
0.42
1.25
2.06
0.39
0.61
0.91
0.42
0.30
0.42
0.27
0.31
0.12
0.50
0.48
0.87
0.50
0.72
0.95
0.42
0.11
0.30
0.69
0.50
0.97
1.80
0.76
1.47
1.02
0.91
1.35
0.90
2.33
0.50
0.34
2.15
0.95
0.93
0.71
0.61
0.69
0.80
0.71
0.59
0.54
0.53
0.46
0.50
0.57
0.49
0.26
0.29
0.61
0.23
0.31
0.35
0.31
0.45
0.34
0.72
1.84
0.61
2.63
0.65
0.27
0.31
1.18
1.29
1.12
0.46
0.15
1.66
1.08
1.08
3.32
2.30
1.65
1.55
1.05
0.38
0.23
0.54
0.15
0.27
0.18
0.15
0.44
0.27
0.54
0.67
0.59
0.25
0.16
0.46
0.45
0.23
0.05
0.20
0.15
0.08
0.05
0.22
0.31
0.31
0.19
0.23
0.12
0.31
0.72
1.70
2.14
0.80
1.14
0.74
1.35
1.48
1.12
0.50
1.10
1.59
0.23
1.13
0.49
0.22
0.49
1.29
1.14
0.93
1.68
1.99
1.65
0.97
0.61
0.95
0.49
0.12
0.50
0.42
1.58
0.97
0.49
0.68
0.61
0.54
0.72
0.50
0.22
0.35
0.50
0.91
2.04
1.84
1.55
0.22
1.06
0.61
1.33
0.50
1.08
0.23
0.19
0.26
0.42
0.33
0.19
0.33
0.23
0.33
0.29
0.11
0.31
0.41
0.07
0.15
0.04
0.33
0.15
0.11
0.15
0.38
0.38
0.18
0.25
0.30
0.12
0.16
0.19
0.15
0.12
0.11
0.23
0.31
0.19
0.33
0.23
0.35
0.11
0.03
0.12
0.12
0.18
0.27
0.71
0.59
0.34
0.19
0.35
0.50
0.54
0.38
0.31
0.34
0.38
0.42
0.54
0.22
0.22
0.56
0.29
1.12
0.69
0.49
0.30
