GUESS    :WALKING
STARTTIME:1289978555266
ENDTIME  :1289978568625
LOCALSPD :0.0
LONGSPD  :0.0
LOCATION :Location[mProvider=network,mTime=1289978521870,mLatitude=51.21026504,mLongitude=4.41578832,mHasAltitude=false,mAltitude=0.0,mHasSpeed=false,mSpeed=0.0,mHasBearing=false,mBearing=0.0,mHasAccuracy=true,mAccuracy=57.0,mExtras=Bundle[mParcelledData.dataSize=148]]
ADDRESS :

5.13
0.43
0.63
0.41
0.23
0.25
0.15
0.15
0.46
0.11
0.35
0.16
0.35
0.56
0.39
0.24
0.19
0.29
0.16
0.27
0.14
0.29
0.27
0.98
0.79
1.06
1.25
1.12
0.44
0.53
0.49
0.28
0.33
0.35
0.15
0.27
0.54
0.21
0.24
0.22
0.30
0.09
0.10
0.40
0.14
0.12
0.13
0.16
0.21
0.31
0.25
0.14
0.29
0.28
0.23
0.06
0.35
0.10
0.34
0.51
0.36
0.33
0.37
0.42
0.21
0.13
0.24
0.23
0.15
0.09
0.50
0.22
0.20
0.41
0.59
0.19
0.22
0.23
0.07
0.29
0.23
0.14
0.17
0.29
0.22
0.31
0.23
0.10
0.27
0.53
0.34
0.29
0.04
0.16
0.30
0.34
0.14
0.68
0.52
0.27
0.70
0.18
0.26
0.18
0.34
0.19
0.28
0.32
0.50
0.44
0.29
0.38
0.15
0.12
0.28
0.02
0.14
0.32
0.43
0.15
0.28
0.39
0.14
0.53
0.10
0.26
0.15
0.13
