GUESS    :WALKING
STARTTIME:1289978633166
ENDTIME  :1289978646057
LOCALSPD :0.0
LONGSPD  :0.0
LOCATION :Location[mProvider=network,mTime=1289978606865,mLatitude=51.21026504,mLongitude=4.41578832,mHasAltitude=false,mAltitude=0.0,mHasSpeed=false,mSpeed=0.0,mHasBearing=false,mBearing=0.0,mHasAccuracy=true,mAccuracy=57.0,mExtras=Bundle[mParcelledData.dataSize=148]]
ADDRESS :

4.10
2.37
6.14
9.04
10.84
6.78
4.71
10.91
7.25
6.02
3.08
5.04
6.43
3.13
7.01
11.54
4.82
8.77
3.61
1.73
3.68
2.38
3.60
3.92
9.58
15.85
7.00
6.05
13.09
7.61
5.45
5.41
2.44
3.11
2.63
5.13
7.59
3.16
4.86
4.90
3.04
2.02
2.33
2.45
3.45
4.69
2.71
13.32
7.70
9.81
2.83
6.13
1.91
2.44
4.29
4.06
3.09
4.20
5.39
4.74
8.09
3.87
1.73
4.67
3.13
4.48
3.06
6.35
14.63
5.04
5.50
7.86
7.31
0.69
2.79
3.23
4.82
1.50
4.17
9.85
3.30
9.78
3.95
1.85
2.94
3.19
6.17
4.85
13.47
7.00
3.06
9.07
3.96
4.45
3.36
5.30
4.93
2.30
6.97
9.93
5.09
8.19
3.90
1.40
3.73
4.75
4.62
2.91
3.99
14.06
7.74
8.96
8.20
6.24
2.45
4.99
6.32
3.81
5.18
9.89
4.86
6.09
6.10
2.68
2.10
2.22
3.38
5.84
5.41
9.74
10.15
8.77
10.81
5.05
5.67
2.87
8.09
5.09
6.43
11.54
2.25
7.06
5.08
2.59
3.47
4.73
4.29
3.50
4.60
16.36
7.82
7.16
8.70
6.05
1.55
4.94
3.17
3.68
1.27
7.85
5.11
4.49
6.91
3.95
2.82
3.27
2.23
6.06
2.55
3.04
13.29
7.26
8.50
7.52
5.58
3.32
4.51
5.49
5.63
5.05
9.23
2.33
4.52
4.82
2.72
2.57
1.83
3.70
4.09
3.75
12.54
5.39
5.63
10.04
4.10
6.51
4.82
3.15
4.67
1.24
5.18
8.64
3.06
5.92
5.15
2.59
3.24
4.26
3.17
4.10
4.48
12.84
5.69
5.84
6.51
6.14
1.08
2.74
3.60
4.44
2.86
6.65
7.87
6.10
5.78
3.87
2.48
3.79
2.00
6.96
6.20
2.19
12.60
6.88
9.59
5.07
0.97
1.95
2.33
3.27
2.47
5.52
5.63
3.60
7.06
7.33
3.13
4.90
3.41
3.65
5.20
7.38
7.89
9.07
7.27
7.25
