GUESS    :MOVING_SM
STARTTIME:1289978789374
ENDTIME  :1289978803733
LOCALSPD :1.5436527
LONGSPD  :0.41352898
LOCATION :Location[mProvider=network,mTime=1289978797983,mLatitude=51.221897,mLongitude=4.386464,mHasAltitude=false,mAltitude=0.0,mHasSpeed=false,mSpeed=0.0,mHasBearing=false,mBearing=0.0,mHasAccuracy=true,mAccuracy=2141.0,mExtras=Bundle[mParcelledData.dataSize=148]]
ADDRESS :

0.55
0.61
0.24
0.19
0.14
0.04
0.09
0.18
0.10
0.11
0.14
0.01
0.08
0.09
0.05
0.09
0.04
0.02
0.04
0.04
0.04
0.03
0.09
0.11
0.08
0.08
0.06
0.02
0.07
0.10
0.06
0.03
0.07
0.07
0.04
0.02
0.02
0.04
0.04
0.02
0.02
0.02
0.01
0.05
0.05
0.03
0.02
0.01
0.01
0.04
0.04
0.00
0.03
0.04
0.03
0.05
0.03
0.03
0.02
0.02
0.00
0.01
0.03
0.03
0.02
0.02
0.00
0.03
0.05
0.03
0.03
0.01
0.04
0.02
0.01
0.01
0.02
0.04
0.04
0.04
0.01
0.01
0.03
0.05
0.07
0.05
0.02
0.01
0.02
0.02
0.03
0.02
0.03
0.05
0.03
0.05
0.08
0.05
0.01
0.01
0.02
0.03
0.03
0.05
0.04
0.06
0.09
0.05
0.03
0.07
0.06
0.04
0.01
0.02
0.03
0.04
0.01
0.03
0.04
0.02
0.04
0.02
0.01
0.01
0.04
0.03
0.01
0.04
