GUESS    :MOVING_ME
STARTTIME:1289978321267
ENDTIME  :1289978334146
LOCALSPD :0.0
LONGSPD  :-1.0
LOCATION :Location[mProvider=network,mTime=1289978252814,mLatitude=51.21026504,mLongitude=4.41578832,mHasAltitude=false,mAltitude=0.0,mHasSpeed=false,mSpeed=0.0,mHasBearing=false,mBearing=0.0,mHasAccuracy=true,mAccuracy=57.0,mExtras=Bundle[mParcelledData.dataSize=148]]
ADDRESS :

0.19
0.54
0.27
0.25
0.37
0.11
0.39
0.20
0.39
0.38
0.19
0.65
0.35
1.27
0.65
1.10
0.37
1.18
0.65
1.46
0.31
0.50
0.64
0.35
0.74
0.53
0.37
0.42
0.69
0.16
0.74
0.42
0.46
0.42
0.29
0.27
0.30
0.27
0.56
0.22
0.04
0.49
0.45
0.69
0.76
0.11
1.09
0.84
0.67
1.16
1.54
1.99
2.22
0.89
2.10
2.49
1.14
2.12
1.18
1.65
1.77
1.36
0.64
0.45
0.95
0.80
0.41
1.85
2.00
1.08
1.61
0.91
0.82
1.01
0.61
0.22
0.80
0.82
0.97
0.68
0.76
1.16
0.46
0.72
1.69
1.21
1.23
0.72
0.72
0.80
0.31
0.78
0.64
2.32
4.56
5.87
3.17
7.15
6.25
2.78
2.91
2.38
2.34
1.85
2.96
1.54
1.24
1.12
3.00
1.23
2.91
1.24
11.92
27.24
37.42
22.56
5.39
3.75
2.70
2.45
1.48
1.23
1.10
1.18
2.64
1.83
2.21
4.56
4.25
4.37
2.53
2.17
3.99
2.48
1.23
0.69
1.23
1.91
1.96
1.13
0.67
0.64
0.61
0.54
0.80
1.31
4.02
1.91
2.32
1.92
1.61
1.44
1.69
3.11
3.38
8.06
1.92
2.59
2.83
3.21
1.23
3.68
9.87
3.06
5.98
4.71
6.92
17.01
8.84
8.93
9.66
8.58
4.56
3.47
3.55
6.13
4.02
1.24
2.57
6.91
5.58
7.01
4.71
4.81
1.77
2.19
2.81
1.77
6.65
4.25
0.90
7.74
6.84
3.35
3.17
1.18
1.96
1.23
2.41
3.83
2.03
3.32
2.04
2.12
1.50
4.93
0.52
4.60
1.10
2.19
0.49
0.89
1.50
2.98
2.64
1.81
5.43
2.19
1.04
2.30
0.83
1.50
1.63
0.72
3.49
2.91
1.88
5.60
4.21
2.66
3.55
2.68
3.85
5.18
1.53
1.39
5.03
1.39
4.41
6.05
6.47
2.45
1.99
1.27
1.92
0.99
2.93
4.14
1.08
2.17
2.37
6.44
4.13
2.49
1.92
1.80
