GUESS    :MOVING_ME
STARTTIME:1289979302645
ENDTIME  :1289979315583
LOCALSPD :0.0
LONGSPD  :0.40902594
LOCATION :Location[mProvider=network,mTime=1289979298693,mLatitude=51.221897,mLongitude=4.386464,mHasAltitude=false,mAltitude=0.0,mHasSpeed=false,mSpeed=0.0,mHasBearing=false,mBearing=0.0,mHasAccuracy=true,mAccuracy=2141.0,mExtras=Bundle[mParcelledData.dataSize=148]]
ADDRESS :

2.49
1.18
2.93
3.01
7.48
6.28
2.02
4.11
2.72
2.75
1.46
2.11
3.38
5.18
5.97
4.99
2.18
1.42
4.59
1.88
3.15
2.14
1.14
3.17
1.47
5.04
8.58
3.36
2.30
3.02
6.22
2.38
4.96
1.43
4.41
3.69
1.85
7.93
1.73
2.04
4.64
1.95
3.79
1.72
2.47
3.68
1.99
0.97
7.41
2.37
2.22
4.62
4.52
1.99
2.76
1.50
3.68
2.53
5.19
3.20
3.30
3.30
6.62
5.09
1.91
0.93
1.77
0.76
1.80
2.60
1.35
3.00
2.10
0.97
3.26
6.01
5.33
2.97
4.48
3.72
1.95
2.27
0.76
1.32
0.95
1.33
1.16
2.07
3.13
4.45
5.72
8.04
4.84
3.34
2.29
2.19
5.09
2.96
4.71
5.60
1.48
2.34
6.21
3.02
2.33
3.58
4.66
3.60
3.15
3.21
5.22
6.25
6.24
4.40
6.46
3.11
2.76
3.42
5.22
3.75
6.93
0.53
2.34
3.95
3.45
3.66
2.79
3.66
4.73
2.66
3.23
2.76
1.72
3.64
3.69
0.90
2.71
1.18
1.83
1.77
2.25
2.68
1.51
1.63
3.98
8.01
4.28
5.78
2.59
2.91
1.18
1.69
1.58
1.04
1.76
2.47
1.65
5.20
4.94
2.33
3.72
0.97
1.27
0.26
2.15
2.26
1.16
1.10
0.20
1.42
0.38
0.42
0.30
0.53
0.31
0.53
0.33
0.84
0.99
2.10
1.62
3.05
1.92
1.40
3.35
6.13
4.36
2.34
2.00
0.69
0.95
1.89
3.53
1.08
0.26
0.87
0.95
1.68
0.41
0.61
0.54
0.63
0.49
2.03
2.48
3.17
2.52
1.83
1.53
2.04
1.33
1.43
1.69
1.10
0.95
0.84
0.60
0.89
1.44
2.04
1.29
1.73
1.58
1.10
0.46
0.74
0.37
0.72
0.63
0.34
0.69
0.38
0.22
0.50
1.12
0.95
0.91
0.99
1.31
1.08
1.69
1.08
1.87
1.18
1.14
1.44
2.07
1.28
0.93
1.61
4.25
1.96
1.80
2.98
2.45
3.45
