GUESS    :WALKING
STARTTIME:1289058924492
ENDTIME  :1289058937382
LOCALSPD :0.0
LONGSPD  :0.007953672
LOCATION :Location[mProvider=network,mTime=1289058910096,mLatitude=55.74818293333334,mLongitude=12.3800722,mHasAltitude=false,mAltitude=0.0,mHasSpeed=false,mSpeed=0.0,mHasBearing=false,mBearing=0.0,mHasAccuracy=true,mAccuracy=117.0,mExtras=Bundle[mParcelledData.dataSize=148]]
ADDRESS :

3.64
0.27
0.13
0.08
0.26
0.19
0.17
0.11
0.08
0.06
0.08
0.39
0.26
0.28
0.14
0.10
0.01
0.09
0.06
0.10
0.10
0.29
0.64
1.53
0.51
0.28
0.04
0.15
0.06
0.14
0.15
0.29
0.08
0.13
0.09
0.10
0.13
0.18
0.11
0.11
0.11
0.09
0.04
0.22
0.16
0.36
0.09
0.07
0.22
0.12
0.12
0.20
0.12
0.03
0.15
0.13
0.09
0.21
0.08
0.11
0.01
0.06
0.03
0.26
0.07
0.18
0.27
0.25
0.48
0.23
0.36
0.05
0.12
0.13
0.23
0.11
0.09
0.22
0.09
0.32
0.40
0.23
0.40
0.03
0.19
0.18
0.15
0.05
0.22
0.25
0.18
0.27
0.27
0.14
0.17
0.05
0.01
0.13
0.18
0.11
0.12
0.03
0.17
0.29
0.14
0.29
0.13
0.36
0.17
0.35
0.13
0.18
0.08
0.14
0.15
0.25
0.10
0.18
0.24
0.05
0.14
0.16
0.05
0.22
0.24
0.13
0.26
0.10
