GUESS    :MOVING_ME
STARTTIME:1289059850807
ENDTIME  :1289059865154
LOCALSPD :0.0
LONGSPD  :0.0
LOCATION :Location[mProvider=network,mTime=1289059805393,mLatitude=55.749566400000006,mLongitude=12.37671915,mHasAltitude=false,mAltitude=0.0,mHasSpeed=false,mSpeed=0.0,mHasBearing=false,mBearing=0.0,mHasAccuracy=true,mAccuracy=50.0,mExtras=Bundle[mParcelledData.dataSize=148]]
ADDRESS :

2.29
0.75
0.55
0.54
0.46
0.37
0.57
0.28
0.26
0.38
0.55
0.35
0.15
0.24
0.52
0.38
0.04
0.23
0.30
0.07
0.24
0.22
0.07
0.04
0.24
0.41
0.10
0.16
0.08
0.13
0.04
0.12
0.02
0.30
0.10
0.21
0.21
0.06
0.11
0.13
0.17
0.06
0.15
0.20
0.18
0.03
0.11
0.18
0.08
0.16
0.21
0.07
0.02
0.13
0.10
0.26
0.15
0.05
0.11
0.12
0.05
0.16
0.34
0.18
0.01
0.24
0.13
0.16
0.03
0.19
0.03
0.21
0.07
0.24
0.21
0.06
0.24
0.16
0.11
0.15
0.14
0.22
0.09
0.13
0.24
0.17
0.05
0.27
0.14
0.12
0.14
0.18
0.25
0.22
0.17
0.23
0.14
0.16
0.16
0.07
0.16
0.13
0.07
0.06
0.07
0.05
0.01
0.06
0.08
0.11
0.02
0.17
0.12
0.08
0.06
0.09
0.08
0.06
0.05
0.10
0.03
0.12
0.21
0.11
0.26
0.09
0.21
0.09
