GUESS    :WALKING
STARTTIME:1289057257790
ENDTIME  :1289057271599
LOCALSPD :0.0
LONGSPD  :0.0
LOCATION :Location[mProvider=network,mTime=1289057223496,mLatitude=55.749568175,mLongitude=12.37671535,mHasAltitude=false,mAltitude=0.0,mHasSpeed=false,mSpeed=0.0,mHasBearing=false,mBearing=0.0,mHasAccuracy=true,mAccuracy=50.0,mExtras=Bundle[mParcelledData.dataSize=148]]
ADDRESS :

1.96
1.81
2.37
6.36
5.52
7.08
1.42
1.42
3.98
2.45
1.10
4.51
3.19
3.50
4.02
8.88
1.20
4.33
3.85
1.50
0.82
2.02
1.88
5.18
4.56
7.10
3.30
3.88
2.72
1.35
0.91
1.20
5.07
2.90
3.87
10.75
1.70
2.53
4.56
1.73
1.09
2.03
1.80
4.64
3.45
4.66
4.48
2.06
3.51
2.79
0.84
2.40
4.63
3.30
3.68
7.91
2.98
5.53
3.84
2.32
1.62
1.48
0.54
4.18
3.06
5.71
5.28
1.55
3.73
2.56
2.26
1.44
2.15
3.95
2.74
3.21
3.13
7.71
4.94
3.30
2.44
1.27
1.25
0.60
1.59
2.60
3.15
3.32
3.41
3.38
4.06
1.95
2.34
0.57
0.86
1.96
3.32
1.81
1.91
3.64
5.95
3.17
4.71
1.27
1.39
0.65
0.65
0.97
1.53
0.69
0.69
0.69
0.95
2.47
3.15
1.48
1.51
1.27
0.61
0.65
0.72
0.67
0.29
0.63
0.93
1.04
0.48
0.49
0.68
0.26
0.87
0.86
0.22
0.69
0.15
0.31
0.34
0.54
0.34
0.27
0.35
0.44
0.26
0.34
0.19
0.04
0.12
0.11
0.12
0.39
0.23
0.35
0.15
0.22
0.20
0.46
0.53
0.61
1.18
1.08
1.12
0.90
0.46
0.48
0.11
0.20
0.87
1.04
1.50
1.95
2.97
2.76
2.56
1.31
1.87
1.39
0.61
0.83
0.65
0.27
0.07
0.37
0.61
1.08
3.38
4.03
6.39
1.53
1.73
0.71
0.99
0.63
0.50
0.69
1.61
1.01
1.35
2.36
2.81
1.78
1.92
3.38
1.80
1.04
0.80
0.23
0.30
0.41
0.57
0.35
0.46
0.19
0.25
0.29
0.31
0.34
0.23
0.31
0.30
0.15
0.04
0.26
0.26
0.18
0.16
0.04
0.20
0.11
0.11
0.12
0.03
0.31
0.03
0.57
0.34
1.59
2.29
2.75
3.79
1.61
1.69
1.77
2.64
0.99
1.25
1.10
3.08
0.56
0.57
1.50
0.49
0.61
0.26
0.71
0.61
1.12
