GUESS    :MOVING_HI
STARTTIME:1289057624952
ENDTIME  :1289057638525
LOCALSPD :0.0
LONGSPD  :0.0
LOCATION :Location[mProvider=network,mTime=1289057637140,mLatitude=55.746336,mLongitude=12.384762,mHasAltitude=false,mAltitude=0.0,mHasSpeed=false,mSpeed=0.0,mHasBearing=false,mBearing=0.0,mHasAccuracy=true,mAccuracy=810.0,mExtras=Bundle[mParcelledData.dataSize=148]]
ADDRESS :

3.11
2.18
0.81
1.03
0.23
0.24
0.22
0.36
0.38
0.22
0.18
0.14
0.34
0.26
0.44
0.57
0.37
0.92
0.62
0.06
0.84
0.92
0.21
0.18
0.08
0.23
0.04
0.10
0.31
0.31
0.39
0.36
0.10
0.19
0.04
0.19
0.33
0.31
0.55
0.28
0.09
0.32
0.15
0.25
0.16
0.16
0.18
0.34
0.41
0.43
0.11
0.13
0.12
0.19
0.30
0.47
0.41
0.31
0.52
0.39
0.05
0.10
0.07
0.25
0.37
0.21
0.26
0.24
0.23
0.35
0.27
0.31
0.02
0.10
0.26
0.18
0.08
0.17
0.11
0.09
0.07
0.06
0.09
0.12
0.03
0.23
0.11
0.11
0.26
0.21
0.31
0.30
0.30
0.21
0.13
0.17
0.17
0.11
0.11
0.15
0.11
0.08
0.11
0.07
0.20
0.10
0.09
0.27
0.40
0.35
0.43
0.32
0.17
0.12
0.25
0.19
0.17
0.08
0.06
0.09
0.10
0.10
0.17
0.11
0.28
0.29
0.31
0.17
