GUESS    :MOVING_SM
STARTTIME:1289057709452
ENDTIME  :1289057724211
LOCALSPD :0.0
LONGSPD  :0.0
LOCATION :Location[mProvider=network,mTime=1289057722013,mLatitude=55.746336,mLongitude=12.384762,mHasAltitude=false,mAltitude=0.0,mHasSpeed=false,mSpeed=0.0,mHasBearing=false,mBearing=0.0,mHasAccuracy=true,mAccuracy=810.0,mExtras=Bundle[mParcelledData.dataSize=148]]
ADDRESS :

0.44
0.61
0.57
0.48
0.40
0.31
0.24
0.22
0.22
0.21
0.23
0.22
0.22
0.22
0.21
0.21
0.20
0.18
0.18
0.16
0.15
0.11
0.10
0.07
0.06
0.06
0.06
0.06
0.06
0.06
0.06
0.05
0.03
0.04
0.03
0.04
0.05
0.06
0.05
0.05
0.05
0.04
0.03
0.02
0.01
0.02
0.02
0.03
0.03
0.03
0.02
0.02
0.01
0.03
0.03
0.05
0.03
0.05
0.05
0.04
0.04
0.05
0.05
0.05
0.06
0.06
0.06
0.07
0.06
0.06
0.05
0.05
0.05
0.06
0.07
0.07
0.07
0.09
0.10
0.11
0.10
0.12
0.11
0.12
0.11
0.11
0.11
0.09
0.09
0.10
0.08
0.09
0.09
0.09
0.10
0.10
0.11
0.10
0.10
0.10
0.09
0.09
0.07
0.05
0.06
0.05
0.06
0.06
0.06
0.07
0.07
0.06
0.05
0.04
0.05
0.04
0.04
0.03
0.03
0.02
0.02
0.01
0.01
0.02
0.03
0.03
0.04
0.04
