GUESS    :IDLE
STARTTIME:1288006261862
ENDTIME  :1288006276715
LOCALSPD :0.0
LONGSPD  :-1.0
LOCATION :org.peterstrand.service.LocationWrapper@449aba00
ADDRESS :

0.08
0.01
0.00
0.00
0.01
0.01
0.00
0.00
0.00
0.00
0.01
0.00
0.00
0.01
0.00
0.01
0.01
0.00
0.00
0.01
0.01
0.00
0.00
0.00
0.00
0.01
0.00
0.00
0.00
0.01
0.01
0.01
0.00
0.00
0.01
0.00
0.01
0.00
0.01
0.00
0.01
0.01
0.00
0.01
0.00
0.00
0.00
0.00
0.01
0.00
0.01
0.00
0.00
0.00
0.00
0.01
0.00
0.00
0.00
0.01
0.00
0.00
0.00
0.01
0.00
0.00
0.00
0.01
0.00
0.00
0.00
0.00
0.01
0.01
0.01
0.01
0.00
0.01
0.00
0.00
0.00
0.01
0.00
0.00
0.00
0.00
0.00
0.00
0.00
0.00
0.00
0.00
0.01
0.00
0.00
0.00
0.00
0.01
0.01
0.00
0.00
0.00
0.01
0.00
0.00
0.01
0.01
0.00
0.00
0.00
0.01
0.00
0.00
0.00
0.00
0.01
0.00
0.00
0.00
0.00
0.01
0.00
0.00
0.00
0.00
0.00
0.00
0.00
