GUESS    :MOVING_SM
STARTTIME:1288159158625
ENDTIME  :1288159172797
LOCALSPD :-1.0
LONGSPD  :-1.0
LOCATION :Location[mProvider=network,mTime=1288159159610,mLatitude=55.74958615,mLongitude=12.3767289,mHasAltitude=false,mAltitude=0.0,mHasSpeed=false,mSpeed=0.0,mHasBearing=false,mBearing=0.0,mHasAccuracy=true,mAccuracy=50.0,mExtras=Bundle[mParcelledData.dataSize=148]]
ADDRESS :

0.16
0.23
0.23
0.12
0.14
0.10
0.07
0.03
0.08
0.15
0.12
0.25
0.08
0.20
0.07
0.11
0.20
0.16
0.19
0.14
0.15
0.20
0.31
0.89
0.29
0.54
0.11
0.26
0.26
0.31
0.27
0.16
0.34
0.12
0.23
0.04
0.12
0.11
0.07
0.22
0.19
0.12
0.15
0.04
0.12
0.11
0.18
0.23
0.52
0.27
0.26
0.30
0.04
0.26
0.22
0.15
0.08
0.42
0.46
0.27
0.19
0.27
0.64
0.25
0.60
0.16
0.23
0.38
0.23
0.16
0.04
0.07
0.23
0.16
0.67
0.75
1.68
1.18
0.90
0.80
0.53
0.27
0.31
0.50
0.54
0.08
0.42
0.20
0.27
0.39
0.46
0.11
0.33
0.31
0.27
0.27
0.39
0.31
0.15
0.12
0.19
0.20
0.25
0.08
0.61
0.34
0.57
1.17
0.76
1.25
0.61
0.63
0.41
2.11
2.71
1.61
2.11
0.94
2.59
2.70
2.91
1.96
1.42
2.25
0.80
0.60
0.14
0.57
0.57
1.04
0.19
0.54
0.12
1.23
0.93
2.07
1.42
0.54
1.16
2.87
0.64
0.64
0.69
0.95
0.79
0.38
2.00
3.20
3.27
2.64
1.76
2.07
0.65
1.65
0.46
1.35
1.04
0.42
1.23
0.53
0.87
1.04
1.31
1.88
0.68
0.27
0.72
0.76
0.34
0.42
0.84
0.98
0.50
0.95
0.74
0.84
0.46
0.80
0.49
1.08
0.69
0.71
0.57
0.89
0.50
0.33
0.23
0.64
0.53
0.30
0.89
1.06
1.04
0.63
0.84
1.88
0.64
0.74
0.84
2.03
0.57
1.50
1.35
2.40
1.78
1.88
1.43
0.86
4.33
3.45
3.99
1.80
3.15
2.74
2.19
0.91
1.69
3.05
1.80
1.57
0.50
2.96
3.81
1.13
1.10
1.76
2.33
0.76
0.84
2.63
1.85
1.20
0.49
2.33
2.07
2.22
1.24
1.97
1.66
0.72
2.66
5.64
2.53
1.69
1.76
0.99
1.68
1.23
1.97
1.73
3.45
2.02
2.91
0.80
1.27
1.54
