GUESS    :WALKING
STARTTIME:1288159172798
ENDTIME  :1288159187423
LOCALSPD :-1.0
LONGSPD  :-1.0
LOCATION :Location[mProvider=network,mTime=1288159159610,mLatitude=55.74958615,mLongitude=12.3767289,mHasAltitude=false,mAltitude=0.0,mHasSpeed=false,mSpeed=0.0,mHasBearing=false,mBearing=0.0,mHasAccuracy=true,mAccuracy=50.0,mExtras=Bundle[mParcelledData.dataSize=148]]
ADDRESS :

1.88
1.48
2.49
3.21
1.35
2.87
1.55
1.20
2.11
1.31
1.77
3.72
1.50
2.72
0.82
1.28
0.78
4.07
3.76
1.80
2.68
1.77
0.94
2.25
0.33
2.10
1.18
2.57
2.38
1.08
1.73
2.18
1.76
1.68
1.62
1.05
1.72
1.10
3.96
3.83
1.77
2.11
1.83
0.71
1.48
1.43
0.80
5.22
3.06
1.62
1.35
2.18
0.34
2.00
1.96
0.97
2.91
2.53
1.06
0.59
1.28
0.91
2.00
0.74
1.99
4.37
2.68
2.64
1.66
1.97
1.35
3.00
0.69
2.15
2.64
2.00
3.61
2.23
0.78
1.18
1.73
0.97
1.70
3.49
1.61
2.19
1.69
0.78
1.08
1.14
1.04
1.33
1.53
4.94
3.17
0.80
0.97
2.82
0.80
0.68
0.59
1.10
1.74
1.38
1.53
4.29
1.95
1.84
1.13
1.21
0.72
3.55
0.80
2.37
0.57
0.99
2.41
1.38
3.84
2.78
1.50
2.71
0.80
0.99
0.97
3.20
0.74
1.83
0.54
1.88
1.88
3.69
0.89
2.41
0.76
0.93
1.04
0.94
1.43
1.57
0.59
0.72
1.81
1.29
3.15
1.69
0.59
0.78
0.84
0.99
0.42
0.72
1.47
1.65
0.72
2.86
1.38
0.79
0.95
0.30
0.82
0.69
1.16
0.45
0.67
0.91
0.98
1.83
1.14
1.73
0.50
0.31
0.65
0.20
0.59
1.25
1.72
1.54
0.71
0.27
0.44
0.37
1.65
1.13
0.34
0.50
0.46
0.56
0.74
0.46
0.65
0.53
0.46
1.70
1.16
0.50
0.69
0.57
0.11
0.34
0.46
0.35
0.29
0.27
0.49
0.53
0.46
0.19
0.23
0.22
0.27
0.19
0.54
0.31
0.46
0.29
0.52
0.65
0.54
0.34
0.34
0.84
0.53
0.60
0.54
0.84
0.59
0.46
0.98
0.95
1.40
1.69
0.91
3.27
3.12
1.17
1.58
2.47
6.80
13.02
7.55
6.46
6.84
1.92
1.78
1.92
1.97
3.39
5.13
3.00
4.55
1.40
3.17
2.52
0.80
1.25
