GUESS    :MOVING_SM
STARTTIME:1288159230449
ENDTIME  :1288159245848
LOCALSPD :0.0
LONGSPD  :-1.0
LOCATION :Location[mProvider=network,mTime=1288159219634,mLatitude=55.74958026666667,mLongitude=12.376720666666666,mHasAltitude=false,mAltitude=0.0,mHasSpeed=false,mSpeed=0.0,mHasBearing=false,mBearing=0.0,mHasAccuracy=true,mAccuracy=50.0,mExtras=Bundle[mParcelledData.dataSize=148]]
ADDRESS :

0.04
0.72
1.06
0.67
0.67
0.27
0.11
0.83
1.62
1.04
0.12
0.76
0.90
0.50
0.46
0.31
0.50
0.65
0.35
0.30
0.31
0.23
0.38
0.53
0.41
0.48
0.39
0.34
0.31
0.42
0.34
1.04
0.93
1.23
1.14
1.33
1.01
0.82
1.18
0.72
0.19
0.67
1.43
1.25
0.38
0.38
0.59
0.54
0.08
0.33
0.16
0.25
0.31
0.79
0.68
0.64
0.69
0.48
0.78
0.97
0.76
0.35
0.19
0.74
0.95
0.42
1.38
0.54
0.15
1.04
0.97
0.41
0.54
0.30
0.39
0.72
0.98
0.91
1.33
2.94
2.81
7.50
11.07
3.21
2.29
7.08
5.68
3.90
5.68
3.64
1.99
3.06
2.72
4.51
8.04
8.40
2.57
5.22
4.14
1.48
0.65
0.45
0.35
0.12
0.20
0.12
0.08
0.12
0.12
0.12
0.08
0.12
0.04
0.04
0.04
0.08
0.04
0.04
0.08
0.12
0.16
0.12
0.08
0.08
0.12
0.04
0.08
0.08
0.12
0.04
0.12
0.12
0.08
0.04
0.04
0.08
0.04
0.08
0.12
0.16
0.04
0.04
0.04
0.08
0.04
0.08
0.04
0.08
0.04
0.12
0.04
0.12
0.08
0.16
0.12
0.08
0.12
0.12
0.08
0.12
0.12
0.08
0.08
0.08
0.08
0.08
0.12
0.08
0.15
0.19
0.08
0.08
0.04
0.04
0.11
0.15
0.08
0.12
0.04
0.16
0.12
0.08
0.12
0.12
0.04
0.08
0.04
0.08
0.04
0.04
0.12
0.08
0.12
0.08
0.12
0.08
0.08
0.08
0.12
0.04
0.08
0.08
0.08
0.08
0.08
0.04
0.12
0.16
0.08
0.12
0.16
0.08
0.12
0.04
0.08
0.16
0.12
0.04
0.04
0.04
0.04
0.07
0.07
0.12
0.12
0.08
0.08
0.04
0.04
0.04
0.04
0.08
0.08
0.08
0.08
0.08
0.08
0.16
0.08
0.08
0.12
0.04
0.04
0.08
0.08
0.04
0.04
0.12
0.04
0.04
0.04
0.08
0.04
0.04
0.12
0.08
