GUESS    :IDLE
STARTTIME:1287742506778
ENDTIME  :1287742522537
LOCATION :Location[mProvider=network,mTime=1287742521623,mLatitude=55.7825015,mLongitude=12.514088259999998,mHasAltitude=false,mAltitude=0.0,mHasSpeed=false,mSpeed=0.0,mHasBearing=false,mBearing=0.0,mHasAccuracy=true,mAccuracy=53.0,mExtras=Bundle[mParcelledData.dataSize=148]]
ADDRESS :

0.11
0.08
0.07
0.07
0.12
0.12
0.15
0.14
0.03
0.12
0.03
0.18
0.15
0.12
0.16
0.15
0.19
0.11
0.07
0.04
0.12
0.04
0.08
0.04
0.16
0.39
0.42
0.30
0.42
0.27
0.08
0.08
0.08
0.08
0.04
0.12
0.08
0.08
0.08
0.04
0.04
0.04
0.19
0.38
0.31
0.12
0.04
0.03
0.15
0.08
0.04
0.12
0.12
0.08
0.04
0.08
0.12
0.12
0.08
0.04
0.04
0.11
0.07
0.08
0.08
0.08
0.08
0.04
0.08
0.12
0.08
0.04
0.04
0.15
0.19
0.08
0.04
0.11
0.07
0.12
0.08
0.04
0.08
0.08
0.04
0.04
0.12
0.16
0.08
0.15
0.04
0.07
0.08
0.08
0.12
0.04
0.04
0.08
0.08
0.04
0.08
0.11
0.07
0.04
0.08
0.19
0.15
0.08
0.16
0.04
0.08
0.08
0.11
0.15
0.08
0.12
0.08
0.04
0.11
0.11
0.04
0.08
0.08
0.12
0.12
0.12
0.12
0.04
0.04
0.08
0.04
0.04
0.08
0.08
0.08
0.08
0.12
0.04
0.35
0.52
0.20
0.12
0.16
0.04
0.11
0.07
0.07
0.11
0.08
0.16
0.04
0.08
0.08
0.04
0.07
0.31
0.19
0.41
0.15
0.27
0.16
0.23
0.19
0.08
0.04
0.12
0.12
0.04
0.11
0.07
0.15
0.23
0.16
0.08
0.04
0.08
0.12
0.15
0.03
0.08
0.12
0.04
0.11
0.19
0.04
0.04
0.08
0.12
0.12
0.11
0.11
0.08
0.08
0.08
0.12
0.08
0.08
0.04
0.04
0.04
0.08
0.08
0.08
0.12
0.08
0.08
0.12
0.04
0.12
0.12
0.11
0.07
0.04
0.07
0.15
0.08
0.16
0.12
0.04
0.12
0.16
0.08
0.04
0.08
0.12
0.08
0.04
0.15
0.19
0.07
0.07
0.08
0.12
0.12
0.04
0.04
0.12
0.15
0.15
0.08
0.12
0.16
0.08
0.07
0.15
0.12
0.11
0.07
0.11
0.08
0.15
0.11
0.11
0.11
0.03
0.04
