GUESS    :MOVING_SM
STARTTIME:1289036161995
ENDTIME  :1289036176088
LOCALSPD :-1.0
LONGSPD  :-1.0
LOCATION :Location[mProvider=network,mTime=1289036144470,mLatitude=55.74958615,mLongitude=12.3767289,mHasAltitude=false,mAltitude=0.0,mHasSpeed=false,mSpeed=0.0,mHasBearing=false,mBearing=0.0,mHasAccuracy=true,mAccuracy=50.0,mExtras=Bundle[mParcelledData.dataSize=148]]
ADDRESS :

0.66
0.17
0.28
0.28
0.28
0.20
0.21
0.18
0.23
0.13
0.11
0.14
0.12
0.15
0.15
0.21
0.14
0.16
0.11
0.09
0.15
0.09
0.07
0.21
0.08
0.10
0.11
0.09
0.09
0.10
0.09
0.08
0.06
0.13
0.09
0.12
0.18
0.09
0.12
0.19
0.14
0.20
0.19
0.15
0.17
0.22
0.19
0.06
0.19
0.15
0.11
0.20
0.16
0.20
0.17
0.14
0.22
0.16
0.15
0.22
0.11
0.15
0.14
0.13
0.12
0.11
0.06
0.11
0.10
0.09
0.10
0.09
0.07
0.08
0.08
0.07
0.09
0.05
0.10
0.10
0.07
0.11
0.09
0.09
0.09
0.11
0.13
0.10
0.09
0.10
0.13
0.08
0.08
0.11
0.11
0.11
0.09
0.14
0.10
0.16
0.13
0.18
0.11
0.13
0.15
0.11
0.18
0.13
0.12
0.16
0.11
0.10
0.13
0.16
0.12
0.15
0.12
0.11
0.11
0.07
0.10
0.07
0.10
0.06
0.11
0.06
0.08
0.13
