GUESS    :MOVING_SM
STARTTIME:1289291316376
ENDTIME  :1289291330147
LOCALSPD :0.0
LONGSPD  :-1.0
LOCATION :Location[mProvider=network,mTime=1289291324786,mLatitude=55.749566400000006,mLongitude=12.37671915,mHasAltitude=false,mAltitude=0.0,mHasSpeed=false,mSpeed=0.0,mHasBearing=false,mBearing=0.0,mHasAccuracy=true,mAccuracy=50.0,mExtras=Bundle[mParcelledData.dataSize=148]]
ADDRESS :

0.35
0.15
0.20
0.23
0.11
0.11
0.07
0.18
0.23
0.04
0.16
0.27
0.16
0.16
0.19
0.30
0.08
0.57
0.11
0.12
0.16
0.26
0.07
0.38
0.54
0.72
1.38
0.79
0.23
0.23
0.11
0.20
0.45
0.31
0.78
0.59
0.63
0.34
0.23
0.27
0.61
0.23
0.30
0.27
0.25
0.25
0.19
0.20
0.23
0.20
0.42
0.80
1.18
0.34
0.27
0.22
0.35
0.08
0.14
0.18
0.41
0.16
0.27
0.69
0.11
0.19
0.16
0.18
0.42
0.15
0.22
0.33
0.98
0.95
0.46
0.26
0.23
0.22
0.08
0.25
0.03
0.16
0.07
0.07
0.10
0.15
0.07
0.23
0.38
1.18
2.60
2.29
0.87
2.48
3.84
1.58
2.85
4.37
4.70
6.28
2.34
0.80
0.72
2.11
1.72
2.44
1.99
1.46
0.71
1.51
2.57
1.12
2.41
1.16
1.02
0.57
0.37
0.87
0.42
0.44
0.27
0.30
0.54
0.45
0.05
0.07
0.20
0.12
0.11
0.27
0.35
0.16
0.23
0.34
0.29
0.27
0.19
0.52
0.20
0.12
0.23
0.16
0.19
0.31
0.31
0.08
0.12
0.19
0.12
0.19
0.11
0.26
0.30
0.23
0.15
0.15
0.38
0.34
0.16
0.15
0.15
0.23
0.15
0.11
0.23
0.12
0.23
0.14
0.08
0.22
0.42
0.30
0.30
0.57
0.45
0.23
0.34
0.23
0.30
0.15
0.25
0.16
0.16
0.22
0.22
0.12
0.27
0.04
0.15
0.11
0.29
0.14
0.22
0.08
0.11
0.12
0.20
0.19
0.29
0.15
0.05
0.05
0.15
0.20
0.07
0.11
0.16
0.26
0.18
0.23
0.54
0.31
0.45
0.44
0.42
0.35
0.27
0.53
0.38
0.22
0.33
0.65
0.35
0.20
0.29
0.27
0.39
0.15
0.64
0.87
0.56
0.19
0.27
0.31
0.46
0.33
0.20
0.12
0.31
0.12
0.23
0.11
0.15
0.04
0.16
0.19
0.15
0.15
0.12
0.15
0.31
1.10
0.87
0.29
0.19
0.46
