GUESS    :MOVING_SM
STARTTIME:1288619308304
ENDTIME  :1288619322508
LOCALSPD :0.0
LONGSPD  :0.0
LOCATION :Location[mProvider=network,mTime=1288619315922,mLatitude=55.78251023,mLongitude=12.51395238,mHasAltitude=false,mAltitude=0.0,mHasSpeed=false,mSpeed=0.0,mHasBearing=false,mBearing=0.0,mHasAccuracy=true,mAccuracy=53.0,mExtras=Bundle[mParcelledData.dataSize=148]]
ADDRESS :

0.16
0.08
0.08
0.19
0.19
0.23
0.79
0.87
0.27
0.31
0.46
0.19
0.35
0.11
0.38
0.15
0.12
0.53
0.30
0.64
0.74
0.38
0.18
0.18
0.23
0.27
0.16
0.15
0.08
0.25
0.08
0.11
0.16
0.22
0.16
0.11
0.14
0.03
0.11
0.27
0.04
0.18
0.35
0.27
0.25
0.53
0.80
0.60
0.26
0.39
0.27
0.35
0.23
0.20
0.34
0.20
0.23
0.10
0.07
0.04
0.34
0.20
0.63
0.41
0.56
0.68
0.33
0.20
0.19
0.25
0.31
0.15
0.16
0.27
0.23
0.26
0.29
0.29
0.12
0.08
0.31
0.50
0.37
0.31
0.42
0.20
0.23
0.18
0.15
0.15
0.15
0.14
0.27
0.19
0.18
0.14
0.07
0.23
0.33
0.11
0.16
0.25
0.27
0.20
0.07
0.16
0.03
0.08
0.20
0.35
0.12
0.23
0.65
0.39
0.08
0.25
0.39
0.11
0.11
0.11
0.15
0.11
0.16
0.23
0.23
0.39
0.12
0.42
0.48
0.27
0.78
1.04
0.50
0.42
0.23
0.29
0.19
0.11
0.25
0.15
0.11
0.16
0.30
0.03
0.26
0.31
0.25
0.20
0.18
0.23
0.46
0.16
0.12
0.50
0.59
0.56
0.38
0.35
0.16
0.26
0.08
0.04
0.12
0.12
0.12
0.04
0.19
0.49
0.91
0.30
0.54
0.23
0.12
0.08
0.12
0.19
0.14
0.23
0.12
0.29
0.23
0.15
0.12
0.08
0.08
0.12
0.04
0.08
0.19
0.11
0.20
0.04
0.08
0.08
0.08
0.20
0.12
0.04
0.08
0.12
0.25
0.04
0.16
0.04
0.39
0.42
0.48
0.49
0.30
0.39
0.19
0.08
0.16
0.08
0.20
0.20
0.04
0.16
0.12
0.16
0.07
0.34
0.19
0.12
0.25
0.08
0.19
0.15
0.20
0.12
0.12
0.08
0.12
0.20
0.04
0.11
0.15
0.08
0.12
0.12
0.12
0.16
0.19
0.15
0.15
0.23
0.16
0.12
0.04
0.08
0.04
0.08
0.08
0.16
0.04
0.08
