GUESS    :MOVING_SM
STARTTIME:1288161605226
ENDTIME  :1288161618216
LOCALSPD :0.0
LONGSPD  :3.2189014
LOCATION :Location[mProvider=network,mTime=1288161583107,mLatitude=55.747334,mLongitude=12.423157,mHasAltitude=false,mAltitude=0.0,mHasSpeed=false,mSpeed=0.0,mHasBearing=false,mBearing=0.0,mHasAccuracy=true,mAccuracy=1169.0,mExtras=Bundle[mParcelledData.dataSize=148]]
ADDRESS :

0.26
0.09
0.13
0.03
0.03
0.04
0.01
0.04
0.03
0.01
0.01
0.03
0.02
0.02
0.03
0.05
0.05
0.02
0.02
0.03
0.03
0.03
0.03
0.04
0.02
0.01
0.01
0.01
0.02
0.02
0.01
0.03
0.03
0.04
0.03
0.02
0.02
0.02
0.03
0.01
0.03
0.03
0.04
0.03
0.02
0.03
0.01
0.05
0.02
0.04
0.04
0.02
0.01
0.02
0.04
0.03
0.03
0.05
0.01
0.01
0.03
0.01
0.02
0.02
0.02
0.02
0.03
0.02
0.02
0.01
0.01
0.02
0.02
0.00
0.01
0.02
0.02
0.02
0.03
0.03
0.00
0.01
0.02
0.02
0.02
0.01
0.02
0.02
0.02
0.01
0.02
0.02
0.02
0.03
0.01
0.02
0.03
0.00
0.02
0.02
0.01
0.02
0.01
0.01
0.02
0.03
0.04
0.03
0.05
0.03
0.04
0.01
0.02
0.02
0.05
0.03
0.04
0.01
0.01
0.01
0.01
0.02
0.01
0.02
0.02
0.02
0.01
0.01
