GUESS    :MOVING_SM
STARTTIME:1288161605226
ENDTIME  :1288161618216
LOCALSPD :0.0
LONGSPD  :3.2189014
LOCATION :Location[mProvider=network,mTime=1288161583107,mLatitude=55.747334,mLongitude=12.423157,mHasAltitude=false,mAltitude=0.0,mHasSpeed=false,mSpeed=0.0,mHasBearing=false,mBearing=0.0,mHasAccuracy=true,mAccuracy=1169.0,mExtras=Bundle[mParcelledData.dataSize=148]]
ADDRESS :

0.38
0.48
0.41
0.18
0.18
0.23
0.30
0.14
0.16
0.37
0.15
0.23
0.15
0.30
0.52
0.25
0.15
0.19
0.25
0.39
0.14
0.11
0.34
0.20
0.30
0.08
0.08
0.08
0.08
0.04
0.07
0.08
0.11
0.04
0.16
0.12
0.19
0.18
0.08
0.22
0.23
0.42
0.14
0.03
0.08
0.14
0.42
0.23
0.15
0.22
0.18
0.20
0.19
0.07
0.18
0.04
0.20
0.12
0.07
0.20
0.08
0.04
0.23
0.08
0.18
0.27
0.15
0.46
0.16
0.35
0.12
0.12
0.16
0.12
0.22
0.26
0.59
0.74
0.39
0.19
0.12
0.61
0.68
1.27
0.25
0.19
0.35
0.20
0.52
0.35
0.46
0.14
0.27
0.31
0.26
0.33
0.16
0.03
0.37
0.23
0.34
0.15
0.31
0.20
0.18
0.35
0.07
0.33
0.19
0.12
0.08
0.08
0.25
0.19
0.04
0.16
0.16
0.15
0.08
0.12
0.12
0.22
0.22
0.30
0.12
0.19
0.19
0.18
0.08
0.15
0.04
0.12
0.29
0.08
0.12
0.16
0.08
0.16
0.16
0.20
0.19
0.08
0.11
0.04
0.08
0.03
0.11
0.15
0.12
0.15
0.23
0.11
0.04
0.11
0.19
0.23
0.15
0.14
0.19
0.08
0.07
0.04
0.11
0.16
0.23
0.19
0.08
0.12
0.08
0.12
0.15
0.54
0.35
0.50
0.35
0.35
0.12
0.53
0.59
0.54
0.31
0.23
0.07
0.34
0.59
0.22
0.27
0.23
0.18
0.42
0.57
0.61
0.49
1.59
0.23
0.50
0.19
0.82
0.50
0.08
0.34
0.07
1.12
0.50
0.65
0.38
0.35
0.53
0.25
0.93
0.39
0.31
0.27
0.26
0.80
0.25
0.69
0.63
0.29
0.20
0.30
0.27
0.30
0.22
0.74
0.80
1.17
0.19
0.14
0.68
0.27
0.46
0.07
0.12
0.20
0.30
0.31
0.23
0.11
0.65
1.43
0.25
0.39
0.65
0.07
0.27
0.20
0.19
0.14
0.07
0.12
0.25
0.12
0.12
0.04
0.04
