GUESS    :MOVING_ME
STARTTIME:1288160666757
ENDTIME  :1288160679646
LOCALSPD :0.0
LONGSPD  :0.0
LOCATION :Location[mProvider=network,mTime=1288160643829,mLatitude=55.7505181,mLongitude=12.3782946,mHasAltitude=false,mAltitude=0.0,mHasSpeed=false,mSpeed=0.0,mHasBearing=false,mBearing=0.0,mHasAccuracy=true,mAccuracy=113.0,mExtras=Bundle[mParcelledData.dataSize=148]]
ADDRESS :

1.23
0.23
0.34
0.26
0.16
0.21
0.22
0.28
0.08
0.24
0.08
0.19
0.13
0.17
0.16
0.13
0.05
0.08
0.07
0.09
0.13
0.12
0.05
0.09
0.19
0.06
0.13
0.08
0.14
0.04
0.06
0.20
0.10
0.03
0.15
0.11
0.12
0.07
0.08
0.09
0.09
0.02
0.07
0.07
0.07
0.09
0.05
0.02
0.14
0.04
0.12
0.06
0.13
0.07
0.17
0.18
0.08
0.10
0.07
0.06
0.04
0.07
0.09
0.07
0.05
0.11
0.03
0.05
0.06
0.05
0.02
0.06
0.08
0.08
0.12
0.05
0.07
0.08
0.09
0.14
0.10
0.08
0.18
0.04
0.06
0.03
0.10
0.05
0.09
0.01
0.11
0.08
0.08
0.05
0.08
0.07
0.12
0.11
0.02
0.14
0.09
0.07
0.14
0.12
0.07
0.15
0.12
0.06
0.12
0.06
0.03
0.07
0.06
0.10
0.05
0.13
0.07
0.09
0.03
0.12
0.05
0.07
0.15
0.10
0.12
0.08
0.12
0.10
