GUESS    :WALKING
STARTTIME:1288160889447
ENDTIME  :1288160902386
LOCALSPD :0.0
LONGSPD  :0.0
LOCATION :Location[mProvider=network,mTime=1288160884060,mLatitude=55.75023515,mLongitude=12.378528750000001,mHasAltitude=false,mAltitude=0.0,mHasSpeed=false,mSpeed=0.0,mHasBearing=false,mBearing=0.0,mHasAccuracy=true,mAccuracy=78.0,mExtras=Bundle[mParcelledData.dataSize=148]]
ADDRESS :

3.55
6.40
2.71
3.57
3.42
1.48
1.04
1.12
0.74
2.98
1.36
2.26
0.95
0.87
0.53
1.57
2.33
1.88
1.04
1.54
2.11
2.02
2.12
1.80
4.86
12.29
5.26
2.85
4.81
3.32
3.15
3.94
4.28
6.52
6.13
9.70
5.37
2.56
1.76
1.18
1.88
3.84
3.13
4.40
10.27
4.69
7.06
10.08
4.86
2.07
3.19
5.72
1.09
8.81
3.34
9.13
7.44
4.55
1.69
1.61
4.48
5.50
7.10
6.95
4.33
10.30
4.94
2.36
2.29
4.78
6.22
2.41
7.40
7.46
7.42
7.67
5.09
1.29
3.35
4.60
3.98
3.04
4.32
6.88
2.71
6.65
2.83
0.89
1.38
2.14
3.99
1.43
4.03
7.08
4.26
10.35
5.39
2.08
2.60
2.32
1.81
3.57
2.02
4.71
6.21
2.67
3.68
3.91
1.35
1.51
1.95
1.66
2.00
2.03
2.79
5.58
3.06
3.39
3.98
1.12
2.08
1.28
3.50
2.11
0.78
1.92
1.38
0.78
0.31
0.61
0.12
0.35
0.42
0.39
0.16
0.50
0.38
0.52
0.33
0.30
0.26
0.53
0.50
0.46
0.56
0.83
1.66
1.77
1.14
0.91
0.46
0.46
0.54
0.54
0.12
0.39
0.54
0.31
0.26
0.52
0.60
0.57
0.53
0.34
0.57
0.38
0.64
0.72
0.45
0.44
0.41
0.60
0.34
0.53
0.19
0.38
0.41
0.27
0.38
0.25
0.41
0.48
0.34
0.57
0.45
0.11
0.30
0.50
0.34
0.20
0.20
0.38
0.56
0.38
1.35
0.95
1.55
1.17
2.94
1.74
1.58
0.42
0.79
0.33
0.83
0.53
0.65
0.39
0.50
1.18
0.99
0.37
0.72
0.37
0.54
0.61
0.80
1.02
0.72
0.42
0.89
0.34
0.78
1.47
0.95
1.33
0.22
0.61
0.61
0.33
0.54
0.42
0.46
0.74
0.80
0.61
0.57
0.11
0.48
0.57
0.57
0.44
0.78
0.50
0.34
0.19
0.46
0.53
0.49
0.64
0.15
0.42
0.38
0.20
0.64
0.76
