GUESS    :MOVING_ME
STARTTIME:1288686293962
ENDTIME  :1288686308095
LOCALSPD :0.0
LONGSPD  :-1.0
LOCATION :Location[mProvider=network,mTime=1288686256462,mLatitude=55.78251023,mLongitude=12.51395238,mHasAltitude=false,mAltitude=0.0,mHasSpeed=false,mSpeed=0.0,mHasBearing=false,mBearing=0.0,mHasAccuracy=true,mAccuracy=53.0,mExtras=Bundle[mParcelledData.dataSize=148]]
ADDRESS :

1.57
0.40
0.70
0.31
0.23
0.15
0.17
0.23
0.28
0.28
0.08
0.34
0.25
0.19
0.27
0.05
0.05
0.16
0.14
0.12
0.10
0.09
0.22
0.16
0.15
0.06
0.08
0.18
0.04
0.23
0.09
0.17
0.16
0.06
0.21
0.07
0.09
0.14
0.14
0.03
0.08
0.10
0.21
0.15
0.16
0.20
0.04
0.15
0.16
0.09
0.11
0.15
0.10
0.13
0.03
0.06
0.08
0.10
0.02
0.24
0.09
0.16
0.08
0.07
0.06
0.06
0.01
0.15
0.16
0.03
0.05
0.15
0.03
0.18
0.09
0.06
0.15
0.14
0.07
0.11
0.05
0.12
0.17
0.10
0.06
0.10
0.06
0.08
0.08
0.04
0.06
0.08
0.05
0.12
0.05
0.11
0.07
0.15
0.11
0.04
0.03
0.12
0.21
0.04
0.14
0.04
0.09
0.05
0.15
0.17
0.12
0.08
0.04
0.12
0.09
0.04
0.11
0.09
0.07
0.13
0.12
0.22
0.12
0.15
0.03
0.07
0.13
0.05
