GUESS    :MOVING_SM
STARTTIME:1287949226382
ENDTIME  :1287949240967
LOCALSPD :-1.0
LONGSPD  :-1.0
LOCATION :org.peterstrand.service.LocationWrapper@44acfc50
ADDRESS :

10.04
0.11
0.14
0.14
0.29
0.16
0.12
0.30
0.30
0.11
0.15
0.22
0.11
0.10
0.15
0.19
0.07
0.22
0.39
0.69
0.60
0.15
0.38
0.50
0.27
0.34
0.19
0.27
0.54
0.59
0.35
0.19
0.30
0.15
0.07
0.34
0.48
0.33
0.16
0.11
0.19
0.22
0.11
0.07
0.14
0.18
1.93
3.87
7.40
3.39
3.81
4.10
3.69
3.27
3.27
5.19
2.76
7.06
2.96
3.87
4.06
4.78
5.60
2.49
0.15
0.19
0.15
0.27
0.41
0.16
0.26
0.74
1.05
1.16
1.35
0.18
1.48
1.85
3.54
1.77
1.01
0.65
1.80
0.18
0.10
0.04
0.08
0.08
0.03
0.03
0.04
0.11
0.19
0.16
0.08
0.04
0.07
0.11
0.04
0.07
0.03
0.08
0.14
0.14
0.08
0.04
0.08
0.08
0.15
0.07
0.12
0.11
0.07
0.10
0.10
0.08
0.04
0.12
0.04
0.08
0.11
0.15
0.15
0.07
0.12
0.12
0.07
0.15
0.18
0.10
0.10
0.08
0.04
0.03
0.07
0.07
0.11
0.07
0.04
0.07
0.04
0.03
0.07
0.04
0.03
0.07
0.08
0.15
0.11
0.08
0.08
0.04
0.08
0.03
0.03
0.08
0.07
0.11
0.12
0.04
0.08
0.04
0.04
0.08
0.04
0.03
0.11
0.08
0.07
0.11
0.12
0.04
0.12
0.15
0.07
0.12
0.08
0.08
0.11
0.07
0.04
0.04
0.07
0.11
0.03
0.11
0.14
0.15
0.11
0.15
0.11
0.04
0.10
0.11
0.15
0.11
0.18
0.11
0.04
0.12
0.08
0.11
0.03
0.08
0.04
0.08
0.04
0.08
0.12
0.15
0.11
0.19
0.12
0.08
0.19
0.12
0.04
0.04
0.04
0.07
0.11
0.08
0.07
0.04
0.07
0.15
0.07
0.12
0.11
0.15
0.08
0.12
0.12
0.08
0.04
0.08
0.04
0.12
0.15
0.07
0.08
0.04
0.12
0.08
0.08
0.04
0.08
0.08
0.04
0.12
0.08
0.12
0.11
0.15
0.12
0.08
