GUESS    :MOVING_SM
STARTTIME:1288943162563
ENDTIME  :1288943178156
LOCALSPD :0.0
LONGSPD  :2.4272966
LOCATION :Location[mProvider=network,mTime=1288943149099,mLatitude=55.78250412,mLongitude=12.51393769,mHasAltitude=false,mAltitude=0.0,mHasSpeed=false,mSpeed=0.0,mHasBearing=false,mBearing=0.0,mHasAccuracy=true,mAccuracy=53.0,mExtras=Bundle[mParcelledData.dataSize=148]]
ADDRESS :

1.23
0.84
0.52
1.01
0.15
0.39
0.20
0.89
1.27
0.54
0.76
0.22
0.54
0.67
0.12
0.30
0.22
0.29
0.44
0.23
0.15
0.14
0.15
0.26
0.14
0.15
0.23
0.08
0.04
0.38
0.83
0.35
0.42
0.15
1.06
5.50
2.06
2.41
3.11
3.43
2.52
1.31
4.06
6.21
4.84
3.98
3.70
5.41
2.27
1.58
4.86
11.21
11.48
5.50
2.48
0.50
0.69
0.23
0.11
0.22
0.08
0.14
0.04
0.19
0.04
0.11
0.15
0.07
0.19
0.11
0.15
0.11
0.07
0.04
0.04
0.04
0.12
0.08
0.04
0.12
0.08
0.08
0.12
0.08
0.07
0.07
0.04
0.04
0.04
0.08
0.12
0.08
0.04
0.08
0.16
0.04
0.08
0.15
0.08
0.11
0.08
0.11
0.03
0.19
0.15
0.08
0.04
0.08
0.07
0.03
0.04
0.03
0.07
0.07
0.07
0.04
0.11
0.07
0.16
0.08
0.15
0.04
0.11
0.03
0.11
0.22
0.22
0.04
0.08
0.04
0.07
0.03
0.07
0.04
0.11
0.07
0.11
0.12
0.15
0.08
0.07
0.07
0.04
0.12
0.16
0.04
0.15
0.12
0.11
0.04
0.07
0.07
0.07
0.11
0.07
0.07
0.04
0.12
0.08
0.12
0.12
0.07
0.04
0.04
0.07
0.15
0.11
0.04
0.04
0.08
0.11
0.07
0.04
0.03
0.07
0.04
0.11
0.03
0.04
0.08
0.15
0.08
0.07
0.08
0.07
0.11
0.04
0.08
0.04
0.16
0.12
0.08
0.08
0.08
0.04
0.08
0.11
0.07
0.14
0.11
0.11
0.12
0.07
0.07
0.08
0.18
0.05
0.08
0.04
0.04
0.04
0.12
0.11
0.07
0.08
0.12
0.04
0.03
0.07
0.08
0.08
0.04
0.12
0.08
0.12
0.08
0.08
0.12
0.08
0.04
0.12
0.16
0.12
0.16
0.08
0.16
0.12
0.08
0.12
0.11
0.11
0.04
0.04
0.08
0.15
0.15
0.08
0.04
0.11
0.07
0.07
0.04
0.08
0.04
0.10
0.11
