GUESS    :MOVING_SM
STARTTIME:1288941730336
ENDTIME  :1288941744604
LOCALSPD :3.245261
LONGSPD  :-1.0
LOCATION :Location[mProvider=network,mTime=1288941719356,mLatitude=55.74703530000001,mLongitude=12.3802615,mHasAltitude=false,mAltitude=0.0,mHasSpeed=false,mSpeed=0.0,mHasBearing=false,mBearing=0.0,mHasAccuracy=true,mAccuracy=42.0,mExtras=Bundle[mParcelledData.dataSize=148]]
ADDRESS :

1.32
1.62
1.77
1.58
0.46
3.30
2.11
0.42
1.16
1.20
0.57
0.52
0.86
2.26
0.65
0.68
1.33
0.38
0.89
0.30
0.23
0.42
0.53
0.53
0.29
0.76
0.57
0.46
0.57
0.19
0.22
0.39
0.50
0.39
0.12
0.16
0.50
0.44
0.49
0.34
0.27
0.76
0.57
0.42
0.18
0.26
0.15
0.27
0.33
0.57
0.25
0.07
0.26
0.20
0.15
0.35
0.12
0.46
0.12
0.54
0.53
0.56
0.64
0.20
0.23
0.50
0.50
0.23
0.34
0.35
0.27
0.19
0.29
0.04
0.19
0.38
0.46
0.27
0.20
0.14
0.48
0.35
0.30
0.63
0.30
0.65
0.39
0.42
0.52
0.49
0.54
0.34
0.57
0.64
0.38
0.65
0.65
0.53
0.27
0.50
0.26
0.34
0.76
0.38
0.15
0.42
0.18
0.25
0.29
0.31
0.38
0.34
0.18
0.53
0.50
0.80
0.22
0.22
0.50
0.54
0.38
0.11
0.33
0.34
0.26
0.42
0.27
0.20
0.50
0.16
0.22
0.15
0.45
0.33
0.50
0.18
0.52
1.04
0.52
0.59
0.16
0.72
0.30
0.39
0.64
0.87
0.41
0.49
0.30
0.27
0.46
0.30
0.16
0.19
0.33
0.41
0.23
0.23
0.48
0.34
0.16
0.08
0.31
0.11
0.35
0.42
0.34
0.45
0.64
0.35
0.60
0.19
0.42
0.42
0.38
0.41
0.42
0.08
0.53
0.46
0.15
0.39
0.38
0.59
0.44
0.59
0.34
0.44
0.38
0.25
0.48
0.14
0.42
0.53
0.20
0.20
0.38
0.27
0.23
0.50
0.75
0.31
0.46
0.15
0.16
0.20
0.60
0.20
0.15
0.22
0.80
0.79
0.38
1.06
0.82
0.23
1.02
0.38
0.46
0.67
0.34
0.63
0.53
0.76
0.78
0.11
0.18
0.42
0.42
0.22
0.42
0.27
0.49
0.60
0.11
0.08
0.19
0.04
0.41
0.30
0.41
0.59
1.01
0.54
0.33
0.84
3.09
3.50
2.85
1.72
3.53
2.11
2.45
1.39
0.89
2.18
