GUESS    :MOVING_SM
STARTTIME:1288941917136
ENDTIME  :1288941930135
LOCALSPD :0.0
LONGSPD  :1.1278471
LOCATION :Location[mProvider=network,mTime=1288941868484,mLatitude=55.747652050000006,mLongitude=12.383308049999998,mHasAltitude=false,mAltitude=0.0,mHasSpeed=false,mSpeed=0.0,mHasBearing=false,mBearing=0.0,mHasAccuracy=true,mAccuracy=60.0,mExtras=Bundle[mParcelledData.dataSize=148]]
ADDRESS :

0.24
0.02
0.03
0.01
0.03
0.01
0.00
0.02
0.02
0.01
0.01
0.01
0.02
0.02
0.04
0.03
0.02
0.02
0.01
0.00
0.02
0.01
0.01
0.01
0.01
0.02
0.01
0.01
0.01
0.01
0.01
0.01
0.02
0.02
0.01
0.02
0.03
0.01
0.01
0.01
0.00
0.01
0.01
0.02
0.01
0.01
0.01
0.01
0.01
0.01
0.01
0.01
0.02
0.02
0.02
0.01
0.01
0.02
0.02
0.01
0.01
0.01
0.02
0.02
0.01
0.02
0.01
0.02
0.03
0.02
0.01
0.02
0.02
0.01
0.01
0.00
0.01
0.01
0.00
0.01
0.01
0.01
0.03
0.01
0.01
0.00
0.02
0.02
0.02
0.00
0.02
0.01
0.03
0.00
0.01
0.01
0.01
0.02
0.01
0.02
0.00
0.01
0.02
0.02
0.02
0.01
0.03
0.02
0.01
0.00
0.01
0.00
0.01
0.01
0.01
0.00
0.01
0.03
0.02
0.01
0.00
0.01
0.00
0.01
0.01
0.02
0.01
0.02
