GUESS    :MOVING_ME
STARTTIME:1289766897535
ENDTIME  :1289766912481
LOCALSPD :23.046583
LONGSPD  :13.80578
LOCATION :Location[mProvider=network,mTime=1289766888356,mLatitude=55.678047,mLongitude=12.332698,mHasAltitude=false,mAltitude=0.0,mHasSpeed=false,mSpeed=0.0,mHasBearing=false,mBearing=0.0,mHasAccuracy=true,mAccuracy=857.0,mExtras=Bundle[mParcelledData.dataSize=148]]
ADDRESS :

2.48
0.72
1.36
1.76
2.97
2.67
4.56
1.85
3.76
3.38
0.16
2.14
1.25
0.93
1.80
1.88
0.76
2.49
1.61
6.46
5.05
2.36
3.96
3.61
3.06
4.44
4.63
5.18
8.59
4.03
4.48
4.82
2.15
3.26
1.54
4.03
2.29
1.74
2.72
1.28
3.64
2.11
1.44
0.87
3.26
3.02
2.79
1.95
2.32
2.34
2.03
3.11
2.76
0.64
2.34
0.69
3.85
2.08
1.57
2.56
1.76
0.99
3.01
2.96
1.28
4.11
1.76
3.68
1.72
0.97
1.08
1.06
1.93
1.99
3.65
4.33
1.31
4.21
1.69
2.52
3.32
1.27
3.17
0.89
2.53
0.59
2.45
0.79
1.46
1.14
1.18
0.56
1.29
1.44
0.59
0.91
1.25
0.99
0.69
1.05
0.79
1.08
0.91
1.18
0.39
1.20
0.95
1.65
2.79
4.73
4.09
1.85
2.41
4.06
2.60
0.91
2.71
0.83
3.61
0.50
2.83
2.67
0.63
3.00
1.04
0.54
1.24
2.74
1.51
0.65
0.80
0.61
0.37
0.80
1.57
1.57
1.25
1.20
1.23
0.99
0.76
0.80
0.63
1.50
1.01
1.47
0.44
1.12
1.23
1.36
0.48
1.16
0.78
0.16
1.04
0.76
0.61
1.18
0.76
1.04
2.49
2.57
1.32
4.75
7.94
2.38
5.64
3.88
1.57
3.99
4.18
1.46
3.75
0.99
1.92
1.73
2.52
4.82
3.04
1.97
5.69
6.62
4.21
3.08
4.78
2.22
3.09
3.43
1.48
2.91
5.01
1.63
3.34
3.28
1.01
2.30
0.30
1.35
1.38
1.61
1.72
1.89
4.54
3.34
2.64
1.55
4.20
3.45
0.30
1.57
0.89
1.96
1.58
2.26
2.22
1.73
1.87
2.48
2.10
1.14
2.26
2.23
1.72
3.66
3.84
3.60
6.48
3.84
2.02
3.55
2.34
1.35
2.64
0.68
3.13
1.57
2.56
3.51
1.53
3.91
2.64
4.37
3.87
4.18
5.91
6.52
4.21
4.78
4.63
3.43
2.59
3.31
2.26
3.32
2.14
3.72
