GUESS    :MOVING_SM
STARTTIME:1289767525947
ENDTIME  :1289767539858
LOCALSPD :0.0
LONGSPD  :0.0
LOCATION :Location[mProvider=network,mTime=1289767537262,mLatitude=55.672447,mLongitude=12.340349,mHasAltitude=false,mAltitude=0.0,mHasSpeed=false,mSpeed=0.0,mHasBearing=false,mBearing=0.0,mHasAccuracy=true,mAccuracy=787.0,mExtras=Bundle[mParcelledData.dataSize=148]]
ADDRESS :

0.25
0.59
0.68
1.78
3.58
3.28
1.96
0.84
1.08
0.84
1.06
0.83
0.71
0.37
0.31
0.12
0.59
0.39
0.79
0.41
0.26
0.18
0.23
0.46
0.61
0.46
0.63
1.08
0.97
0.54
0.74
0.76
1.12
2.04
1.31
0.78
0.65
0.80
0.38
0.10
0.46
1.02
1.08
0.34
0.61
0.99
1.06
0.68
0.63
0.53
0.65
0.44
0.54
0.33
0.60
0.60
0.49
0.46
0.35
0.42
0.57
0.65
0.65
0.22
0.30
0.45
0.07
0.61
0.65
0.61
0.35
0.44
0.69
0.14
0.48
0.38
0.25
0.31
0.26
0.34
0.45
0.50
0.54
0.54
0.60
0.93
0.46
0.38
0.37
0.34
0.18
0.46
0.63
0.16
0.30
0.38
0.34
0.37
0.84
0.80
0.19
0.19
0.74
0.54
0.49
0.65
0.34
0.31
0.89
0.30
0.46
0.46
0.41
0.31
0.33
0.38
0.50
0.57
0.38
0.76
0.57
0.42
0.39
0.61
0.38
0.49
0.25
0.79
0.71
0.48
0.42
0.15
0.61
0.93
0.37
0.69
0.57
0.80
1.18
0.42
0.27
0.57
0.61
0.59
0.34
0.60
0.20
0.44
0.33
0.23
0.34
0.54
0.87
0.48
0.89
0.69
0.83
0.38
0.41
0.14
0.46
0.27
0.39
0.48
0.27
0.19
0.50
0.50
0.26
0.34
0.31
0.35
0.27
0.20
0.30
0.76
0.41
1.10
0.50
0.16
0.50
0.15
0.35
0.11
0.27
0.27
0.27
0.11
0.38
0.19
0.08
0.19
0.38
0.12
0.20
0.08
0.19
0.26
0.15
0.57
0.61
0.39
0.97
0.19
0.23
0.35
0.31
0.19
0.57
0.46
0.23
0.48
0.49
0.37
0.38
0.19
0.42
0.23
0.87
0.45
0.53
0.38
0.35
0.08
0.37
0.35
0.61
0.35
0.46
0.44
0.53
0.46
0.46
0.38
0.48
0.52
0.61
0.99
0.65
0.67
0.26
0.39
0.33
0.37
0.41
0.60
0.64
0.46
0.46
0.57
0.42
0.27
0.71
0.34
0.41
0.46
