GUESS    :MOVING_SM
STARTTIME:1289767567818
ENDTIME  :1289767581994
LOCALSPD :3.9316912
LONGSPD  :1.0800416
LOCATION :Location[mProvider=network,mTime=1289767571943,mLatitude=55.678047,mLongitude=12.332698,mHasAltitude=false,mAltitude=0.0,mHasSpeed=false,mSpeed=0.0,mHasBearing=false,mBearing=0.0,mHasAccuracy=true,mAccuracy=857.0,mExtras=Bundle[mParcelledData.dataSize=148]]
ADDRESS :

0.15
0.26
0.18
0.04
0.07
0.23
0.38
0.33
0.42
0.42
0.45
0.14
0.12
0.19
0.19
0.08
0.53
0.42
0.07
0.31
0.07
0.49
0.49
0.52
0.52
0.29
0.39
0.20
0.11
0.19
0.23
0.18
0.29
0.50
0.27
0.31
0.15
0.27
0.34
1.18
0.53
0.48
0.50
0.68
1.23
0.57
1.28
0.80
0.61
0.49
0.42
0.38
0.26
0.26
0.57
0.27
0.50
0.08
0.45
0.34
0.46
0.44
0.14
0.48
0.19
0.12
0.12
0.46
0.18
0.16
0.23
0.42
0.29
0.16
0.15
0.25
0.08
0.14
0.27
0.12
0.20
0.16
0.12
0.29
0.20
0.23
0.45
0.34
0.27
0.12
0.42
0.41
0.48
0.80
0.33
0.33
0.12
0.37
0.45
0.23
0.34
0.15
0.08
0.15
0.38
0.26
0.50
0.19
0.45
0.22
0.42
0.38
0.18
0.34
0.22
0.23
0.19
0.31
0.39
0.23
0.23
0.19
0.25
0.44
0.26
0.20
0.27
0.23
0.30
0.35
0.19
0.42
0.20
0.23
0.34
0.11
0.48
0.41
0.15
0.39
0.23
0.33
0.26
0.16
0.19
0.46
0.33
0.22
0.45
0.65
0.60
0.64
0.29
0.34
0.15
0.76
0.99
1.21
0.53
0.69
0.41
0.23
0.12
0.11
0.42
0.23
0.19
0.60
0.27
0.20
0.35
0.30
0.19
0.26
0.15
0.42
0.50
0.38
0.27
0.27
0.72
0.57
0.25
0.76
0.34
0.26
0.30
0.31
0.25
0.19
0.54
0.38
0.27
0.20
0.08
0.34
0.42
0.20
0.18
0.27
0.50
0.31
0.46
0.53
0.42
0.78
0.42
0.23
0.11
0.08
0.19
0.48
0.39
0.87
0.57
0.63
0.54
0.60
0.45
0.23
0.42
0.54
0.27
0.42
0.46
0.59
0.42
0.35
0.44
0.20
0.23
0.38
0.38
0.19
0.26
0.39
0.15
0.44
0.11
0.27
0.49
0.83
0.57
0.31
0.35
0.27
0.27
0.93
0.59
0.26
0.74
0.69
0.82
0.46
0.42
0.31
