GUESS    :MOVING_SM
STARTTIME:1289767824911
ENDTIME  :1289767838624
LOCALSPD :5.2843704
LONGSPD  :8.644269
LOCATION :Location[mProvider=network,mTime=1289767806405,mLatitude=55.701043,mLongitude=12.367806,mHasAltitude=false,mAltitude=0.0,mHasSpeed=false,mSpeed=0.0,mHasBearing=false,mBearing=0.0,mHasAccuracy=true,mAccuracy=1246.0,mExtras=Bundle[mParcelledData.dataSize=148]]
ADDRESS :

1.43
0.72
1.42
1.01
1.57
1.43
1.20
0.95
0.91
0.69
0.42
0.90
1.12
0.74
0.15
0.80
1.10
1.66
1.14
1.33
1.95
1.14
1.48
1.17
0.68
0.42
0.74
1.33
0.60
0.68
0.80
0.31
0.93
0.91
0.68
0.61
0.68
1.25
0.53
0.80
0.72
0.61
0.83
1.42
1.23
0.41
0.23
0.45
0.49
0.72
0.99
0.69
0.38
0.50
1.39
1.54
1.13
0.76
0.54
1.08
0.68
0.31
0.95
0.61
0.95
0.42
0.69
1.50
0.76
0.49
0.54
0.87
0.57
1.42
1.95
2.30
1.87
0.64
0.80
0.42
0.65
0.63
0.98
0.72
0.64
0.61
1.06
0.31
0.49
0.46
0.87
0.30
0.82
0.83
0.46
1.53
0.68
0.20
1.84
1.53
1.50
1.39
0.78
0.99
0.67
0.74
0.27
1.12
0.71
0.76
1.25
0.79
0.72
0.80
0.26
0.30
0.74
0.78
0.34
0.79
0.38
0.80
0.68
0.64
0.91
0.93
0.16
0.42
0.31
0.23
0.54
0.20
0.10
0.34
0.23
0.53
0.07
0.29
0.11
0.53
0.35
0.74
0.44
0.93
0.90
0.37
0.29
0.39
0.26
0.30
0.34
0.46
0.07
0.37
0.42
0.20
0.19
0.20
0.63
0.80
0.35
0.97
0.71
0.49
0.65
0.45
0.65
0.49
0.19
0.19
0.42
0.71
0.41
0.67
0.80
0.11
0.54
0.49
0.49
0.46
0.27
0.30
0.84
0.63
0.50
0.57
0.76
0.87
0.68
0.42
0.26
0.30
0.23
0.48
0.53
0.38
0.56
0.60
0.72
0.64
0.52
0.68
0.95
1.08
1.09
0.65
0.19
0.61
0.65
0.84
0.74
0.57
0.80
0.93
0.71
0.33
0.41
0.83
0.34
0.11
0.74
0.53
0.23
0.46
0.44
0.53
0.38
0.34
0.04
0.34
0.23
0.74
1.02
0.41
0.39
0.46
0.31
0.80
0.79
1.48
1.91
0.53
0.38
0.23
0.80
0.35
0.27
0.41
0.42
0.22
0.27
0.18
0.79
0.15
0.34
0.20
