GUESS    :MOVING_SM
STARTTIME:1289767962791
ENDTIME  :1289767976754
LOCALSPD :5.3577166
LONGSPD  :15.229821
LOCATION :Location[mProvider=network,mTime=1289767947445,mLatitude=55.73072475,mLongitude=12.373623649999999,mHasAltitude=false,mAltitude=0.0,mHasSpeed=false,mSpeed=0.0,mHasBearing=false,mBearing=0.0,mHasAccuracy=true,mAccuracy=166.0,mExtras=Bundle[mParcelledData.dataSize=148]]
ADDRESS :

0.48
0.06
0.02
0.01
0.03
0.02
0.02
0.04
0.03
0.02
0.03
0.02
0.02
0.02
0.00
0.03
0.03
0.02
0.03
0.03
0.04
0.03
0.02
0.03
0.01
0.06
0.02
0.01
0.02
0.02
0.04
0.01
0.01
0.04
0.01
0.02
0.01
0.03
0.03
0.02
0.03
0.03
0.02
0.02
0.03
0.04
0.03
0.03
0.02
0.01
0.03
0.03
0.05
0.02
0.03
0.01
0.03
0.03
0.02
0.03
0.00
0.02
0.01
0.03
0.03
0.04
0.01
0.01
0.01
0.02
0.04
0.03
0.01
0.03
0.03
0.03
0.02
0.00
0.02
0.01
0.01
0.01
0.03
0.01
0.01
0.03
0.02
0.02
0.06
0.02
0.02
0.02
0.03
0.00
0.02
0.04
0.01
0.01
0.02
0.00
0.02
0.02
0.02
0.02
0.01
0.01
0.03
0.02
0.02
0.01
0.02
0.02
0.02
0.02
0.04
0.01
0.02
0.01
0.00
0.01
0.02
0.02
0.04
0.01
0.02
0.01
0.04
0.03
