GUESS    :MOVING_SM
STARTTIME:1289768033158
ENDTIME  :1289768047368
LOCALSPD :4.6640024
LONGSPD  :14.26818
LOCATION :Location[mProvider=network,mTime=1289768024662,mLatitude=55.745725,mLongitude=12.397422,mHasAltitude=false,mAltitude=0.0,mHasSpeed=false,mSpeed=0.0,mHasBearing=false,mBearing=0.0,mHasAccuracy=true,mAccuracy=1581.0,mExtras=Bundle[mParcelledData.dataSize=148]]
ADDRESS :

0.52
0.03
0.07
0.04
0.02
0.03
0.04
0.02
0.03
0.06
0.03
0.05
0.04
0.05
0.02
0.08
0.03
0.05
0.04
0.09
0.06
0.03
0.01
0.01
0.03
0.02
0.04
0.06
0.03
0.06
0.03
0.03
0.03
0.04
0.01
0.00
0.05
0.04
0.03
0.03
0.05
0.03
0.01
0.01
0.02
0.04
0.05
0.03
0.04
0.01
0.01
0.03
0.03
0.06
0.01
0.02
0.03
0.04
0.02
0.05
0.05
0.03
0.03
0.06
0.04
0.01
0.04
0.03
0.04
0.01
0.03
0.02
0.03
0.03
0.01
0.04
0.03
0.04
0.03
0.06
0.03
0.01
0.04
0.02
0.02
0.00
0.02
0.02
0.03
0.02
0.03
0.01
0.02
0.01
0.04
0.04
0.02
0.03
0.03
0.05
0.02
0.01
0.03
0.03
0.02
0.01
0.01
0.02
0.06
0.03
0.02
0.03
0.03
0.02
0.01
0.02
0.04
0.01
0.02
0.01
0.02
0.02
0.03
0.01
0.04
0.01
0.02
0.01
