GUESS    :MOVING_SM
STARTTIME:1289768221551
ENDTIME  :1289768236410
LOCALSPD :2.9090242
LONGSPD  :6.3495984
LOCATION :Location[mProvider=network,mTime=1289768210704,mLatitude=55.7492784,mLongitude=12.37620905,mHasAltitude=false,mAltitude=0.0,mHasSpeed=false,mSpeed=0.0,mHasBearing=false,mBearing=0.0,mHasAccuracy=true,mAccuracy=52.0,mExtras=Bundle[mParcelledData.dataSize=148]]
ADDRESS :

0.38
0.37
0.18
0.29
0.19
0.15
0.30
0.29
0.27
0.44
0.80
0.49
0.04
0.31
0.68
0.82
0.94
0.80
0.34
0.12
0.18
0.22
0.63
0.20
0.75
0.22
0.29
0.46
0.69
0.18
0.15
0.11
0.54
0.35
1.20
1.46
1.08
0.27
0.15
0.29
0.23
0.80
0.65
0.26
1.06
0.53
0.87
1.02
0.19
0.54
0.37
0.38
0.15
0.42
0.42
0.27
0.19
0.30
0.50
0.59
0.31
0.42
0.33
0.37
0.11
0.31
0.16
1.04
0.84
0.78
0.53
0.95
0.69
0.76
0.61
0.57
0.11
0.04
0.27
0.56
0.52
0.15
0.71
0.90
0.37
0.54
0.53
0.30
0.53
0.53
0.15
0.35
0.38
0.25
0.65
0.31
0.12
0.34
0.35
0.35
0.12
0.46
0.27
0.11
0.11
0.34
0.45
0.44
0.12
0.31
0.19
0.11
0.45
0.42
0.65
0.27
0.45
0.57
0.49
0.15
0.16
0.71
0.48
0.33
0.38
0.87
2.45
1.65
1.04
0.33
0.08
0.31
0.31
0.63
0.53
0.49
0.80
0.74
0.64
0.54
0.46
0.80
0.38
0.57
0.48
0.56
0.18
0.46
1.39
0.22
1.27
0.29
0.79
0.91
0.57
0.38
0.31
0.29
0.37
0.50
0.48
0.26
0.31
0.19
0.15
0.15
0.33
0.49
0.25
0.27
0.23
0.20
0.20
0.33
0.12
0.27
0.12
0.26
0.23
0.25
0.34
0.46
0.42
0.23
0.35
0.08
0.26
0.30
0.38
0.23
0.38
0.35
0.29
0.03
0.04
0.11
0.31
0.41
0.26
0.38
0.27
0.46
0.20
0.26
0.33
0.15
0.12
0.34
0.42
0.23
0.27
0.38
0.26
0.22
0.48
0.26
0.04
0.20
0.31
0.26
0.38
0.27
0.26
0.23
0.38
0.19
0.19
0.15
0.15
0.11
0.18
0.12
0.65
0.08
0.26
0.22
0.14
0.23
0.16
0.16
0.19
0.27
0.31
0.15
0.11
0.41
0.31
0.38
0.76
0.35
0.68
1.69
0.57
0.78
0.50
0.63
