GUESS    :MOVING_ME
STARTTIME:1289766793745
ENDTIME  :1289766808484
LOCALSPD :6.184514
LONGSPD  :3.9606392
LOCATION :Location[mProvider=network,mTime=1289766772273,mLatitude=55.7098587,mLongitude=12.3668961,mHasAltitude=false,mAltitude=0.0,mHasSpeed=false,mSpeed=0.0,mHasBearing=false,mBearing=0.0,mHasAccuracy=true,mAccuracy=37.0,mExtras=Bundle[mParcelledData.dataSize=148]]
ADDRESS :

2.67
1.26
0.21
0.41
0.58
0.38
0.35
0.30
0.28
0.27
0.50
0.04
0.24
0.30
0.26
0.09
0.18
0.60
0.43
0.47
0.24
0.23
0.12
0.35
0.33
0.13
0.29
0.02
0.03
0.04
0.11
0.23
0.01
0.22
0.31
0.11
0.09
0.31
0.09
0.04
0.17
0.01
0.07
0.01
0.24
0.16
0.07
0.18
0.03
0.32
0.29
0.25
0.22
0.52
0.45
0.24
0.19
0.23
0.07
0.16
0.14
0.13
0.17
0.11
0.18
0.26
0.11
0.04
0.03
0.18
0.15
0.09
0.16
0.06
0.16
0.09
0.17
0.09
0.20
0.04
0.09
0.07
0.02
0.21
0.13
0.13
0.14
0.22
0.13
0.11
0.03
0.18
0.10
0.14
0.16
0.11
0.14
0.18
0.07
0.08
0.17
0.07
0.03
0.18
0.04
0.14
0.20
0.03
0.16
0.07
0.16
0.12
0.06
0.09
0.21
0.09
0.09
0.11
0.15
0.16
0.07
0.10
0.03
0.04
0.06
0.10
0.16
0.13
