GUESS    :MOVING_SM
STARTTIME:1287952419161
ENDTIME  :1287952434805
LOCALSPD :0.0
LONGSPD  :-1.0
LOCATION :org.peterstrand.service.LocationWrapper@44a98428
ADDRESS :

0.08
0.08
0.08
0.20
0.12
0.08
0.20
0.12
0.04
0.12
0.04
0.08
0.04
0.08
0.08
0.08
0.20
0.04
0.08
0.04
0.12
0.04
0.04
0.16
0.08
0.12
0.12
0.12
0.12
0.04
0.04
0.16
0.16
0.11
0.19
0.15
0.07
0.04
0.11
0.11
0.12
0.04
0.08
0.11
0.07
0.04
0.11
0.23
0.12
0.08
0.16
0.20
0.12
0.04
0.04
0.04
0.04
0.12
0.16
0.08
0.08
0.12
0.12
0.20
0.16
0.12
0.12
0.04
0.08
0.08
0.12
0.04
0.04
0.16
0.16
0.16
0.16
0.16
0.04
0.12
0.08
0.08
0.08
0.08
0.08
0.16
0.16
0.16
0.12
0.12
0.04
0.12
0.12
0.04
0.16
0.19
0.15
0.23
0.74
0.50
0.42
1.04
1.12
0.69
0.39
0.38
0.84
1.05
0.80
0.15
0.65
1.01
1.05
0.74
0.19
0.50
0.89
0.93
0.74
0.27
0.26
0.61
0.57
0.38
0.30
0.23
0.31
0.16
0.34
0.46
0.29
0.07
0.19
0.15
0.11
0.12
0.26
0.26
0.12
0.19
0.31
0.29
0.19
0.15
0.08
0.19
0.23
0.12
0.04
0.12
0.25
0.16
0.12
0.15
0.19
0.16
0.12
0.12
0.11
0.15
0.25
0.20
0.12
0.08
0.04
0.08
0.08
0.11
0.07
0.08
0.07
0.15
0.08
0.03
0.11
0.19
0.23
0.12
0.12
0.04
0.04
0.12
0.11
0.15
0.04
0.08
0.12
0.04
0.12
0.12
0.12
0.19
0.11
0.04
0.04
0.12
0.08
0.07
0.11
0.20
0.12
0.16
0.08
0.04
0.08
0.12
0.08
0.07
0.11
0.16
0.04
0.04
0.12
0.12
0.04
0.04
0.12
0.04
0.12
0.12
0.04
0.07
0.15
0.15
0.12
0.15
0.15
0.19
0.08
0.04
0.08
0.08
0.08
0.04
0.04
0.16
0.12
0.08
0.04
0.08
0.16
0.12
0.12
0.08
0.08
0.08
0.08
0.03
0.03
0.04
0.11
0.07
0.08
0.12
0.08
0.08
