GUESS    :WALKING
STARTTIME:1287824733510
ENDTIME  :1287824746535
LOCATION :Location[mProvider=network,mTime=1287824731664,mLatitude=55.749565700000005,mLongitude=12.376724133333333,mHasAltitude=false,mAltitude=0.0,mHasSpeed=false,mSpeed=0.0,mHasBearing=false,mBearing=0.0,mHasAccuracy=true,mAccuracy=50.0,mExtras=Bundle[mParcelledData.dataSize=148]]
ADDRESS :

1.64
2.00
1.58
0.89
0.28
0.39
0.35
0.33
0.22
0.20
0.50
0.42
0.41
0.51
0.58
0.67
0.67
0.48
0.43
0.23
0.53
0.48
0.43
0.31
0.26
0.19
0.29
0.32
0.21
0.24
0.08
0.23
0.20
0.13
0.21
0.25
0.32
0.42
0.36
0.38
0.17
0.12
0.17
0.20
0.17
0.22
0.18
0.10
0.08
0.06
0.13
0.10
0.17
0.16
0.12
0.14
0.11
0.04
0.08
0.15
0.21
0.20
0.18
0.14
0.08
0.08
0.14
0.14
0.16
0.11
0.13
0.12
0.10
0.07
0.03
0.02
0.11
0.16
0.14
0.11
0.11
0.13
0.18
0.17
0.13
0.11
0.13
0.13
0.14
0.20
0.19
0.15
0.15
0.16
0.18
0.19
0.18
0.12
0.12
0.13
0.20
0.24
0.23
0.19
0.15
0.09
0.13
0.06
0.07
0.08
0.02
0.06
0.05
0.04
0.07
0.08
0.15
0.14
0.11
0.16
0.16
0.23
0.27
0.29
0.31
0.24
0.18
0.09
