GUESS    :WALKING
STARTTIME:1287824759491
ENDTIME  :1287824772462
LOCATION :Location[mProvider=network,mTime=1287824731664,mLatitude=55.749565700000005,mLongitude=12.376724133333333,mHasAltitude=false,mAltitude=0.0,mHasSpeed=false,mSpeed=0.0,mHasBearing=false,mBearing=0.0,mHasAccuracy=true,mAccuracy=50.0,mExtras=Bundle[mParcelledData.dataSize=148]]
ADDRESS :

5.68
0.58
0.32
0.34
0.59
0.37
0.62
0.45
0.27
0.58
0.35
0.15
1.77
0.68
0.16
0.34
0.71
0.35
0.35
0.42
0.36
0.77
0.23
0.22
1.19
0.75
0.29
0.12
0.52
0.08
0.21
0.30
0.60
0.61
0.24
0.30
0.07
0.21
0.12
0.04
0.22
0.29
0.09
0.13
0.02
0.26
0.32
0.14
0.19
0.27
0.25
0.15
0.38
0.33
0.22
0.11
0.10
0.29
0.12
0.06
0.11
0.33
0.28
0.31
0.08
0.58
0.37
0.42
0.57
0.07
0.12
0.39
0.12
0.59
0.34
0.39
0.25
0.20
0.09
0.09
0.21
0.11
0.09
0.30
0.20
0.63
0.24
0.26
0.28
0.22
0.56
0.05
0.25
0.31
0.30
0.05
0.31
0.42
0.25
0.49
0.10
0.18
0.29
0.19
0.29
0.14
0.19
0.09
0.16
0.15
0.88
0.05
0.17
0.38
0.07
0.33
0.25
0.17
0.39
0.18
0.25
0.16
0.91
0.15
0.18
0.23
0.10
0.17
