GUESS    :MOVING_HI
STARTTIME:1287823443450
ENDTIME  :1287823456383
LOCATION :Location[mProvider=network,mTime=1287823409396,mLatitude=55.749565700000005,mLongitude=12.376724133333333,mHasAltitude=false,mAltitude=0.0,mHasSpeed=false,mSpeed=0.0,mHasBearing=false,mBearing=0.0,mHasAccuracy=true,mAccuracy=50.0,mExtras=Bundle[mParcelledData.dataSize=148]]
ADDRESS :

5.64
0.78
1.78
1.21
1.25
2.04
1.01
1.59
0.73
1.86
1.11
1.31
1.07
1.44
1.09
0.72
1.14
0.69
1.38
0.16
0.71
0.40
1.08
1.14
0.63
1.19
0.53
1.15
0.11
1.24
0.58
0.86
0.77
0.63
0.80
0.25
0.77
0.68
0.61
0.66
0.36
0.89
0.46
0.49
0.39
0.58
0.24
0.70
0.25
0.08
0.45
0.22
0.30
0.18
0.29
0.39
0.45
0.32
0.56
0.22
0.31
0.39
0.14
0.17
0.28
0.56
0.32
0.27
0.22
0.37
0.11
0.16
0.45
0.27
0.52
0.72
0.29
0.42
0.24
0.35
0.63
0.12
0.46
0.06
0.33
0.16
0.48
0.23
0.39
0.61
0.07
0.19
0.07
0.32
0.43
0.55
0.38
0.35
0.32
0.20
0.05
0.27
0.30
0.11
0.50
0.36
0.53
0.15
0.16
0.47
0.28
0.34
0.22
0.42
0.48
0.28
0.38
0.20
0.19
0.06
0.49
0.25
0.30
0.36
0.33
0.37
0.28
0.54
