GUESS    :MOVING_ME
STARTTIME:1287823718210
ENDTIME  :1287823731151
LOCATION :Location[mProvider=network,mTime=1287823709866,mLatitude=55.749565700000005,mLongitude=12.376724133333333,mHasAltitude=false,mAltitude=0.0,mHasSpeed=false,mSpeed=0.0,mHasBearing=false,mBearing=0.0,mHasAccuracy=true,mAccuracy=50.0,mExtras=Bundle[mParcelledData.dataSize=148]]
ADDRESS :

0.11
0.08
0.04
0.11
0.05
0.05
0.05
0.03
0.08
0.10
0.15
0.08
0.12
0.08
0.11
0.07
0.08
0.08
0.10
0.11
0.08
0.16
0.07
0.15
0.15
0.04
0.07
0.12
0.16
0.22
0.15
0.23
0.12
0.19
0.16
0.16
0.18
0.20
0.04
0.38
0.12
0.23
0.16
0.08
0.50
0.49
0.27
0.12
0.08
0.12
0.57
0.46
0.22
1.04
0.15
1.01
0.57
0.48
0.78
0.35
0.42
0.53
1.10
0.27
0.38
0.16
0.16
0.22
0.22
0.63
0.38
0.33
0.23
0.22
0.30
0.26
0.12
0.12
0.29
0.27
0.16
0.18
0.63
0.23
0.49
0.15
0.26
0.44
0.25
0.45
0.18
0.16
0.31
0.12
0.37
0.29
0.26
0.35
0.14
0.07
0.31
0.08
0.29
0.22
0.08
0.49
0.34
0.23
0.08
0.29
0.23
0.19
0.08
0.15
0.22
0.15
0.03
0.11
0.20
0.18
0.44
0.27
0.12
2.22
4.59
2.60
5.09
3.15
6.42
3.88
4.52
0.74
0.30
0.35
0.20
0.46
0.68
0.67
0.89
0.76
2.32
2.45
2.00
0.44
1.14
0.49
0.87
1.38
1.27
0.11
0.69
1.08
0.60
1.62
0.80
4.03
3.76
3.11
0.80
0.80
1.54
2.22
1.38
1.14
0.76
0.50
1.14
1.17
3.76
4.17
2.15
3.79
2.04
0.93
1.31
1.38
0.26
0.11
0.93
0.72
3.54
3.69
7.93
8.89
5.30
2.96
1.14
3.30
3.76
2.62
0.50
1.14
1.50
2.18
2.04
4.90
3.46
5.01
3.46
4.58
9.59
9.52
2.18
1.57
3.58
4.51
3.30
10.43
3.72
7.89
6.92
5.28
4.56
3.87
1.88
1.18
2.71
4.09
2.94
2.32
5.65
4.52
7.18
5.11
5.97
1.06
3.34
0.97
5.01
3.58
2.22
6.77
4.44
4.10
7.72
4.94
3.92
4.22
0.93
3.20
2.68
3.61
3.91
3.83
7.64
7.27
8.34
3.26
2.87
3.30
1.63
4.14
5.20
7.44
16.66
4.82
