GUESS    :WALKING
STARTTIME:1287824362150
ENDTIME  :1287824375197
LOCATION :Location[mProvider=network,mTime=1287824371105,mLatitude=55.749565700000005,mLongitude=12.376724133333333,mHasAltitude=false,mAltitude=0.0,mHasSpeed=false,mSpeed=0.0,mHasBearing=false,mBearing=0.0,mHasAccuracy=true,mAccuracy=50.0,mExtras=Bundle[mParcelledData.dataSize=148]]
ADDRESS :

0.08
0.25
0.11
0.03
0.12
0.12
0.04
0.16
0.08
0.04
0.20
0.11
0.04
0.16
0.08
0.11
0.20
0.08
0.12
0.07
0.15
0.04
0.20
0.20
0.15
0.20
0.23
0.12
0.23
0.33
0.08
0.38
0.27
0.12
0.15
0.11
0.25
0.08
0.16
0.08
0.23
0.08
0.19
0.12
0.16
0.07
0.07
0.20
0.08
0.08
0.20
0.04
0.07
0.14
0.08
0.08
0.08
0.08
0.16
0.12
0.15
0.12
0.19
0.26
0.16
0.16
0.34
0.08
0.20
0.31
0.54
0.29
0.04
0.03
0.18
0.04
0.31
0.31
0.08
0.08
0.27
0.31
0.23
0.80
0.60
0.80
0.46
0.38
0.76
0.54
0.59
0.61
0.34
0.54
0.68
0.37
1.16
0.97
1.36
0.89
3.73
1.04
2.41
1.76
1.50
0.99
1.31
0.42
0.86
1.69
0.42
0.72
0.82
0.83
1.31
2.38
2.40
4.86
7.82
3.80
3.04
1.28
1.95
2.45
1.55
1.77
4.78
1.88
2.03
5.87
4.15
4.73
4.67
2.91
2.68
3.06
1.05
2.22
0.89
1.88
1.69
0.95
4.40
8.04
5.57
5.13
7.85
7.48
1.21
4.62
0.49
1.08
2.76
4.09
4.33
5.05
8.20
8.19
7.95
4.67
2.06
3.66
1.47
2.08
4.21
5.50
5.08
0.75
2.33
0.38
0.49
0.52
0.42
0.46
0.19
0.15
0.12
0.15
0.23
0.08
0.22
0.38
0.19
0.23
0.31
0.15
0.14
0.16
0.12
0.14
0.03
0.12
0.04
0.20
0.35
0.46
0.16
0.25
0.42
0.29
0.08
0.46
1.01
0.57
0.61
0.45
0.76
0.42
0.68
0.98
1.47
2.44
3.54
6.27
4.06
3.17
3.45
6.05
2.62
1.73
2.78
2.63
0.99
1.74
5.53
4.41
3.06
3.79
1.01
1.76
2.02
2.11
1.29
1.96
0.80
2.57
1.62
2.15
3.00
3.11
4.26
0.65
5.35
3.11
1.99
1.18
1.36
1.29
4.18
2.49
5.24
2.98
5.86
2.15
1.59
1.83
