GUESS    :MOVING_SM
STARTTIME:1287824560170
ENDTIME  :1287824573649
LOCATION :Location[mProvider=network,mTime=1287824551393,mLatitude=55.749565700000005,mLongitude=12.376724133333333,mHasAltitude=false,mAltitude=0.0,mHasSpeed=false,mSpeed=0.0,mHasBearing=false,mBearing=0.0,mHasAccuracy=true,mAccuracy=50.0,mExtras=Bundle[mParcelledData.dataSize=148]]
ADDRESS :

0.29
0.34
0.22
0.14
0.11
0.11
0.11
0.09
0.05
0.04
0.04
0.04
0.04
0.05
0.05
0.05
0.04
0.04
0.04
0.04
0.04
0.03
0.02
0.01
0.03
0.03
0.03
0.02
0.04
0.04
0.03
0.02
0.02
0.03
0.03
0.03
0.02
0.03
0.03
0.02
0.02
0.03
0.02
0.02
0.02
0.02
0.02
0.03
0.03
0.05
0.04
0.02
0.03
0.02
0.01
0.00
0.01
0.02
0.01
0.01
0.03
0.03
0.02
0.01
0.00
0.01
0.02
0.01
0.01
0.02
0.00
0.01
0.01
0.02
0.02
0.03
0.02
0.02
0.01
0.01
0.01
0.00
0.01
0.02
0.03
0.03
0.03
0.04
0.04
0.03
0.04
0.04
0.03
0.03
0.02
0.02
0.02
0.02
0.03
0.02
0.00
0.00
0.02
0.02
0.00
0.01
0.01
0.01
0.01
0.02
0.02
0.02
0.03
0.01
0.01
0.01
0.02
0.01
0.02
0.02
0.03
0.03
0.03
0.04
0.04
0.06
0.06
0.06
