GUESS    :IDLE
STARTTIME:1288651372404
ENDTIME  :1288651387124
LOCALSPD :0.0
LONGSPD  :-1.0
LOCATION :Location[mProvider=network,mTime=1288651335696,mLatitude=55.74958026666667,mLongitude=12.376720666666666,mHasAltitude=false,mAltitude=0.0,mHasSpeed=false,mSpeed=0.0,mHasBearing=false,mBearing=0.0,mHasAccuracy=true,mAccuracy=50.0,mExtras=Bundle[mParcelledData.dataSize=148]]
ADDRESS :

0.04
0.08
0.12
0.20
0.08
0.08
0.12
0.12
0.04
0.16
0.04
0.08
0.04
0.04
0.04
0.12
0.12
0.08
0.04
0.12
0.08
0.07
0.11
0.07
0.07
0.08
0.07
0.19
0.04
0.08
0.04
0.04
0.15
0.20
0.16
0.14
0.22
0.03
0.07
0.04
0.04
0.07
0.08
0.10
0.10
0.07
0.07
0.03
0.04
0.03
0.03
0.03
0.11
0.07
0.07
0.15
0.12
0.07
0.07
0.07
0.11
0.11
0.03
0.08
0.11
0.04
0.03
0.04
0.04
0.04
0.08
0.04
0.04
0.08
0.11
0.12
0.15
0.16
0.19
0.07
0.12
0.08
0.04
0.04
0.08
0.12
0.04
0.11
0.08
0.04
0.15
0.04
0.12
0.08
0.04
0.08
0.08
0.08
0.04
0.08
0.08
0.04
0.04
0.04
0.04
0.04
0.08
0.08
0.15
0.11
0.04
0.04
0.04
0.04
0.12
0.08
0.12
0.16
0.08
0.08
0.04
0.08
0.08
0.08
0.12
0.04
0.11
0.07
0.04
0.08
0.16
0.12
0.04
0.04
0.04
0.04
0.04
0.04
0.04
0.08
0.08
0.12
0.08
0.16
0.04
0.04
0.16
0.16
0.08
0.08
0.12
0.08
0.15
0.11
0.04
0.08
0.11
0.15
0.12
0.08
0.12
0.12
0.08
0.08
0.04
0.08
0.08
0.08
0.08
0.12
0.04
0.08
0.08
0.04
0.12
0.12
0.11
0.19
0.16
0.08
0.20
0.16
0.08
0.04
0.04
0.16
0.11
0.11
0.12
0.08
0.08
0.04
0.04
0.08
0.04
0.15
0.04
0.15
0.19
0.15
0.08
0.12
0.20
0.08
0.12
0.12
0.12
0.16
0.04
0.04
0.08
0.12
0.08
0.08
0.04
0.12
0.12
0.08
0.12
0.08
0.07
0.11
0.16
0.04
0.12
0.04
0.08
0.04
0.08
0.08
0.04
0.12
0.08
0.07
0.11
0.11
0.19
0.16
0.08
0.12
0.12
0.08
0.15
0.15
0.08
0.08
0.04
0.08
0.20
0.12
0.12
0.04
0.08
0.04
0.08
0.07
