GUESS    :IDLE
STARTTIME:1288007145544
ENDTIME  :1288007160090
LOCALSPD :0.0
LONGSPD  :-1.0
LOCATION :org.peterstrand.service.LocationWrapper@44968418
ADDRESS :

0.16
0.08
0.12
0.08
0.08
0.16
0.16
0.08
0.08
0.08
0.12
0.12
0.12
0.04
0.08
0.08
0.08
0.11
0.04
0.15
0.08
0.07
0.15
0.12
0.04
0.04
0.16
0.16
0.08
0.12
0.04
0.08
0.04
0.11
0.19
0.08
0.04
0.08
0.08
0.04
0.08
0.12
0.12
0.04
0.08
0.03
0.19
0.08
0.16
0.12
0.08
0.12
0.16
0.12
0.12
0.08
0.08
0.12
0.12
0.04
0.08
0.12
0.07
0.12
0.07
0.08
0.08
0.08
0.20
0.07
0.11
0.15
0.15
0.08
0.12
0.08
0.12
0.04
0.08
0.04
0.08
0.08
0.08
0.08
0.07
0.07
0.12
0.16
0.08
0.12
0.08
0.04
0.08
0.04
0.15
0.15
0.04
0.04
0.11
0.11
0.08
0.08
0.11
0.04
0.15
0.08
0.12
0.08
0.04
0.16
0.20
0.04
0.16
0.16
0.12
0.16
0.20
0.16
0.15
0.07
0.08
0.08
0.04
0.08
0.04
0.12
0.12
0.12
0.08
0.08
0.16
0.29
0.08
0.16
0.16
0.08
0.16
0.08
0.20
0.12
0.16
0.20
0.20
0.08
0.04
0.04
0.08
0.04
0.16
0.16
0.08
0.12
0.12
0.04
0.12
0.04
0.20
0.12
0.08
0.20
0.20
0.20
0.04
0.16
0.04
0.12
0.12
0.04
0.08
0.08
0.04
0.08
0.12
0.08
0.04
0.08
0.20
0.29
0.08
0.25
0.12
0.25
0.08
0.08
0.04
0.04
0.08
0.04
0.08
0.08
0.04
0.08
0.08
0.12
0.08
0.12
0.08
0.16
0.04
0.12
0.04
0.16
0.19
0.04
0.19
0.08
0.04
0.12
0.04
0.12
0.04
0.12
0.12
0.16
0.08
0.08
0.04
0.04
0.08
0.08
0.08
0.04
0.08
0.04
0.08
0.08
0.08
0.16
0.08
0.08
0.12
0.12
0.04
0.04
0.04
0.08
0.12
0.07
0.08
0.11
0.08
0.08
0.04
0.08
0.12
0.12
0.08
0.04
0.04
0.16
0.19
0.15
0.08
0.08
0.04
0.04
