GUESS    :MOVING_SM
STARTTIME:1288007188957
ENDTIME  :1288007203522
LOCALSPD :0.0
LONGSPD  :-1.0
LOCATION :org.peterstrand.service.LocationWrapper@4492af48
ADDRESS :

0.12
0.20
0.12
0.12
0.12
0.20
0.08
0.16
0.12
0.08
0.12
0.27
0.15
0.12
0.16
0.04
0.12
0.12
0.04
0.16
0.08
0.16
0.12
0.12
0.16
0.08
0.04
0.12
0.12
0.04
0.08
0.11
0.07
0.04
0.08
0.08
0.11
0.11
0.08
1.84
8.81
5.86
10.92
14.79
14.75
4.64
5.27
5.79
2.94
1.88
2.29
1.38
2.42
3.96
1.72
1.62
2.04
1.16
1.73
0.98
0.90
0.57
0.61
1.12
1.72
1.76
0.42
0.53
0.31
0.26
0.20
0.25
0.18
0.14
0.26
0.19
0.25
0.33
0.10
0.50
0.60
0.19
0.48
0.23
0.19
0.26
0.10
0.07
0.14
0.61
0.59
1.92
2.68
1.66
1.05
1.21
1.13
0.93
1.31
1.39
0.89
0.63
0.57
0.23
0.75
0.67
0.61
0.42
0.31
0.48
0.34
0.59
1.73
1.66
0.65
1.17
0.74
0.48
0.11
0.12
0.31
0.27
0.26
0.38
0.04
0.29
0.08
0.12
0.23
0.11
0.08
0.30
0.15
0.04
0.07
0.08
0.11
0.08
0.15
0.03
0.04
0.08
0.19
0.19
0.19
0.27
0.19
0.15
0.27
0.16
0.27
0.12
0.44
0.35
0.15
0.26
0.31
0.26
0.04
0.29
0.15
0.12
0.38
0.29
0.25
0.07
0.14
0.07
0.12
0.15
0.12
0.07
0.07
0.05
0.04
0.12
0.03
0.15
0.18
0.10
0.07
0.04
0.12
0.19
0.04
0.16
0.04
0.12
0.18
0.19
0.11
0.20
0.20
0.11
0.19
0.26
0.19
0.16
0.20
0.56
0.68
0.26
0.14
0.38
0.93
2.71
3.23
0.84
1.29
1.18
1.01
0.54
0.57
0.69
0.31
0.19
0.12
0.23
0.35
0.57
0.45
0.11
0.34
0.38
0.57
0.23
0.16
0.54
0.20
0.27
0.04
0.12
0.04
0.04
0.11
0.83
1.17
0.65
0.34
0.46
0.19
0.34
0.15
0.12
0.26
0.08
0.15
0.15
0.18
0.08
0.11
0.34
0.27
0.37
0.34
0.30
