GUESS    :MOVING_SM
STARTTIME:1288450083503
ENDTIME  :1288450097903
LOCALSPD :0.0
LONGSPD  :-1.0
LOCATION :Location[mProvider=network,mTime=1288450074338,mLatitude=55.68361023333333,mLongitude=12.369162433333335,mHasAltitude=false,mAltitude=0.0,mHasSpeed=false,mSpeed=0.0,mHasBearing=false,mBearing=0.0,mHasAccuracy=true,mAccuracy=60.0,mExtras=Bundle[mParcelledData.dataSize=148]]
ADDRESS :

0.38
0.20
0.30
0.45
1.10
0.04
0.39
0.48
0.46
0.34
0.38
0.15
0.35
0.31
0.39
0.49
0.38
0.69
0.65
0.29
1.29
0.26
0.34
0.93
0.38
0.11
0.50
0.11
0.30
0.08
0.25
0.27
0.42
0.46
0.30
0.52
0.15
0.15
0.23
0.23
0.42
0.16
0.46
0.34
0.39
0.34
0.35
0.25
0.15
0.41
0.45
0.27
0.12
0.33
0.59
0.59
1.95
0.29
0.71
0.99
1.06
0.37
0.31
0.18
0.72
0.49
0.57
0.42
0.65
0.45
0.11
0.33
0.99
0.12
0.12
0.80
0.16
0.65
0.26
0.82
0.45
0.30
0.04
0.22
0.35
0.16
0.08
0.30
0.23
0.35
0.63
0.31
0.97
0.83
0.29
0.53
0.57
0.37
0.49
0.27
0.35
0.34
0.37
0.26
0.64
0.59
0.59
1.46
1.35
0.63
0.65
0.38
0.49
0.42
0.60
0.59
1.16
0.84
0.18
0.41
0.79
0.63
0.23
0.61
0.23
0.53
0.31
0.50
0.23
0.76
0.23
0.65
0.42
0.23
0.29
0.27
0.27
0.20
0.11
0.45
0.33
0.50
0.23
0.19
0.19
0.16
0.18
0.33
0.29
1.13
1.14
0.69
0.34
0.83
0.41
0.19
0.41
0.46
0.68
0.42
0.59
0.19
0.53
0.64
0.16
0.57
0.53
0.08
0.26
0.61
0.23
0.31
0.26
0.30
0.18
0.37
0.31
0.54
0.19
0.48
0.35
0.12
0.08
0.19
0.27
0.15
0.16
0.25
0.44
0.42
0.45
0.23
0.23
0.18
0.12
0.20
0.38
0.11
0.25
0.11
0.61
0.26
0.76
0.35
0.34
0.23
0.26
0.37
0.23
0.33
0.11
0.16
0.34
0.15
0.23
0.27
0.89
0.46
0.08
0.65
0.12
0.11
0.50
0.34
0.20
0.68
0.38
0.27
0.20
0.16
0.18
0.31
0.89
0.25
0.76
0.42
0.38
0.38
0.16
0.35
0.19
0.08
0.31
0.34
0.38
0.69
0.27
0.61
0.75
0.72
0.45
0.15
0.19
0.37
0.19
0.15
