GUESS    :MOVING_SM
STARTTIME:1288450199853
ENDTIME  :1288450214432
LOCALSPD :6.297365
LONGSPD  :2.0079534
LOCATION :Location[mProvider=network,mTime=1288450203716,mLatitude=55.683233,mLongitude=12.335301,mHasAltitude=false,mAltitude=0.0,mHasSpeed=false,mSpeed=0.0,mHasBearing=false,mBearing=0.0,mHasAccuracy=true,mAccuracy=1258.0,mExtras=Bundle[mParcelledData.dataSize=148]]
ADDRESS :

0.30
0.41
0.61
0.31
0.30
0.45
0.22
0.26
0.23
0.52
0.41
0.11
0.45
0.20
0.08
0.31
0.53
0.37
0.41
0.26
0.49
0.31
0.86
0.05
1.18
0.35
0.12
0.80
0.74
0.20
0.65
0.68
0.07
0.33
0.76
0.80
0.46
0.97
0.34
0.30
0.76
0.64
0.95
0.83
0.16
0.65
0.54
0.34
0.69
0.84
0.53
0.52
0.26
0.20
0.46
0.23
0.57
0.10
0.87
0.46
0.42
0.80
1.16
0.19
0.82
0.86
0.80
0.65
0.79
0.37
0.25
0.53
0.68
0.45
0.57
0.42
0.45
0.50
0.42
0.30
0.65
0.50
0.44
0.29
0.44
0.31
1.18
0.34
0.11
0.25
0.31
0.34
0.20
0.38
0.35
0.74
0.57
0.64
0.79
1.21
0.72
0.31
0.76
0.71
0.97
0.59
1.27
0.57
1.76
0.57
0.11
1.05
1.50
1.69
1.31
0.63
0.20
0.49
0.79
0.82
0.19
0.65
0.46
0.69
0.08
0.35
0.86
0.93
1.12
0.91
1.28
1.21
0.69
0.64
0.33
0.57
0.75
0.27
0.31
0.93
0.79
0.27
0.19
0.11
0.61
0.45
0.15
0.99
1.06
0.41
0.31
1.12
0.87
0.35
1.42
0.23
1.24
1.18
1.10
0.15
0.69
0.50
0.80
0.23
0.74
0.48
0.46
0.46
0.54
0.54
0.30
0.38
0.93
0.29
0.61
0.91
0.34
0.30
0.16
1.02
0.20
0.38
0.90
0.27
0.37
0.14
0.35
0.46
0.83
0.57
0.91
0.34
0.26
0.59
0.11
0.50
0.35
0.30
0.84
0.82
0.26
0.71
0.19
0.20
0.08
0.75
0.79
0.60
0.41
0.83
0.72
0.19
0.60
0.49
0.49
0.27
0.39
0.67
0.54
0.41
0.34
0.35
0.33
0.60
0.38
0.37
0.74
0.33
1.23
0.93
0.27
0.60
0.46
0.64
0.54
0.52
0.75
1.02
0.74
0.46
0.38
0.61
0.11
0.80
0.69
0.19
0.61
0.15
0.63
0.46
0.39
0.76
0.42
0.72
0.34
0.59
