GUESS    :MOVING_SM
STARTTIME:1288450330443
ENDTIME  :1288450344712
LOCALSPD :3.3603668
LONGSPD  :3.9584422
LOCATION :Location[mProvider=network,mTime=1288450333437,mLatitude=55.71466,mLongitude=12.362998,mHasAltitude=false,mAltitude=0.0,mHasSpeed=false,mSpeed=0.0,mHasBearing=false,mBearing=0.0,mHasAccuracy=true,mAccuracy=1109.0,mExtras=Bundle[mParcelledData.dataSize=148]]
ADDRESS :

0.45
0.05
0.02
0.07
0.07
0.06
0.02
0.02
0.01
0.02
0.02
0.01
0.01
0.05
0.03
0.05
0.03
0.02
0.04
0.06
0.01
0.05
0.02
0.06
0.04
0.04
0.06
0.01
0.04
0.02
0.05
0.02
0.01
0.03
0.02
0.01
0.02
0.02
0.02
0.01
0.02
0.06
0.03
0.04
0.03
0.03
0.03
0.02
0.04
0.01
0.03
0.01
0.02
0.02
0.01
0.02
0.01
0.03
0.02
0.05
0.00
0.03
0.01
0.04
0.00
0.02
0.04
0.03
0.05
0.05
0.05
0.04
0.04
0.04
0.04
0.07
0.01
0.03
0.07
0.05
0.06
0.03
0.04
0.04
0.06
0.03
0.03
0.04
0.05
0.04
0.05
0.02
0.05
0.04
0.03
0.03
0.01
0.00
0.02
0.01
0.03
0.04
0.02
0.02
0.04
0.01
0.03
0.06
0.02
0.04
0.01
0.03
0.03
0.03
0.02
0.04
0.02
0.03
0.03
0.02
0.01
0.04
0.04
0.01
0.02
0.03
0.02
0.04
