GUESS    :MOVING_SM
STARTTIME:1288450653533
ENDTIME  :1288450668012
LOCALSPD :7.312945
LONGSPD  :10.494499
LOCATION :Location[mProvider=network,mTime=1288450662375,mLatitude=55.745795,mLongitude=12.391048,mHasAltitude=false,mAltitude=0.0,mHasSpeed=false,mSpeed=0.0,mHasBearing=false,mBearing=0.0,mHasAccuracy=true,mAccuracy=828.0,mExtras=Bundle[mParcelledData.dataSize=148]]
ADDRESS :

0.41
0.16
0.04
0.54
0.19
0.14
0.20
0.72
1.06
1.08
0.23
0.23
0.68
0.39
0.42
0.11
0.37
0.18
0.34
0.95
0.46
0.64
0.07
0.49
0.60
0.68
0.56
0.49
0.20
0.27
0.46
0.42
0.23
0.08
0.41
0.11
0.61
0.76
0.61
0.64
0.35
0.61
0.59
0.12
0.34
0.34
0.54
0.69
0.16
0.30
0.23
0.31
0.15
0.35
0.07
0.31
0.38
0.42
0.19
0.27
0.07
0.15
0.12
0.23
0.54
0.20
0.07
0.31
0.08
0.39
0.48
0.35
0.12
0.12
0.11
0.23
0.26
0.48
0.34
0.29
0.11
0.27
0.11
0.31
0.25
0.19
0.56
0.23
0.39
0.54
0.50
0.82
0.26
0.38
0.67
0.16
0.25
0.19
0.46
0.31
0.74
0.65
0.23
0.50
0.50
0.46
0.42
0.41
0.19
0.50
0.79
0.50
0.42
0.61
0.76
0.33
0.22
0.14
0.64
0.94
0.25
0.34
0.04
0.46
0.26
0.23
0.50
0.41
0.35
0.15
0.18
0.15
0.12
0.20
0.34
0.42
0.23
0.11
0.19
0.20
0.20
0.39
0.35
0.48
0.25
0.12
0.12
0.46
0.68
0.72
0.42
0.95
0.07
0.15
0.27
0.26
0.15
0.46
0.08
0.50
0.26
0.95
0.38
0.49
0.72
0.14
0.76
0.50
0.15
0.22
0.34
0.16
0.23
0.31
0.26
0.12
0.41
0.07
0.20
0.23
0.12
0.08
0.19
0.11
0.15
0.15
0.27
0.39
0.11
0.20
0.30
0.34
0.20
0.31
0.11
0.15
0.38
0.42
0.42
0.08
0.34
0.19
0.27
0.19
0.49
0.12
0.42
0.19
0.22
0.30
0.19
0.15
0.23
0.12
0.11
0.04
0.16
0.11
0.25
0.16
0.30
0.30
0.26
0.18
0.18
0.54
0.23
0.34
0.33
0.30
0.22
0.46
0.12
0.31
0.19
0.38
0.31
0.19
0.46
0.56
0.48
0.49
0.15
0.41
0.56
0.63
0.69
0.61
0.27
0.44
0.07
0.15
0.23
0.56
0.08
0.84
