GUESS    :MOVING_SM
STARTTIME:1288450697083
ENDTIME  :1288450711632
LOCALSPD :0.0
LONGSPD  :7.471372
LOCATION :Location[mProvider=network,mTime=1288450686616,mLatitude=55.7477923,mLongitude=12.382820525,mHasAltitude=false,mAltitude=0.0,mHasSpeed=false,mSpeed=0.0,mHasBearing=false,mBearing=0.0,mHasAccuracy=true,mAccuracy=64.0,mExtras=Bundle[mParcelledData.dataSize=148]]
ADDRESS :

0.42
0.39
0.41
0.38
0.26
0.30
0.16
0.14
0.15
0.44
0.33
0.23
0.27
0.61
0.19
0.34
0.53
0.38
0.53
0.31
0.65
0.38
0.46
0.50
0.31
0.27
0.15
0.34
0.38
0.65
0.27
0.68
0.50
0.26
0.39
0.38
0.15
0.12
0.04
0.12
0.04
0.23
0.20
0.54
0.08
0.67
0.19
0.59
0.50
0.39
0.72
0.42
0.30
0.39
0.22
0.25
0.59
0.18
0.25
0.25
0.31
0.23
0.20
0.08
0.27
0.33
0.29
0.34
0.26
0.39
0.08
0.12
0.38
0.50
0.08
0.19
0.30
0.31
0.45
0.12
0.57
0.45
0.39
0.11
0.52
0.48
0.38
0.61
0.31
0.07
0.34
0.16
0.27
0.08
0.27
0.19
0.08
0.41
0.23
0.23
0.19
0.33
0.16
0.56
0.11
0.44
0.22
0.53
0.16
0.26
0.31
0.23
0.19
0.35
0.20
0.14
0.15
0.23
0.04
0.19
0.27
0.27
0.11
0.20
0.08
0.04
0.23
0.15
0.38
0.27
0.31
0.60
0.16
0.11
0.63
0.39
0.31
0.19
0.31
0.30
0.72
0.23
0.16
0.53
0.19
0.35
0.27
0.22
0.25
0.25
0.15
0.23
0.12
0.19
0.34
0.19
0.38
0.19
0.20
0.25
0.30
0.19
0.50
0.38
0.54
0.35
0.30
0.52
0.46
0.53
1.38
0.34
0.46
0.61
1.20
0.97
0.74
0.72
0.39
0.79
1.59
0.71
0.68
1.35
0.91
0.41
0.37
0.68
0.90
1.06
0.22
0.57
0.87
1.14
1.06
0.68
0.91
0.46
0.57
0.31
0.54
0.65
0.57
0.53
0.69
0.30
0.64
1.10
0.27
0.61
0.54
0.50
0.46
1.06
1.27
1.83
1.24
0.19
1.63
1.72
1.48
1.06
0.45
0.46
0.99
2.72
1.18
1.80
0.84
1.76
1.32
1.13
1.04
0.78
0.75
0.53
0.67
1.27
3.21
2.00
1.84
1.80
1.08
0.60
0.63
0.78
0.46
0.65
0.31
0.45
0.37
0.34
0.20
0.34
0.19
0.08
