GUESS    :MOVING_SM
STARTTIME:1288450755244
ENDTIME  :1288450769842
LOCALSPD :0.0
LONGSPD  :5.6928005
LOCATION :Location[mProvider=network,mTime=1288450747106,mLatitude=55.751745,mLongitude=12.37691,mHasAltitude=false,mAltitude=0.0,mHasSpeed=false,mSpeed=0.0,mHasBearing=false,mBearing=0.0,mHasAccuracy=true,mAccuracy=722.0,mExtras=Bundle[mParcelledData.dataSize=148]]
ADDRESS :

0.53
1.04
0.95
0.19
0.72
1.46
2.25
1.35
0.67
0.99
2.41
1.27
0.95
1.33
0.84
3.87
1.61
1.04
1.88
1.12
1.14
0.23
0.72
0.74
0.37
0.42
0.11
0.23
0.31
0.19
0.20
0.23
0.19
0.12
0.46
0.26
0.25
0.15
0.08
0.19
0.31
0.38
0.82
0.27
0.07
0.18
0.15
0.20
0.50
0.60
0.52
0.37
0.19
0.29
0.33
0.10
0.27
0.20
0.41
0.07
0.19
0.26
0.26
0.22
0.20
0.15
0.23
0.15
0.18
0.11
0.15
0.18
0.15
0.19
0.14
0.16
0.27
0.11
0.23
0.26
0.19
0.07
0.25
0.16
0.14
0.20
0.30
0.20
0.16
0.15
0.27
0.11
0.12
0.26
0.35
0.19
0.16
0.59
0.59
0.74
0.57
0.42
0.26
0.46
0.27
0.74
0.93
0.39
0.56
0.59
0.08
0.45
0.15
0.30
0.19
0.07
0.05
0.39
0.37
0.11
0.08
0.04
0.23
0.12
0.16
0.12
0.11
0.08
0.38
0.12
0.15
0.15
0.07
0.22
0.03
0.11
0.19
0.16
0.26
0.19
0.34
0.22
0.07
0.23
0.18
0.15
0.34
0.64
0.20
0.23
0.15
0.20
0.22
0.07
0.05
0.18
0.12
0.15
0.11
0.14
0.11
0.16
0.18
0.22
0.19
0.08
0.08
0.08
0.29
0.11
0.19
0.12
0.22
0.27
0.15
0.22
0.16
0.23
0.15
0.41
0.41
0.35
0.23
0.16
0.23
0.49
0.23
0.39
0.57
0.27
0.20
0.65
2.11
1.27
2.12
1.68
1.76
1.31
1.12
0.76
0.50
0.53
1.50
2.06
1.96
0.84
2.00
1.68
1.80
2.10
0.59
1.05
0.87
0.80
0.68
0.86
0.99
0.38
0.61
0.23
0.49
0.54
0.89
0.69
0.31
0.31
0.31
0.15
0.50
0.56
0.87
0.39
0.60
0.20
0.26
0.41
0.20
0.27
0.31
0.30
0.56
0.33
0.22
0.38
0.30
0.42
0.42
0.52
0.97
0.31
0.64
0.20
0.16
0.49
0.12
0.45
