GUESS    :MOVING_HI
STARTTIME:1290609964376
ENDTIME  :1290609977226
LOCALSPD :-1.0
LONGSPD  :-1.0
LOCATION :Location[mProvider=network,mTime=1290609925315,mLatitude=55.74957426666666,mLongitude=12.376717400000002,mHasAltitude=false,mAltitude=0.0,mHasSpeed=false,mSpeed=0.0,mHasBearing=false,mBearing=0.0,mHasAccuracy=true,mAccuracy=50.0,mExtras=Bundle[mParcelledData.dataSize=148]]
ADDRESS :

3.25
1.50
2.98
1.78
1.39
1.84
0.49
0.28
0.55
0.67
0.92
0.75
0.87
0.42
1.11
0.87
0.90
0.76
0.80
0.87
0.48
0.73
0.34
0.65
0.15
0.59
0.18
0.23
0.25
0.13
0.38
0.20
0.25
0.26
0.25
0.29
0.11
0.14
0.18
0.29
0.35
0.11
0.20
0.21
0.19
0.11
0.14
0.16
0.11
0.17
0.06
0.23
0.10
0.09
0.09
0.20
0.12
0.12
0.14
0.21
0.19
0.30
0.25
0.24
0.10
0.30
0.13
0.38
0.20
0.34
0.39
0.29
0.29
0.30
0.19
0.21
0.04
0.21
0.10
0.17
0.17
0.13
0.26
0.35
0.21
0.34
0.31
0.37
0.43
0.25
0.11
0.30
0.25
0.45
0.10
0.40
0.28
0.42
0.53
0.32
0.39
0.17
0.36
0.19
0.18
0.32
0.32
0.38
0.51
0.35
0.20
0.24
0.20
0.28
0.39
0.17
0.36
0.21
0.06
0.30
0.32
0.25
0.57
0.21
0.19
0.14
0.18
0.29
