GUESS    :RUNNING
STARTTIME:1290610093876
ENDTIME  :1290610107095
LOCALSPD :0.0
LONGSPD  :-1.0
LOCATION :Location[mProvider=network,mTime=1290610048180,mLatitude=55.7501454,mLongitude=12.3779629,mHasAltitude=false,mAltitude=0.0,mHasSpeed=false,mSpeed=0.0,mHasBearing=false,mBearing=0.0,mHasAccuracy=true,mAccuracy=56.0,mExtras=Bundle[mParcelledData.dataSize=148]]
ADDRESS :

1.04
1.88
5.90
4.79
3.26
1.27
2.38
0.46
0.54
1.76
0.57
0.56
1.10
1.18
0.72
1.65
1.40
1.46
0.82
1.70
0.50
1.38
2.29
3.46
1.14
1.06
0.84
1.14
1.31
0.11
0.72
1.50
1.70
2.04
0.46
1.38
2.10
4.17
3.53
2.34
4.47
2.03
0.72
2.00
1.62
1.28
2.83
3.81
5.78
2.32
5.52
1.38
4.44
4.94
1.43
2.96
3.01
4.86
2.62
5.24
6.84
5.41
4.09
6.31
2.41
0.72
3.17
6.67
5.58
1.31
9.70
7.40
11.26
7.90
1.68
1.46
3.04
3.34
5.45
2.83
5.03
3.64
1.92
8.20
9.28
3.81
1.93
5.63
7.65
0.99
4.25
6.67
5.28
7.38
7.65
4.69
2.72
4.02
4.75
5.37
1.38
5.52
2.72
2.32
5.95
5.82
1.14
3.23
5.61
6.55
3.57
8.20
2.53
7.27
10.08
6.06
1.18
2.71
4.22
6.09
3.53
3.17
4.70
2.07
6.70
7.89
5.41
0.31
5.18
6.80
2.49
5.61
11.03
1.20
7.82
8.47
5.01
1.93
1.89
2.90
6.70
3.49
6.81
1.40
3.36
8.25
8.31
3.04
5.68
6.69
10.65
6.37
7.78
12.71
10.88
9.19
6.28
4.02
2.98
5.11
7.23
6.80
5.67
3.62
5.52
8.05
10.17
2.94
1.72
3.88
8.27
4.34
3.76
8.91
3.51
7.89
8.93
6.09
3.24
6.36
8.04
2.75
7.15
3.39
7.04
10.79
11.47
4.22
2.03
6.09
8.69
4.55
6.77
9.93
4.90
11.48
8.87
2.79
3.13
5.07
7.22
1.84
5.52
5.05
5.67
7.08
13.28
6.36
4.66
6.78
9.49
7.14
12.65
6.51
13.51
10.77
4.47
1.88
5.33
7.26
2.21
7.42
4.96
6.39
10.61
5.24
2.78
10.91
8.76
5.24
14.75
8.05
9.43
7.44
1.57
3.68
3.57
8.16
2.79
6.01
3.54
4.03
10.07
5.09
3.04
6.01
7.94
7.29
9.43
4.82
10.13
11.92
3.65
2.45
4.79
9.77
