GUESS    :MOVING_SM
STARTTIME:1288978446697
ENDTIME  :1288978460689
LOCALSPD :0.0
LONGSPD  :-1.0
LOCATION :Location[mProvider=network,mTime=1288978440465,mLatitude=55.74958026666667,mLongitude=12.376720666666666,mHasAltitude=false,mAltitude=0.0,mHasSpeed=false,mSpeed=0.0,mHasBearing=false,mBearing=0.0,mHasAccuracy=true,mAccuracy=50.0,mExtras=Bundle[mParcelledData.dataSize=148]]
ADDRESS :

0.31
1.31
0.95
0.18
0.52
0.42
0.26
0.54
0.20
0.34
0.19
0.34
0.42
0.89
0.30
0.33
2.15
1.06
2.07
3.16
1.42
0.61
0.74
0.50
0.27
0.35
0.38
0.30
0.65
0.65
0.56
0.26
0.45
0.11
0.20
0.42
0.22
0.12
0.07
0.07
0.19
0.23
0.22
0.15
0.59
0.63
0.27
0.04
0.22
0.53
0.46
0.30
0.27
0.23
0.23
0.12
0.08
0.12
0.27
0.44
0.39
0.37
0.42
0.34
0.46
0.54
0.16
0.08
0.23
0.07
0.07
0.15
0.15
0.11
0.07
0.12
0.16
0.20
0.18
0.26
0.34
0.50
0.20
0.60
0.54
0.07
0.23
0.89
0.20
0.31
0.34
0.23
0.15
0.57
0.11
0.14
0.72
0.74
2.10
1.06
0.83
0.54
0.52
0.20
0.10
0.22
0.23
0.22
0.35
0.59
0.50
0.08
0.27
0.11
0.37
0.22
0.12
0.27
0.31
0.12
0.31
0.31
0.12
0.25
0.25
0.12
0.12
0.12
0.12
0.04
0.16
0.12
0.11
0.11
0.23
0.15
0.08
0.12
0.16
0.23
0.23
0.25
0.12
0.07
0.08
0.35
0.35
0.18
0.23
0.08
0.20
0.16
0.03
0.11
0.11
0.04
0.19
0.11
0.15
0.12
0.04
0.04
0.08
0.42
0.69
0.27
0.31
0.27
0.04
0.07
0.11
0.07
0.04
0.07
0.07
0.07
0.07
0.03
0.08
0.03
0.07
0.07
0.11
0.11
0.08
0.15
0.11
0.20
0.25
0.12
0.65
0.93
0.72
0.25
0.08
0.16
0.22
0.64
1.50
1.68
0.53
0.12
0.15
0.50
0.39
0.46
0.12
0.91
0.69
0.80
0.68
0.15
0.08
0.08
0.23
0.42
0.59
0.54
0.65
0.29
0.78
0.42
0.42
0.15
0.26
0.26
0.30
0.12
0.08
0.33
0.19
0.22
0.25
0.15
0.16
0.23
0.12
0.12
0.11
0.26
0.46
0.11
0.14
0.18
0.16
0.12
0.53
0.29
0.35
0.34
0.97
0.78
0.19
0.67
0.41
0.49
