GUESS    :MOVING_HI
STARTTIME:1290789028013
ENDTIME  :1290789041184
LOCALSPD :4.045652
LONGSPD  :5.747208
LOCATION :Location[mProvider=network,mTime=1290789030466,mLatitude=55.7631573,mLongitude=12.4395747,mHasAltitude=false,mAltitude=0.0,mHasSpeed=false,mSpeed=0.0,mHasBearing=false,mBearing=0.0,mHasAccuracy=true,mAccuracy=60.0,mExtras=Bundle[mParcelledData.dataSize=148]]
ADDRESS :

3.27
1.20
1.00
1.11
1.22
0.82
0.95
0.29
1.09
0.20
0.87
0.98
0.70
0.39
0.33
0.21
0.32
0.41
0.18
0.23
0.16
0.28
0.09
0.27
0.14
0.13
0.41
0.32
0.29
0.13
0.04
0.18
0.23
0.09
0.17
0.35
0.24
0.21
0.09
0.20
0.25
0.13
0.11
0.16
0.19
0.27
0.21
0.20
0.19
0.23
0.06
0.29
0.14
0.29
0.26
0.18
0.26
0.16
0.20
0.46
0.27
0.26
0.39
0.33
0.18
0.22
0.33
0.30
0.31
0.14
0.12
0.09
0.27
0.16
0.24
0.28
0.32
0.31
0.38
0.21
0.30
0.10
0.25
0.13
0.38
0.24
0.29
0.25
0.45
0.36
0.32
0.20
0.37
0.32
0.16
0.47
0.32
0.57
0.38
0.32
0.59
0.25
0.24
0.32
0.23
0.19
0.28
0.49
0.47
0.37
0.31
0.49
0.17
0.24
0.23
0.13
0.38
0.24
0.37
0.79
0.38
0.31
0.50
0.16
0.33
0.13
0.37
0.25
