GUESS    :MOVING_HI
STARTTIME:1290789221812
ENDTIME  :1290789234782
LOCALSPD :7.1062765
LONGSPD  :4.9595437
LOCATION :Location[mProvider=network,mTime=1290789222537,mLatitude=55.75802276666667,mLongitude=12.425296500000002,mHasAltitude=false,mAltitude=0.0,mHasSpeed=false,mSpeed=0.0,mHasBearing=false,mBearing=0.0,mHasAccuracy=true,mAccuracy=58.0,mExtras=Bundle[mParcelledData.dataSize=148]]
ADDRESS :

8.01
11.26
7.63
11.59
10.80
4.39
7.21
2.14
3.28
1.25
1.42
2.14
1.93
3.53
1.63
2.72
3.04
2.94
1.46
0.82
8.55
4.07
8.42
1.97
1.35
2.12
1.16
1.33
3.30
1.35
2.94
1.72
1.87
1.12
6.32
6.89
5.07
9.59
3.68
2.81
8.43
3.61
3.28
2.03
0.38
1.25
1.73
2.89
3.12
1.57
2.71
1.55
1.68
2.22
1.46
2.26
1.38
0.44
1.99
3.21
4.59
1.18
1.08
1.27
2.14
3.72
2.93
2.91
2.78
2.49
2.26
6.62
1.50
4.22
1.17
0.67
5.08
2.22
4.18
1.62
2.14
2.34
1.25
3.88
2.23
2.11
1.88
3.69
1.96
2.37
1.53
2.91
2.68
0.82
2.45
0.97
1.43
2.18
2.04
1.83
2.22
4.55
9.87
9.96
4.36
3.24
3.69
0.65
2.03
1.96
1.09
1.32
1.95
5.60
5.33
3.45
5.18
5.82
2.72
1.73
1.99
2.62
2.85
1.89
1.54
1.96
2.91
3.68
1.01
0.87
1.65
1.04
2.11
4.55
2.74
4.75
10.07
2.83
16.15
5.33
11.90
5.26
5.54
4.49
2.56
6.86
2.72
2.21
7.21
3.49
5.78
3.26
2.64
3.06
1.58
2.83
2.83
1.99
3.57
2.41
3.66
1.81
2.97
3.83
1.43
4.81
2.07
1.28
2.52
1.69
1.68
1.81
1.39
2.86
2.15
1.62
5.03
5.07
1.78
3.45
2.26
2.07
3.19
3.41
4.47
5.30
1.61
4.59
1.63
2.44
6.24
21.37
34.85
23.70
5.69
11.77
14.91
3.91
9.47
6.86
3.30
6.77
1.72
2.45
3.49
2.47
6.58
5.24
6.09
6.05
5.28
3.54
1.84
7.63
2.02
5.43
3.11
4.92
6.12
5.90
3.53
12.23
13.72
9.62
7.25
7.21
23.59
14.48
15.17
2.41
4.94
7.82
9.38
9.11
7.37
2.85
3.02
6.13
1.61
8.36
1.91
7.55
3.46
5.26
2.22
2.51
1.04
4.56
1.87
3.28
2.33
0.45
0.46
1.46
2.10
1.14
