GUESS    :MOVING_HI
STARTTIME:1290787826403
ENDTIME  :1290787840502
LOCALSPD :0.0
LONGSPD  :-1.0
LOCATION :Location[mProvider=network,mTime=1290787824636,mLatitude=55.782425575,mLongitude=12.514018425,mHasAltitude=false,mAltitude=0.0,mHasSpeed=false,mSpeed=0.0,mHasBearing=false,mBearing=0.0,mHasAccuracy=true,mAccuracy=57.0,mExtras=Bundle[mParcelledData.dataSize=148]]
ADDRESS :

0.33
0.37
0.61
1.08
1.10
1.40
0.72
0.42
0.86
0.45
1.10
0.78
1.42
0.38
0.45
1.05
0.26
0.26
0.64
1.18
0.67
0.44
1.63
1.08
1.76
2.45
2.40
1.02
2.71
0.97
2.02
1.57
0.86
0.53
2.04
2.19
1.04
2.72
4.37
0.44
1.02
2.91
2.53
1.63
3.05
1.05
1.36
0.39
0.78
1.69
0.89
0.64
0.60
1.20
1.05
4.54
4.64
2.21
2.14
0.90
2.83
5.28
1.06
10.15
6.61
2.04
6.52
2.38
4.67
1.88
2.03
0.68
3.50
0.71
2.60
2.56
1.02
1.04
2.22
3.83
3.23
2.85
1.06
1.54
3.32
0.79
1.05
2.08
0.64
1.06
0.95
0.89
0.84
0.72
0.79
0.99
2.68
1.57
0.76
0.74
0.80
2.40
0.95
1.95
3.49
3.64
2.37
1.92
2.03
1.77
1.48
0.84
1.02
1.33
2.26
1.08
1.68
0.31
1.10
0.57
1.14
0.50
0.99
1.14
0.69
1.23
1.38
4.86
4.59
4.71
3.00
1.46
1.44
2.17
2.71
2.15
1.42
3.23
1.58
0.89
1.29
2.66
2.64
8.27
9.15
1.38
3.91
10.68
35.93
6.71
21.22
7.57
10.04
3.69
4.71
5.82
8.05
5.56
3.04
8.01
1.89
6.13
6.66
2.47
0.99
8.69
6.25
17.42
6.05
6.06
7.74
4.02
7.55
6.70
2.22
1.47
2.68
2.64
0.82
0.87
1.23
1.04
0.38
1.16
2.87
4.13
7.08
1.76
7.08
4.07
2.56
4.64
4.22
1.73
6.44
6.84
6.93
4.45
0.89
3.11
3.51
4.14
1.21
5.26
5.20
3.19
3.38
5.45
12.19
14.22
20.72
14.79
16.13
7.50
6.62
6.97
6.12
4.10
3.09
4.21
3.13
1.31
3.57
5.00
3.19
6.01
4.64
5.12
8.20
11.54
4.36
3.99
3.21
5.43
3.85
5.97
4.44
3.95
3.45
3.61
7.63
1.36
2.14
1.05
0.30
0.99
1.76
0.82
0.39
2.37
2.11
4.06
2.79
5.78
6.51
6.55
