GUESS    :MOVING_HI
STARTTIME:1290789454343
ENDTIME  :1290789467472
LOCALSPD :0.0
LONGSPD  :4.8796544
LOCATION :Location[mProvider=network,mTime=1290789407923,mLatitude=55.75476146666667,mLongitude=12.412089916666666,mHasAltitude=false,mAltitude=0.0,mHasSpeed=false,mSpeed=0.0,mHasBearing=false,mBearing=0.0,mHasAccuracy=true,mAccuracy=79.0,mExtras=Bundle[mParcelledData.dataSize=148]]
ADDRESS :

3.73
0.91
0.68
1.49
0.95
0.25
0.57
0.42
0.63
0.36
0.37
0.69
0.12
0.56
0.26
0.29
0.39
0.38
0.32
0.36
0.42
0.34
0.12
0.39
0.35
0.14
0.35
0.48
0.17
0.26
0.63
0.40
0.39
0.26
0.27
0.44
0.22
0.19
0.14
0.29
0.21
0.29
0.31
0.27
0.33
0.26
0.16
0.10
0.42
0.10
0.32
0.21
0.41
0.10
0.18
0.30
0.20
0.13
0.27
0.39
0.11
0.20
0.34
0.36
0.15
0.18
0.39
0.06
0.02
0.18
0.06
0.09
0.34
0.28
0.42
0.34
0.49
0.25
0.19
0.17
0.09
0.23
0.41
0.05
0.13
0.38
0.12
0.50
0.11
0.32
0.13
0.21
0.27
0.18
0.09
0.15
0.09
0.03
0.24
0.03
0.26
0.09
0.04
0.16
0.25
0.30
0.29
0.12
0.10
0.25
0.37
0.05
0.39
0.27
0.09
0.32
0.15
0.17
0.26
0.26
0.01
0.12
0.16
0.38
0.31
0.26
0.09
0.20
