GUESS    :MOVING_HI
STARTTIME:1290788269263
ENDTIME  :1290788282742
LOCALSPD :2.9659894
LONGSPD  :2.4830277
LOCATION :Location[mProvider=network,mTime=1290788246454,mLatitude=55.77216606,mLongitude=12.50031768,mHasAltitude=false,mAltitude=0.0,mHasSpeed=false,mSpeed=0.0,mHasBearing=false,mBearing=0.0,mHasAccuracy=true,mAccuracy=46.0,mExtras=Bundle[mParcelledData.dataSize=148]]
ADDRESS :

5.24
0.60
1.28
0.58
1.35
0.69
0.68
0.89
0.12
0.49
0.22
0.65
0.73
0.46
0.31
0.27
0.17
0.49
0.42
0.66
0.07
0.40
0.23
0.88
0.38
0.80
0.17
0.46
0.30
0.49
0.01
0.39
0.40
0.19
0.39
0.17
0.37
0.28
0.24
0.71
0.35
0.40
0.22
0.29
0.39
0.21
0.24
0.21
0.24
0.32
0.51
0.32
0.25
0.07
0.50
0.31
0.41
0.29
0.08
0.32
0.27
0.09
0.39
0.08
0.08
0.43
0.56
0.27
0.25
0.48
0.37
0.16
0.22
0.19
0.12
0.32
0.24
0.24
0.09
0.08
0.04
0.08
0.24
0.29
0.18
0.17
0.23
0.08
0.24
0.04
0.29
0.40
0.35
0.40
0.25
0.68
0.34
0.78
0.59
0.47
0.54
0.08
0.43
0.28
0.59
0.36
0.40
0.54
0.39
0.49
0.03
0.84
0.38
0.54
0.59
0.44
0.33
0.30
1.02
0.41
0.13
0.31
0.77
0.40
0.25
0.57
0.60
0.51
