GUESS    :WALKING
STARTTIME:1290788808402
ENDTIME  :1290788821252
LOCALSPD :6.6864085
LONGSPD  :4.638527
LOCATION :Location[mProvider=network,mTime=1290788792157,mLatitude=55.7648495,mLongitude=12.460174675,mHasAltitude=false,mAltitude=0.0,mHasSpeed=false,mSpeed=0.0,mHasBearing=false,mBearing=0.0,mHasAccuracy=true,mAccuracy=74.0,mExtras=Bundle[mParcelledData.dataSize=148]]
ADDRESS :

3.60
2.34
4.06
0.60
7.08
2.52
7.61
3.19
5.83
3.68
5.53
1.80
4.94
3.17
3.11
3.08
3.69
2.29
1.57
1.80
5.09
3.26
3.68
2.48
2.66
1.53
1.31
2.56
1.01
0.50
3.75
0.71
4.03
1.39
2.76
3.36
2.36
5.01
2.17
4.02
0.76
0.87
2.12
1.13
3.68
1.09
1.04
1.12
1.44
2.14
1.31
1.16
2.38
2.47
2.42
2.49
0.84
0.89
1.84
0.84
0.37
1.61
2.03
1.36
2.18
1.48
1.84
2.07
1.27
1.16
1.08
4.63
0.27
7.33
2.08
4.67
1.95
0.65
2.37
2.15
2.34
1.47
4.70
2.72
0.99
5.86
1.18
3.34
1.57
2.25
5.61
4.77
11.20
7.08
15.01
3.06
9.15
4.74
5.18
6.16
1.95
6.81
2.91
2.49
0.76
2.71
4.51
0.38
1.08
1.57
1.33
1.16
1.08
2.38
1.06
1.50
3.34
0.89
1.84
2.07
4.67
2.52
2.81
3.45
1.38
1.73
2.56
1.84
3.36
2.07
1.59
0.75
1.35
2.22
1.12
2.66
1.40
3.00
1.48
2.53
1.33
0.65
0.95
2.98
0.49
2.56
1.84
0.94
2.25
1.38
1.97
2.97
1.50
0.65
2.79
2.72
2.83
5.50
3.11
1.32
1.99
2.21
2.62
2.04
4.25
1.72
2.30
3.01
3.26
3.15
1.46
1.77
1.92
1.99
2.14
1.92
0.93
2.15
1.08
2.18
1.95
2.67
1.13
1.83
3.76
1.96
2.27
2.45
2.81
5.37
3.27
4.48
2.56
1.92
1.84
4.28
2.07
1.74
1.95
3.24
0.76
1.93
0.91
1.32
1.42
1.12
1.88
0.38
2.49
1.08
0.99
1.40
3.35
1.95
10.61
3.68
7.74
1.27
2.10
0.27
4.09
0.54
1.84
1.46
1.73
1.65
4.32
6.43
5.87
3.64
11.26
11.39
15.66
2.90
3.50
3.80
2.47
6.92
2.48
6.95
4.10
2.63
1.59
1.68
1.74
2.37
8.91
9.26
15.58
19.93
7.93
24.18
2.70
4.85
10.50
11.84
