GUESS    :MOVING_SM
STARTTIME:1287694976562
ENDTIME  :1287694990747
LOCATION :Location[mProvider=network,mTime=1287694948411,mLatitude=55.74958615,mLongitude=12.3767289,mHasAltitude=false,mAltitude=0.0,mHasSpeed=false,mSpeed=0.0,mHasBearing=false,mBearing=0.0,mHasAccuracy=true,mAccuracy=50.0,mExtras=Bundle[mParcelledData.dataSize=148]]
ADDRESS :

0.19
0.09
0.05
0.09
0.05
0.03
0.03
0.02
0.03
0.04
0.03
0.05
0.04
0.03
0.02
0.01
0.03
0.02
0.02
0.03
0.02
0.02
0.03
0.02
0.01
0.01
0.01
0.02
0.02
0.01
0.01
0.01
0.02
0.04
0.02
0.03
0.02
0.01
0.01
0.01
0.01
0.01
0.03
0.02
0.02
0.03
0.01
0.02
0.02
0.02
0.02
0.01
0.01
0.02
0.01
0.01
0.02
0.03
0.01
0.02
0.02
0.02
0.03
0.03
0.02
0.02
0.02
0.03
0.02
0.03
0.03
0.03
0.02
0.02
0.01
0.01
0.01
0.01
0.01
0.00
0.01
0.01
0.00
0.01
0.00
0.01
0.00
0.01
0.01
0.01
0.01
0.01
0.02
0.01
0.00
0.01
0.01
0.00
0.01
0.01
0.01
0.02
0.01
0.00
0.01
0.00
0.01
0.01
0.01
0.01
0.01
0.00
0.02
0.01
0.00
0.02
0.01
0.02
0.01
0.01
0.01
0.01
0.01
0.01
0.00
0.01
0.01
0.01
