GUESS    :MOVING_ME
STARTTIME:1287694990748
ENDTIME  :1287695006327
LOCATION :Location[mProvider=network,mTime=1287694948411,mLatitude=55.74958615,mLongitude=12.3767289,mHasAltitude=false,mAltitude=0.0,mHasSpeed=false,mSpeed=0.0,mHasBearing=false,mBearing=0.0,mHasAccuracy=true,mAccuracy=50.0,mExtras=Bundle[mParcelledData.dataSize=148]]
ADDRESS :

0.15
0.08
0.08
0.20
0.15
0.15
0.12
0.16
0.07
0.15
0.11
0.03
0.10
0.05
0.07
0.18
0.15
0.15
0.26
0.08
0.07
0.08
0.04
0.16
0.12
0.33
0.54
0.35
0.16
0.11
0.27
0.19
0.19
0.18
0.42
0.37
0.26
0.27
0.23
0.31
0.20
0.44
0.53
0.64
0.87
0.54
1.27
1.87
1.72
2.75
5.97
6.62
7.95
1.50
2.79
1.25
3.70
2.72
3.81
4.00
1.84
3.57
1.21
5.58
2.83
2.76
7.40
4.74
6.51
13.17
13.05
6.35
14.42
4.52
6.31
10.61
25.89
14.96
9.44
16.43
7.67
6.25
11.03
13.99
3.83
5.37
3.45
9.47
10.07
8.20
0.76
0.26
0.03
0.05
0.03
0.04
0.11
0.18
0.15
0.15
0.18
0.07
0.04
0.11
0.11
0.04
0.04
0.04
0.15
0.08
0.07
0.08
0.10
0.14
0.04
0.07
0.12
0.08
0.07
0.03
0.05
0.10
0.07
0.04
0.04
0.04
0.07
0.08
0.07
0.08
0.04
0.07
0.03
0.04
0.04
0.03
0.04
0.07
0.04
0.04
0.04
0.07
0.05
0.10
0.07
0.03
0.07
0.07
0.15
0.12
0.12
0.15
0.05
0.03
0.04
0.04
0.03
0.07
0.08
0.08
0.11
0.04
0.03
0.04
0.08
0.04
0.11
0.11
0.11
0.03
0.03
0.05
0.11
0.04
0.08
0.12
0.16
0.08
0.04
0.08
0.04
0.07
0.15
0.12
0.08
0.04
0.08
0.08
0.07
0.03
0.04
0.12
0.03
0.15
0.08
0.04
0.04
0.08
0.04
0.04
0.04
0.07
0.07
0.04
0.04
0.11
0.05
0.07
0.08
0.04
0.14
0.05
0.03
0.07
0.08
0.16
0.08
0.07
0.07
0.12
0.04
0.07
0.03
0.03
0.04
0.07
0.07
0.07
0.11
0.03
0.15
0.07
0.08
0.07
0.07
0.07
0.04
0.05
0.08
0.18
0.07
0.03
0.07
0.10
0.03
0.04
0.10
0.07
0.03
0.05
0.07
0.04
0.08
0.04
0.04
0.04
