GUESS    :MOVING_HI
STARTTIME:1288629249247
ENDTIME  :1288629262160
LOCALSPD :2.7140443
LONGSPD  :6.2260036
LOCATION :Location[mProvider=network,mTime=1288629232996,mLatitude=55.7616279,mLongitude=12.436985400000001,mHasAltitude=false,mAltitude=0.0,mHasSpeed=false,mSpeed=0.0,mHasBearing=false,mBearing=0.0,mHasAccuracy=true,mAccuracy=62.0,mExtras=Bundle[mParcelledData.dataSize=148]]
ADDRESS :

3.38
0.66
0.78
0.60
0.74
0.33
0.46
0.82
0.37
0.09
0.62
0.24
0.70
0.25
0.22
0.21
0.20
0.41
0.51
0.14
0.44
0.43
0.39
0.20
0.37
0.14
0.30
0.31
0.46
0.50
0.20
0.33
0.17
0.27
0.13
0.40
0.23
0.28
0.10
0.42
0.11
0.35
0.17
0.43
0.22
0.20
0.38
0.35
0.26
0.32
0.01
0.23
0.06
0.27
0.11
0.08
0.28
0.15
0.11
0.39
0.18
0.51
0.13
0.21
0.24
0.24
0.31
0.04
0.25
0.21
0.12
0.16
0.33
0.24
0.12
0.03
0.31
0.28
0.19
0.20
0.27
0.19
0.26
0.14
0.32
0.18
0.34
0.23
0.15
0.16
0.29
0.16
0.23
0.09
0.22
0.29
0.17
0.19
0.29
0.10
0.26
0.19
0.25
0.06
0.21
0.05
0.30
0.07
0.23
0.19
0.31
0.25
0.12
0.17
0.19
0.18
0.17
0.08
0.05
0.37
0.19
0.21
0.11
0.23
0.26
0.11
0.15
0.05
