GUESS    :MOVING_ME
STARTTIME:1288629366798
ENDTIME  :1288629379717
LOCALSPD :0.0
LONGSPD  :5.9905205
LOCATION :Location[mProvider=network,mTime=1288629352553,mLatitude=55.758826133333336,mLongitude=12.428587333333333,mHasAltitude=false,mAltitude=0.0,mHasSpeed=false,mSpeed=0.0,mHasBearing=false,mBearing=0.0,mHasAccuracy=true,mAccuracy=41.0,mExtras=Bundle[mParcelledData.dataSize=148]]
ADDRESS :

2.31
0.69
0.55
0.67
0.61
0.47
0.29
0.39
0.23
0.26
0.21
0.06
0.13
0.14
0.14
0.06
0.13
0.16
0.11
0.09
0.12
0.20
0.35
0.13
0.11
0.14
0.20
0.12
0.12
0.25
0.12
0.14
0.11
0.18
0.16
0.06
0.15
0.09
0.07
0.12
0.17
0.05
0.15
0.12
0.20
0.08
0.11
0.08
0.11
0.08
0.03
0.13
0.11
0.11
0.11
0.17
0.11
0.04
0.13
0.12
0.09
0.09
0.02
0.13
0.13
0.17
0.14
0.13
0.08
0.09
0.06
0.01
0.06
0.20
0.23
0.19
0.13
0.08
0.04
0.05
0.15
0.14
0.05
0.10
0.15
0.14
0.07
0.25
0.14
0.15
0.01
0.03
0.18
0.09
0.12
0.15
0.07
0.12
0.11
0.11
0.12
0.08
0.11
0.39
0.09
0.40
0.23
0.35
0.32
0.24
0.13
0.15
0.23
0.16
0.12
0.31
0.11
0.17
0.18
0.15
0.27
0.22
0.15
0.08
0.16
0.07
0.13
0.08
