GUESS    :RUNNING
STARTTIME:1288629496719
ENDTIME  :1288629509627
LOCALSPD :9.76985
LONGSPD  :6.854255
LOCATION :Location[mProvider=network,mTime=1288629476160,mLatitude=55.753611325,mLongitude=12.409516725,mHasAltitude=false,mAltitude=0.0,mHasSpeed=false,mSpeed=0.0,mHasBearing=false,mBearing=0.0,mHasAccuracy=true,mAccuracy=88.0,mExtras=Bundle[mParcelledData.dataSize=148]]
ADDRESS :

2.91
4.84
4.37
2.15
3.21
3.42
4.02
2.72
4.96
5.67
4.63
3.16
3.00
4.63
3.69
2.60
0.89
4.67
4.54
1.91
2.29
6.25
3.19
2.72
2.38
5.56
6.01
1.42
1.77
2.55
3.50
1.44
2.19
3.53
3.41
0.53
2.75
5.37
2.29
1.31
1.31
2.56
2.83
3.30
1.23
1.84
2.55
1.12
2.60
4.67
3.11
3.73
3.54
3.91
5.11
1.16
3.38
3.61
2.67
2.53
5.63
2.29
3.68
2.07
5.31
3.06
2.22
5.20
7.16
3.72
3.13
6.17
3.28
1.77
1.18
1.61
0.84
1.28
3.64
1.33
4.74
2.06
1.39
4.66
4.18
1.50
3.75
2.76
2.71
2.08
0.75
2.03
2.81
2.41
3.04
3.53
3.95
1.97
2.03
3.02
2.45
3.79
2.30
2.82
0.50
2.30
4.52
4.79
1.70
1.81
2.96
1.80
3.73
5.08
3.65
0.23
2.52
1.58
2.76
5.75
4.71
1.42
3.95
4.29
2.37
1.84
2.71
3.80
0.87
3.55
5.48
3.11
1.99
1.76
2.68
1.77
2.30
3.13
2.47
1.01
3.45
3.27
3.54
3.51
1.27
2.87
2.81
2.64
2.83
1.91
1.02
2.14
4.10
4.64
3.13
3.23
3.96
3.87
1.06
2.07
2.66
2.10
1.57
0.80
2.94
3.72
3.53
0.76
2.00
1.84
1.36
2.10
2.60
2.91
1.50
3.32
3.47
4.94
3.99
4.62
4.54
2.67
1.33
4.73
6.13
5.13
3.54
5.88
3.31
2.90
2.30
1.54
2.11
3.05
2.15
1.57
1.06
1.88
1.76
2.03
5.20
4.00
2.67
1.93
2.51
2.37
2.26
3.87
3.17
0.95
2.94
3.65
3.39
4.26
2.45
2.37
1.12
2.26
3.51
4.36
6.88
3.55
5.86
5.94
3.84
3.26
3.06
2.49
3.81
3.30
3.90
6.21
1.42
2.59
1.80
4.90
2.47
2.81
2.66
1.33
4.29
4.11
2.85
1.29
3.08
1.31
3.45
4.29
3.91
1.80
3.15
1.38
0.95
1.58
4.85
2.98
