GUESS    :MOVING_HI
STARTTIME:1288628024158
ENDTIME  :1288628037527
LOCALSPD :5.5369344
LONGSPD  :2.3075786
LOCATION :Location[mProvider=network,mTime=1288628003790,mLatitude=55.7753441,mLongitude=12.505915355555556,mHasAltitude=false,mAltitude=0.0,mHasSpeed=false,mSpeed=0.0,mHasBearing=false,mBearing=0.0,mHasAccuracy=true,mAccuracy=44.0,mExtras=Bundle[mParcelledData.dataSize=148]]
ADDRESS :

4.36
0.49
0.93
0.87
0.41
0.64
0.58
0.78
0.08
1.34
0.23
0.94
0.91
0.38
0.87
0.24
1.27
0.18
0.40
0.20
0.65
0.88
0.36
0.69
0.50
0.60
0.53
0.45
0.40
0.56
0.46
0.50
0.26
0.32
0.48
0.27
0.06
0.17
0.18
0.03
0.77
0.35
0.21
0.25
0.45
0.28
0.25
0.31
0.13
0.41
0.29
0.21
0.38
0.18
0.21
0.41
0.28
0.12
0.23
0.61
0.23
0.61
0.27
0.12
0.52
0.08
0.37
0.31
0.33
0.30
0.49
0.41
0.22
0.14
0.27
0.21
0.18
0.30
0.20
0.33
0.11
0.08
0.16
0.16
0.20
0.31
0.15
0.19
0.42
0.31
0.45
0.42
0.36
0.01
0.25
0.20
0.15
0.08
0.25
0.46
0.09
0.25
0.35
0.05
0.26
0.11
0.21
0.18
0.29
0.14
0.17
0.20
0.24
0.31
0.23
0.21
0.19
0.13
0.23
0.25
0.22
0.20
0.29
0.26
0.29
0.42
0.39
0.35
