GUESS    :MOVING_SM
STARTTIME:1288628128315
ENDTIME  :1288628141446
LOCALSPD :2.9542265
LONGSPD  :2.644726
LOCATION :Location[mProvider=network,mTime=1288628128459,mLatitude=55.771775475,mLongitude=12.501905075000002,mHasAltitude=false,mAltitude=0.0,mHasSpeed=false,mSpeed=0.0,mHasBearing=false,mBearing=0.0,mHasAccuracy=true,mAccuracy=60.0,mExtras=Bundle[mParcelledData.dataSize=148]]
ADDRESS :

0.19
0.18
0.15
0.12
0.19
0.08
0.35
0.39
0.19
0.34
0.19
0.19
0.15
0.20
0.20
0.07
0.04
0.11
0.19
0.15
0.16
0.18
0.30
0.19
0.19
0.08
0.11
0.42
0.15
0.27
0.14
0.23
0.15
0.38
0.30
0.20
0.22
0.39
0.19
0.49
0.34
0.61
0.76
1.16
1.29
1.18
0.57
1.16
1.76
1.35
0.37
1.99
1.21
1.13
0.38
0.48
0.14
0.23
0.15
0.22
0.04
0.19
0.15
0.12
0.12
0.20
0.08
0.03
0.15
0.11
0.23
0.25
0.07
0.35
0.25
0.16
0.16
0.12
0.04
0.08
0.08
0.08
0.16
0.20
0.38
0.11
0.27
0.61
1.31
1.23
2.85
1.57
1.42
0.68
1.57
1.12
0.26
0.63
1.68
0.84
2.57
1.23
0.90
1.23
0.68
0.60
0.89
0.39
0.63
1.14
0.61
1.33
0.41
1.16
0.74
0.93
0.52
0.18
0.34
0.16
0.12
0.23
0.26
0.34
0.23
0.33
0.14
0.31
0.35
0.08
0.64
0.41
0.18
0.34
0.15
0.22
0.19
0.15
0.25
0.34
0.27
0.19
0.12
0.19
0.03
0.07
0.11
0.11
0.18
0.10
0.12
0.23
0.19
0.14
0.05
0.03
0.05
0.16
0.14
0.20
0.30
0.18
0.07
0.04
0.15
0.11
0.30
0.27
0.45
0.31
0.80
1.20
0.46
1.54
1.46
0.87
0.75
0.14
0.15
0.23
0.90
0.82
0.41
0.39
0.87
0.93
0.65
0.83
0.46
2.21
1.38
2.76
1.61
0.57
0.84
0.54
0.79
0.46
0.91
0.76
1.17
1.31
1.88
0.80
0.83
1.09
0.64
0.20
0.41
0.18
0.31
0.38
0.23
0.76
0.65
1.23
2.57
1.72
1.46
0.68
1.65
0.91
1.97
2.19
1.18
1.50
0.46
0.84
0.38
0.50
0.59
0.12
0.12
0.23
0.19
0.33
0.15
0.38
0.23
0.16
0.27
0.23
0.11
0.26
0.07
0.35
0.12
0.30
0.31
0.38
0.33
0.15
0.27
0.27
0.30
0.10
