GUESS    :IDLE
STARTTIME:1288628180691
ENDTIME  :1288628193977
LOCALSPD :0.0
LONGSPD  :2.3919213
LOCATION :Location[mProvider=network,mTime=1288628180468,mLatitude=55.771775475,mLongitude=12.501905075000002,mHasAltitude=false,mAltitude=0.0,mHasSpeed=false,mSpeed=0.0,mHasBearing=false,mBearing=0.0,mHasAccuracy=true,mAccuracy=60.0,mExtras=Bundle[mParcelledData.dataSize=148]]
ADDRESS :

0.15
0.05
0.11
0.07
0.07
0.07
0.04
0.08
0.04
0.07
0.04
0.05
0.04
0.04
0.04
0.03
0.04
0.02
0.03
0.02
0.01
0.02
0.01
0.01
0.02
0.01
0.01
0.01
0.02
0.01
0.01
0.01
0.01
0.01
0.01
0.02
0.00
0.00
0.00
0.01
0.01
0.01
0.01
0.00
0.02
0.00
0.01
0.01
0.01
0.01
0.00
0.02
0.00
0.02
0.01
0.00
0.01
0.01
0.02
0.01
0.01
0.01
0.01
0.00
0.01
0.01
0.01
0.02
0.00
0.01
0.00
0.01
0.01
0.01
0.00
0.00
0.02
0.01
0.01
0.00
0.02
0.01
0.01
0.01
0.01
0.01
0.01
0.01
0.01
0.01
0.01
0.01
0.01
0.01
0.01
0.01
0.00
0.02
0.01
0.01
0.01
0.01
0.01
0.01
0.01
0.01
0.01
0.02
0.00
0.01
0.01
0.01
0.01
0.01
0.02
0.02
0.02
0.01
0.01
0.01
0.01
0.02
0.00
0.02
0.02
0.02
0.02
0.01
