GUESS    :IDLE
STARTTIME:1290345795888
ENDTIME  :1290345810207
LOCALSPD :0.0
LONGSPD  :-1.0
LOCATION :Location[mProvider=network,mTime=1290345788857,mLatitude=55.749546824999996,mLongitude=12.3767034,mHasAltitude=false,mAltitude=0.0,mHasSpeed=false,mSpeed=0.0,mHasBearing=false,mBearing=0.0,mHasAccuracy=true,mAccuracy=50.0,mExtras=Bundle[mParcelledData.dataSize=148]]
ADDRESS :

0.08
0.00
0.00
0.01
0.01
0.00
0.01
0.01
0.00
0.01
0.01
0.00
0.00
0.01
0.01
0.00
0.01
0.01
0.01
0.01
0.01
0.00
0.01
0.00
0.01
0.01
0.00
0.00
0.01
0.00
0.00
0.00
0.01
0.00
0.01
0.00
0.00
0.01
0.01
0.01
0.01
0.00
0.00
0.00
0.00
0.00
0.01
0.00
0.00
0.00
0.00
0.00
0.00
0.00
0.00
0.01
0.00
0.00
0.00
0.00
0.01
0.01
0.00
0.00
0.00
0.00
0.00
0.00
0.00
0.00
0.00
0.00
0.00
0.00
0.00
0.00
0.00
0.00
0.01
0.00
0.00
0.01
0.00
0.01
0.00
0.00
0.00
0.00
0.00
0.00
0.00
0.00
0.00
0.00
0.00
0.00
0.01
0.00
0.00
0.00
0.00
0.01
0.00
0.01
0.00
0.00
0.00
0.01
0.00
0.00
0.00
0.00
0.00
0.00
0.01
0.00
0.00
0.00
0.00
0.00
0.00
0.00
0.00
0.00
0.00
0.00
0.00
0.00
