GUESS    :IDLE
STARTTIME:1288345386526
ENDTIME  :1288345401584
LOCALSPD :0.0
LONGSPD  :-1.0
LOCATION :Location[mProvider=network,mTime=1288345374777,mLatitude=55.78249398571428,mLongitude=12.514067,mHasAltitude=false,mAltitude=0.0,mHasSpeed=false,mSpeed=0.0,mHasBearing=false,mBearing=0.0,mHasAccuracy=true,mAccuracy=53.0,mExtras=Bundle[mParcelledData.dataSize=148]]
ADDRESS :Address[addressLines=[0:"Centrifugevej",1:"2800 Lyngby",2:"Denmark"],feature=Centrifugevej,admin=Capital Region of Denmark,sub-admin=Lyngby-Taarbæk,locality=Lyngby,thoroughfare=Centrifugevej,postalCode=2800,countryCode=DK,countryName=Denmark,hasLatitude=true,latitude=55.7817133,hasLongitude=true,longitude=12.5138618,phone=null,url=null,extras=null]

0.08
0.08
0.12
0.04
0.04
0.12
0.16
0.12
0.12
0.15
0.07
0.16
0.12
0.20
0.16
0.08
0.16
0.12
0.12
0.04
0.12
0.04
0.11
0.08
0.04
0.18
0.10
0.04
0.08
0.15
0.07
0.08
0.12
0.08
0.08
0.12
0.04
0.08
0.04
0.08
0.04
0.04
0.12
0.08
0.04
0.04
0.07
0.22
0.15
0.15
0.11
0.08
0.08
0.08
0.04
0.07
0.15
0.12
0.04
0.08
0.19
0.11
0.03
0.11
0.08
0.08
0.08
0.08
0.08
0.04
0.04
0.15
0.07
0.07
0.04
0.15
0.12
0.04
0.04
0.04
0.12
0.08
0.20
0.08
0.04
0.04
0.15
0.15
0.16
0.08
0.12
0.04
0.08
0.08
0.04
0.04
0.07
0.11
0.04
0.12
0.12
0.12
0.19
0.03
0.04
0.15
0.11
0.12
0.08
0.04
0.08
0.04
0.08
0.08
0.11
0.08
0.11
0.12
0.11
0.04
0.07
0.08
0.04
0.08
0.12
0.15
0.19
0.08
0.08
0.12
0.08
0.11
0.11
0.08
0.07
0.07
0.23
0.23
0.11
0.08
0.03
0.03
0.08
0.03
0.07
0.19
0.04
0.08
0.16
0.16
0.11
0.08
0.07
0.08
0.08
0.04
0.16
0.12
0.11
0.03
0.03
0.11
0.04
0.08
0.12
0.15
0.11
0.04
0.08
0.04
0.08
0.08
0.08
0.08
0.08
0.04
0.08
0.08
0.08
0.04
0.08
0.12
0.08
0.08
0.08
0.15
0.07
0.08
0.08
0.04
0.08
0.15
0.07
0.08
0.08
0.08
0.08
0.04
0.12
0.08
0.16
0.12
0.16
0.20
0.08
0.04
0.08
0.11
0.11
0.12
0.16
0.12
0.08
0.04
0.12
0.08
0.04
0.08
0.16
0.12
0.04
0.12
0.08
0.04
0.08
0.04
0.04
0.04
0.12
0.08
0.04
0.12
0.08
0.04
0.07
0.15
0.27
0.08
0.04
0.08
0.08
0.12
0.08
0.08
0.16
0.12
0.03
0.03
0.03
0.04
0.07
0.08
0.07
0.11
0.04
0.19
