GUESS    :MOVING_SM
STARTTIME:1289659737875
ENDTIME  :1289659752433
LOCALSPD :1.1143042
LONGSPD  :0.34101263
LOCATION :Location[mProvider=network,mTime=1289659750979,mLatitude=55.7492047,mLongitude=12.380492,mHasAltitude=false,mAltitude=0.0,mHasSpeed=false,mSpeed=0.0,mHasBearing=false,mBearing=0.0,mHasAccuracy=true,mAccuracy=75.0,mExtras=Bundle[mParcelledData.dataSize=148]]
ADDRESS :

1.29
0.61
0.34
0.32
0.16
0.34
0.22
0.38
0.20
0.19
0.16
0.13
0.15
0.04
0.19
0.14
0.15
0.09
0.10
0.13
0.20
0.06
0.06
0.08
0.17
0.12
0.21
0.14
0.12
0.17
0.12
0.03
0.11
0.10
0.02
0.25
0.26
0.15
0.03
0.04
0.11
0.05
0.09
0.14
0.05
0.08
0.07
0.15
0.18
0.03
0.07
0.11
0.06
0.04
0.07
0.03
0.06
0.06
0.13
0.11
0.08
0.09
0.13
0.15
0.02
0.07
0.00
0.06
0.01
0.06
0.05
0.05
0.05
0.05
0.08
0.04
0.11
0.05
0.01
0.01
0.06
0.03
0.07
0.13
0.06
0.07
0.05
0.09
0.07
0.02
0.11
0.10
0.06
0.05
0.09
0.05
0.05
0.10
0.03
0.03
0.02
0.04
0.14
0.11
0.18
0.10
0.08
0.07
0.13
0.03
0.03
0.05
0.02
0.05
0.09
0.14
0.12
0.07
0.04
0.12
0.03
0.11
0.03
0.05
0.01
0.06
0.05
0.04
