GUESS    :WALKING
STARTTIME:1289660144094
ENDTIME  :1289660158324
LOCALSPD :1.8049339
LONGSPD  :5.711614
LOCATION :Location[mProvider=network,mTime=1289660150292,mLatitude=55.72974208333334,mLongitude=12.404657266666668,mHasAltitude=false,mAltitude=0.0,mHasSpeed=false,mSpeed=0.0,mHasBearing=false,mBearing=0.0,mHasAccuracy=true,mAccuracy=56.0,mExtras=Bundle[mParcelledData.dataSize=148]]
ADDRESS :

3.90
2.92
0.88
0.18
0.29
0.28
0.24
0.18
0.32
0.27
0.14
0.23
0.31
0.31
0.12
0.27
0.30
0.31
0.17
0.11
0.07
0.27
0.24
0.14
0.27
0.30
0.61
0.88
1.20
0.42
0.24
0.21
0.13
0.23
0.20
0.14
0.08
0.33
0.09
0.09
0.24
0.42
0.29
0.19
0.03
0.04
0.09
0.03
0.21
0.25
0.12
0.08
0.09
0.09
0.06
0.45
0.34
0.18
0.16
0.29
0.13
0.22
0.16
0.16
0.09
0.11
0.08
0.14
0.37
0.26
0.10
0.14
0.06
0.21
0.06
0.35
0.22
0.24
0.18
0.32
0.18
0.46
0.29
0.43
0.65
0.77
0.59
0.40
0.16
0.05
0.12
0.23
0.07
0.06
0.22
0.17
0.11
0.25
0.48
0.39
0.07
0.21
0.13
0.30
0.08
0.26
0.12
0.40
0.15
0.29
0.09
0.32
0.16
0.14
0.41
0.28
0.28
0.19
0.32
0.29
0.09
0.25
0.19
0.11
0.07
0.15
0.20
0.26
