GUESS    :MOVING_SM
STARTTIME:1288958551797
ENDTIME  :1288958565992
LOCALSPD :0.0
LONGSPD  :-1.0
LOCATION :Location[mProvider=network,mTime=1288958543271,mLatitude=55.78251023,mLongitude=12.51395238,mHasAltitude=false,mAltitude=0.0,mHasSpeed=false,mSpeed=0.0,mHasBearing=false,mBearing=0.0,mHasAccuracy=true,mAccuracy=53.0,mExtras=Bundle[mParcelledData.dataSize=148]]
ADDRESS :

0.16
0.98
1.76
2.75
2.91
2.49
1.61
1.84
0.98
0.38
1.10
0.53
0.12
0.19
1.10
1.48
0.46
0.69
0.27
0.12
0.19
0.18
0.45
0.04
0.27
0.11
0.23
0.45
0.38
0.95
1.73
1.09
0.23
0.99
0.84
1.10
0.26
0.54
1.43
0.44
0.61
0.72
0.78
0.91
0.37
0.68
0.33
0.46
0.93
0.86
0.82
2.00
1.27
0.74
0.68
0.80
1.50
0.49
0.76
0.80
0.37
0.50
0.42
0.27
0.26
0.59
0.95
1.95
2.18
0.65
1.33
0.34
1.02
0.52
1.48
0.97
1.08
1.18
1.31
1.54
0.67
1.43
1.23
3.66
1.54
2.26
1.77
2.36
0.39
0.67
0.46
0.34
1.23
0.80
0.89
0.79
0.42
0.15
0.60
0.83
1.40
2.45
1.39
2.93
1.33
1.50
2.10
1.99
0.76
1.02
0.19
0.72
0.60
2.17
1.88
0.84
0.53
0.26
0.57
0.71
0.34
0.53
0.38
0.12
0.65
0.74
0.29
0.16
0.23
0.27
0.12
0.19
0.22
0.11
0.38
0.30
0.22
0.30
0.37
1.08
0.71
0.68
1.12
0.39
0.35
0.19
0.27
0.59
1.16
1.33
1.51
0.72
0.48
0.61
0.29
0.38
0.27
0.27
0.23
0.31
0.38
0.19
0.19
0.27
0.57
0.42
0.27
0.49
2.02
1.32
2.07
1.18
0.95
1.69
0.97
0.72
0.80
0.84
0.30
0.18
0.53
0.16
0.30
1.99
0.76
0.61
0.84
0.99
0.53
1.17
0.49
1.27
0.65
0.72
0.90
1.88
1.97
1.05
0.69
0.57
0.11
0.80
0.53
0.31
0.22
0.18
0.72
0.93
0.56
0.67
0.29
0.12
0.12
0.04
0.35
0.18
0.65
0.57
0.16
0.25
0.15
0.08
0.12
0.11
0.19
0.44
0.65
0.22
0.22
0.53
0.54
0.52
0.50
0.08
0.19
0.16
0.20
0.20
0.22
0.39
0.69
0.04
0.11
0.30
0.38
0.42
0.27
0.30
0.23
0.49
0.42
0.54
0.42
0.11
0.39
0.14
