GUESS    :IDLE
STARTTIME:1290853998582
ENDTIME  :1290854012890
LOCALSPD :0.0
LONGSPD  :-1.0
LOCATION :Location[mProvider=network,mTime=1290853966875,mLatitude=55.610584,mLongitude=12.31749,mHasAltitude=false,mAltitude=0.0,mHasSpeed=false,mSpeed=0.0,mHasBearing=false,mBearing=0.0,mHasAccuracy=true,mAccuracy=726.0,mExtras=Bundle[mParcelledData.dataSize=148]]
ADDRESS :

0.08
0.00
0.00
0.00
0.00
0.01
0.01
0.01
0.00
0.00
0.00
0.00
0.01
0.00
0.01
0.00
0.01
0.00
0.01
0.00
0.00
0.01
0.00
0.01
0.00
0.00
0.01
0.01
0.00
0.01
0.00
0.00
0.01
0.00
0.01
0.00
0.01
0.00
0.01
0.00
0.01
0.01
0.00
0.01
0.00
0.00
0.00
0.01
0.01
0.00
0.00
0.00
0.01
0.00
0.01
0.01
0.00
0.00
0.00
0.00
0.00
0.01
0.01
0.01
0.01
0.01
0.00
0.01
0.00
0.00
0.01
0.00
0.01
0.00
0.00
0.01
0.01
0.00
0.00
0.00
0.01
0.00
0.01
0.00
0.00
0.00
0.00
0.01
0.01
0.00
0.00
0.00
0.01
0.00
0.00
0.01
0.00
0.00
0.00
0.00
0.00
0.00
0.00
0.00
0.01
0.01
0.00
0.00
0.00
0.00
0.00
0.00
0.00
0.00
0.00
0.00
0.00
0.00
0.01
0.00
0.00
0.00
0.00
0.00
0.00
0.00
0.01
0.00
