GUESS    :MOVING_SM
STARTTIME:1290463401828
ENDTIME  :1290463416657
LOCALSPD :0.0
LONGSPD  :-1.0
LOCATION :Location[mProvider=network,mTime=1290463389372,mLatitude=55.74953522,mLongitude=12.37660868,mHasAltitude=false,mAltitude=0.0,mHasSpeed=false,mSpeed=0.0,mHasBearing=false,mBearing=0.0,mHasAccuracy=true,mAccuracy=50.0,mExtras=Bundle[mParcelledData.dataSize=148]]
ADDRESS :

3.43
2.45
5.03
2.96
4.02
4.85
2.78
5.94
7.30
4.05
5.07
8.69
2.59
0.41
4.03
2.41
1.35
2.33
6.55
10.15
3.61
1.21
1.87
3.35
3.79
5.05
5.86
5.28
2.18
3.02
3.70
2.07
1.73
3.53
2.00
1.29
1.57
2.98
3.23
1.48
1.14
3.42
1.14
2.27
5.52
2.62
3.36
4.00
2.27
0.50
3.15
1.42
6.74
2.68
11.99
17.77
10.76
3.00
6.97
11.58
5.37
16.45
6.40
15.68
10.53
5.63
5.53
4.75
3.60
1.96
5.20
4.33
2.56
1.12
0.95
0.56
0.99
0.93
1.73
1.42
0.35
0.04
0.16
0.11
0.19
0.04
0.07
0.11
0.07
0.12
0.15
0.11
0.12
0.04
0.04
0.11
0.19
0.11
0.11
0.11
0.03
0.08
0.11
0.03
0.04
0.07
0.07
0.07
0.07
0.04
0.04
0.04
0.04
0.03
0.04
0.07
0.04
0.07
0.08
0.04
0.04
0.08
0.07
0.08
0.04
0.08
0.04
0.03
0.04
0.08
0.11
0.07
0.07
0.04
0.08
0.07
0.11
0.08
0.08
0.04
0.15
0.08
0.12
0.12
0.03
0.07
0.07
0.07
0.11
0.11
0.04
0.07
0.04
0.07
0.07
0.08
0.11
0.07
0.07
0.04
0.15
0.11
0.07
0.08
0.04
0.07
0.07
0.11
0.11
0.03
0.07
0.04
0.03
0.03
0.11
0.07
0.11
0.07
0.04
0.04
0.07
0.08
0.11
0.08
0.07
0.03
0.04
0.07
0.04
0.11
0.12
0.08
0.08
0.11
0.03
0.04
0.03
0.07
0.08
0.12
0.08
0.04
0.08
0.04
0.04
0.04
0.12
0.12
0.12
0.08
0.08
0.07
0.11
0.12
0.03
0.11
0.04
0.16
0.04
0.16
0.03
0.03
0.08
0.12
0.04
0.04
0.08
0.12
0.08
0.08
0.15
0.11
0.04
0.08
0.04
0.04
0.08
0.12
0.16
0.08
0.04
0.08
0.07
0.15
0.08
0.16
0.25
0.16
0.04
0.27
0.19
0.03
0.03
0.04
0.04
0.08
