GUESS    :MOVING_ME
STARTTIME:1291048804574
ENDTIME  :1291048817726
LOCALSPD :4.6873584
LONGSPD  :4.096361
LOCATION :Location[mProvider=network,mTime=1291048815791,mLatitude=55.765318925,mLongitude=12.465532625,mHasAltitude=false,mAltitude=0.0,mHasSpeed=false,mSpeed=0.0,mHasBearing=false,mBearing=0.0,mHasAccuracy=true,mAccuracy=38.0,mExtras=Bundle[mParcelledData.dataSize=148]]
ADDRESS :

6.24
4.49
3.26
3.87
2.04
4.41
1.76
0.69
1.96
1.04
3.51
4.74
1.08
5.53
3.04
1.33
1.42
1.43
4.75
3.64
3.36
3.24
2.36
3.24
3.06
1.20
3.95
1.72
2.06
2.06
3.19
1.12
3.41
2.34
4.06
1.06
1.53
1.14
1.88
0.91
3.64
1.40
1.87
2.68
3.99
1.18
5.30
3.23
1.54
2.33
3.20
1.99
2.90
4.37
1.43
2.67
3.13
1.48
1.44
1.76
2.75
3.06
2.78
3.41
1.58
6.16
2.37
2.19
1.46
1.05
0.87
3.05
0.99
2.62
3.42
1.16
1.50
1.06
3.80
0.93
3.72
2.29
1.33
1.72
2.41
1.27
1.18
1.06
1.99
1.88
1.84
1.01
2.87
2.07
0.69
1.51
1.27
1.31
0.46
1.57
3.45
3.21
1.27
2.18
2.91
4.49
5.52
3.84
2.04
2.33
1.43
0.89
0.37
0.95
1.55
3.53
1.54
3.26
4.13
2.49
1.81
0.95
2.76
1.99
0.95
1.33
2.34
1.33
2.15
1.27
1.08
2.11
1.48
2.22
0.67
0.87
1.72
2.48
2.62
2.12
1.23
0.53
1.70
0.53
0.45
1.97
1.10
2.47
2.47
1.18
1.29
5.54
0.91
5.79
1.53
4.48
1.46
0.98
2.10
2.15
3.66
3.60
1.87
2.03
3.06
3.36
4.06
3.53
5.00
3.39
2.93
4.00
2.15
4.33
2.19
5.04
3.84
2.48
3.11
2.96
1.40
1.01
3.00
2.14
4.29
3.90
1.57
0.49
1.76
6.54
7.85
4.71
3.21
7.70
3.11
4.28
4.11
3.68
5.94
6.66
9.85
6.51
6.51
1.55
2.33
3.15
3.30
3.04
1.76
1.47
3.45
3.80
6.40
4.55
5.34
9.13
7.08
2.42
2.34
2.87
1.27
1.25
1.72
1.66
3.73
2.45
2.40
1.50
1.84
2.56
0.97
2.19
0.90
2.79
0.83
5.65
5.05
1.69
2.15
2.75
0.57
1.58
1.27
2.18
0.99
2.49
2.49
3.15
2.47
5.39
6.10
3.43
2.57
5.45
5.80
2.11
