GUESS    :MOVING_ME
STARTTIME:1291049038144
ENDTIME  :1291049051213
LOCALSPD :4.156189
LONGSPD  :5.106916
LOCATION :Location[mProvider=network,mTime=1291049040749,mLatitude=55.765672725,mLongitude=12.44505685,mHasAltitude=false,mAltitude=0.0,mHasSpeed=false,mSpeed=0.0,mHasBearing=false,mBearing=0.0,mHasAccuracy=true,mAccuracy=52.0,mExtras=Bundle[mParcelledData.dataSize=148]]
ADDRESS :

3.16
8.69
4.78
2.85
2.37
1.54
0.84
2.14
2.37
1.44
3.47
1.32
6.42
3.43
4.59
3.21
1.31
2.34
2.72
3.84
1.50
4.21
2.75
4.45
3.51
5.75
3.19
2.34
2.55
3.51
0.97
2.91
4.32
4.02
5.63
2.83
7.21
2.72
1.61
2.53
3.90
3.72
3.57
3.00
1.31
2.07
2.02
1.01
1.58
6.21
3.75
3.79
2.14
2.07
2.06
1.04
3.88
2.26
3.83
3.75
2.76
3.60
1.46
2.90
3.11
2.79
2.23
3.90
1.25
1.50
4.99
3.00
2.64
3.15
2.23
3.36
2.44
2.15
1.53
2.38
4.07
1.80
4.84
4.30
1.88
4.94
2.41
3.57
1.99
1.96
2.08
4.75
2.66
4.44
7.35
3.49
4.36
2.82
1.54
3.26
0.69
1.66
1.39
2.38
1.38
1.44
2.91
2.22
1.14
2.96
4.78
1.16
4.88
2.33
0.72
2.00
2.18
2.18
5.67
3.80
1.38
4.15
0.74
3.34
1.80
1.80
3.11
2.26
2.37
1.20
4.25
2.34
2.14
2.25
2.40
3.65
2.30
1.54
2.56
1.38
1.24
1.32
3.31
1.77
0.99
5.41
1.23
5.73
0.64
3.05
1.69
2.37
2.12
2.57
1.69
2.38
2.10
1.25
3.20
1.43
1.48
1.53
5.95
2.51
3.36
1.88
2.33
5.79
3.19
1.73
1.54
3.84
1.77
2.26
0.68
1.57
4.82
2.18
5.45
1.31
4.89
2.72
2.87
0.74
3.21
2.52
2.78
2.56
2.03
3.13
1.61
2.25
2.85
3.06
2.32
2.83
5.33
3.21
4.78
6.48
3.04
1.25
3.01
3.02
9.03
4.33
4.59
0.90
2.57
0.86
2.30
1.24
2.70
3.66
3.06
3.17
4.14
3.01
2.71
1.10
2.71
1.84
1.12
3.57
1.65
3.98
0.59
1.14
1.57
3.53
1.76
6.76
2.91
3.58
2.34
3.24
2.85
5.64
4.63
5.09
2.83
2.51
3.94
3.51
2.04
2.82
6.97
2.51
2.91
1.73
4.20
0.71
2.75
1.92
5.56
1.73
