GUESS    :MOVING_ME
STARTTIME:1291049776624
ENDTIME  :1291049789643
LOCALSPD :0.25707236
LONGSPD  :3.510674
LOCATION :Location[mProvider=network,mTime=1291049776064,mLatitude=55.750227699999996,mLongitude=12.39278355,mHasAltitude=false,mAltitude=0.0,mHasSpeed=false,mSpeed=0.0,mHasBearing=false,mBearing=0.0,mHasAccuracy=true,mAccuracy=75.0,mExtras=Bundle[mParcelledData.dataSize=148]]
ADDRESS :

2.56
1.38
1.45
1.17
0.83
0.39
0.20
0.12
0.29
0.35
0.34
0.50
0.42
0.29
0.39
0.17
0.03
0.13
0.11
0.30
0.30
0.52
0.42
0.39
0.33
0.10
0.22
0.10
0.18
0.17
0.06
0.26
0.26
0.26
0.35
0.21
0.26
0.20
0.24
0.33
0.26
0.17
0.29
0.17
0.25
0.23
0.20
0.21
0.05
0.22
0.19
0.23
0.26
0.29
0.29
0.21
0.15
0.29
0.05
0.04
0.09
0.07
0.06
0.06
0.13
0.11
0.17
0.24
0.15
0.11
0.23
0.21
0.17
0.24
0.19
0.03
0.08
0.14
0.08
0.23
0.21
0.23
0.20
0.08
0.15
0.06
0.11
0.11
0.13
0.28
0.26
0.22
0.21
0.22
0.26
0.14
0.16
0.14
0.30
0.38
0.39
0.59
0.44
0.50
0.31
0.42
0.18
0.25
0.15
0.15
0.15
0.16
0.07
0.11
0.08
0.22
0.40
0.27
0.26
0.26
0.10
0.15
0.10
0.25
0.21
0.31
0.28
0.36
