GUESS    :MOVING_ME
STARTTIME:1291047466354
ENDTIME  :1291047479373
LOCALSPD :2.0629923
LONGSPD  :0.43152466
LOCATION :Location[mProvider=network,mTime=1291047478620,mLatitude=55.7813234,mLongitude=12.5111112625,mHasAltitude=false,mAltitude=0.0,mHasSpeed=false,mSpeed=0.0,mHasBearing=false,mBearing=0.0,mHasAccuracy=true,mAccuracy=29.0,mExtras=Bundle[mParcelledData.dataSize=148]]
ADDRESS :

2.53
2.26
1.76
0.79
1.65
3.09
0.78
2.98
1.12
3.04
2.60
2.47
1.78
2.06
5.00
1.04
5.27
2.60
3.35
1.17
0.97
0.87
1.83
2.33
0.44
1.84
1.27
2.38
1.02
1.70
3.57
1.29
1.20
0.89
1.16
1.65
2.30
1.96
1.61
1.35
1.77
1.65
0.72
1.76
2.02
2.98
1.84
1.92
2.68
1.80
0.35
1.21
3.11
2.49
6.20
4.13
0.69
6.48
6.28
4.96
4.84
0.86
2.12
4.28
2.59
5.48
0.53
3.06
2.47
0.78
1.18
2.18
1.40
3.30
2.40
3.50
2.11
1.65
2.59
3.54
1.99
1.87
3.08
1.69
3.27
4.86
2.12
2.53
2.25
2.44
1.39
1.57
1.40
0.94
3.20
1.23
3.87
1.14
2.66
3.08
2.19
2.37
2.08
4.49
1.23
5.18
3.02
1.95
0.89
0.93
1.65
1.53
0.91
1.44
1.38
1.40
3.02
1.92
1.02
0.50
1.57
1.01
1.85
0.89
2.49
1.18
3.45
1.39
3.11
1.24
3.42
2.41
4.33
3.79
3.17
0.46
2.21
2.19
2.49
0.76
0.97
2.57
1.18
0.53
0.69
0.72
0.41
1.04
1.24
1.96
0.86
1.06
1.04
1.35
0.38
1.58
1.35
2.40
1.29
1.78
1.05
2.11
2.08
1.38
0.97
1.12
2.45
0.98
2.62
3.95
3.34
3.19
3.04
0.54
1.72
1.74
1.33
1.39
0.57
1.10
1.29
2.04
2.18
0.93
3.36
2.64
3.13
1.05
3.84
1.85
6.85
0.78
3.87
3.95
4.96
1.08
2.56
2.87
3.61
3.00
2.66
3.28
3.45
2.07
2.81
2.87
1.69
1.13
0.80
0.89
1.97
2.26
0.26
3.80
6.58
6.05
4.79
9.59
10.39
5.79
6.13
12.09
3.62
6.55
5.83
2.40
2.42
3.08
0.87
3.21
1.18
3.64
1.83
3.50
0.72
1.13
3.47
2.98
1.95
1.61
0.80
1.23
1.61
1.14
0.99
1.42
1.18
1.44
1.70
1.31
0.57
0.76
2.36
3.39
2.94
5.09
