GUESS    :MOVING_SM
STARTTIME:1291047556924
ENDTIME  :1291047569913
LOCALSPD :2.5482023
LONGSPD  :1.016857
LOCATION :Location[mProvider=network,mTime=1291047568709,mLatitude=55.77872375,mLongitude=12.5085739,mHasAltitude=false,mAltitude=0.0,mHasSpeed=false,mSpeed=0.0,mHasBearing=false,mBearing=0.0,mHasAccuracy=true,mAccuracy=72.0,mExtras=Bundle[mParcelledData.dataSize=148]]
ADDRESS :

1.33
0.63
0.12
0.12
0.30
0.28
0.06
0.05
0.26
0.14
0.16
0.21
0.32
0.03
0.02
0.13
0.08
0.20
0.12
0.09
0.09
0.16
0.08
0.09
0.12
0.19
0.10
0.10
0.17
0.01
0.13
0.10
0.08
0.12
0.14
0.05
0.14
0.06
0.03
0.06
0.11
0.04
0.05
0.08
0.01
0.07
0.21
0.15
0.05
0.07
0.11
0.13
0.03
0.13
0.15
0.08
0.17
0.18
0.05
0.03
0.05
0.15
0.05
0.08
0.09
0.09
0.04
0.10
0.06
0.10
0.03
0.09
0.09
0.04
0.01
0.02
0.04
0.07
0.04
0.09
0.09
0.05
0.10
0.09
0.05
0.04
0.06
0.03
0.05
0.02
0.07
0.07
0.08
0.03
0.11
0.07
0.14
0.15
0.09
0.07
0.06
0.09
0.10
0.09
0.16
0.04
0.06
0.06
0.06
0.09
0.12
0.02
0.08
0.11
0.08
0.07
0.08
0.05
0.09
0.03
0.04
0.08
0.08
0.04
0.11
0.00
0.09
0.01
