GUESS    :MOVING_ME
STARTTIME:1291047660909
ENDTIME  :1291047674023
LOCALSPD :0.0
LONGSPD  :1.1440436
LOCATION :Location[mProvider=network,mTime=1291047661155,mLatitude=55.77746953333334,mLongitude=12.507842833333333,mHasAltitude=false,mAltitude=0.0,mHasSpeed=false,mSpeed=0.0,mHasBearing=false,mBearing=0.0,mHasAccuracy=true,mAccuracy=54.0,mExtras=Bundle[mParcelledData.dataSize=148]]
ADDRESS :

2.53
2.03
4.64
2.41
0.46
1.57
0.72
0.89
1.76
4.03
0.27
4.48
1.06
4.10
0.78
5.28
2.47
1.28
1.18
2.04
2.96
3.02
1.92
2.18
2.53
4.41
6.76
8.54
2.72
4.55
5.08
5.41
2.56
1.96
4.17
1.29
2.12
2.36
1.20
2.19
2.18
2.41
0.87
1.24
1.24
1.99
3.87
3.94
2.41
7.18
6.95
2.15
2.18
4.13
3.13
2.90
2.11
2.87
3.04
2.22
2.89
0.79
2.94
4.21
3.31
4.44
2.41
4.18
5.64
4.15
0.69
0.79
5.41
4.07
2.29
4.90
2.93
1.42
3.15
4.44
1.88
3.72
1.69
3.51
2.14
3.17
2.62
1.50
3.02
4.70
4.74
3.30
7.12
4.45
2.79
1.68
2.22
0.76
4.07
1.99
5.37
3.54
5.11
4.94
2.79
0.99
3.99
3.23
1.42
1.13
3.94
2.76
2.57
2.71
1.14
1.84
3.99
3.91
3.68
1.24
2.87
1.18
1.84
1.97
2.44
0.80
1.43
3.04
3.46
2.00
1.63
1.36
4.28
2.33
5.13
2.26
4.70
0.93
7.01
3.72
7.31
0.50
6.24
1.44
2.68
1.23
1.80
0.27
1.12
1.18
0.93
0.91
2.29
3.24
2.14
2.06
0.99
3.58
3.05
1.14
1.84
0.46
0.84
1.61
2.07
2.26
1.65
0.49
1.46
1.99
3.53
3.43
6.29
1.35
4.90
1.54
0.99
0.46
2.32
3.94
1.96
1.16
1.80
1.31
0.57
1.92
3.57
1.87
2.29
0.78
0.89
1.81
1.58
0.89
1.83
1.53
2.71
2.71
3.72
3.13
7.93
1.88
9.22
5.35
4.63
3.20
3.04
0.63
1.21
3.96
1.38
4.18
0.69
5.05
4.25
3.42
0.65
3.60
7.63
6.17
2.49
1.58
0.41
2.15
1.16
1.80
1.01
2.76
1.20
1.02
0.72
1.38
1.17
2.14
2.45
0.64
1.38
1.25
1.29
0.39
0.93
2.23
0.25
2.56
1.29
2.48
2.14
1.21
1.12
2.38
0.99
1.62
0.49
1.69
2.08
1.38
