GUESS    :WALKING
STARTTIME:1291047803384
ENDTIME  :1291047816543
LOCALSPD :4.696736
LONGSPD  :3.6143668
LOCATION :Location[mProvider=network,mTime=1291047807493,mLatitude=55.77073125,mLongitude=12.503160300000001,mHasAltitude=false,mAltitude=0.0,mHasSpeed=false,mSpeed=0.0,mHasBearing=false,mBearing=0.0,mHasAccuracy=true,mAccuracy=66.0,mExtras=Bundle[mParcelledData.dataSize=148]]
ADDRESS :

4.25
0.23
0.17
0.06
0.59
0.23
0.20
0.13
0.01
0.09
0.28
0.39
0.11
0.13
0.11
0.19
0.28
0.27
0.07
0.27
0.18
0.43
0.13
0.77
0.81
1.60
1.24
0.04
0.10
0.20
0.35
0.33
0.10
0.06
0.14
0.20
0.14
0.24
0.12
0.04
0.17
0.38
0.15
0.15
0.10
0.33
0.23
0.10
0.24
0.20
0.17
0.22
0.23
0.19
0.27
0.14
0.20
0.17
0.29
0.09
0.28
0.01
0.09
0.16
0.32
0.17
0.21
0.15
0.02
0.30
0.22
0.48
0.53
0.37
0.34
0.03
0.46
0.39
0.27
0.30
0.30
0.31
0.14
0.33
0.08
0.24
0.24
0.16
0.33
0.29
0.06
0.09
0.10
0.15
0.36
0.45
0.64
0.09
0.11
0.25
0.41
0.38
0.40
0.55
0.16
0.43
0.24
0.13
0.21
0.10
0.38
0.11
0.35
0.26
0.23
0.25
0.18
0.13
0.35
0.34
0.40
0.21
0.13
0.22
0.09
0.15
0.02
0.28
