GUESS    :MOVING_SM
STARTTIME:1291047985926
ENDTIME  :1291047999513
LOCALSPD :0.0
LONGSPD  :2.2006252
LOCATION :Location[mProvider=network,mTime=1291047990731,mLatitude=55.7716923,mLongitude=12.5019828,mHasAltitude=false,mAltitude=0.0,mHasSpeed=false,mSpeed=0.0,mHasBearing=false,mBearing=0.0,mHasAccuracy=true,mAccuracy=60.0,mExtras=Bundle[mParcelledData.dataSize=148]]
ADDRESS :

0.08
0.12
0.16
0.12
0.08
0.12
0.27
0.03
0.08
0.27
0.38
0.82
0.78
0.46
0.94
0.76
0.49
1.17
0.74
0.89
0.48
0.30
0.52
0.44
0.84
0.44
0.25
0.26
0.34
0.18
0.35
0.22
0.19
0.69
0.29
0.30
0.76
0.23
0.69
0.38
0.69
0.49
0.57
0.23
0.45
0.53
0.65
0.22
0.11
0.35
0.35
0.34
0.12
0.44
0.53
0.42
0.57
0.49
0.27
0.30
0.27
0.22
0.31
0.04
0.12
0.23
0.54
0.30
0.16
0.35
0.57
0.23
0.27
0.41
0.30
0.16
0.20
0.15
0.18
0.10
0.19
0.35
0.16
0.26
0.30
0.19
0.26
0.35
0.74
0.54
0.52
0.16
0.35
0.08
0.15
0.35
0.15
0.12
0.20
0.23
0.19
0.56
0.49
0.41
0.49
0.19
0.18
0.35
0.34
0.31
0.42
0.49
0.44
0.20
0.45
0.42
0.30
0.31
0.07
0.15
0.34
0.23
0.45
0.12
0.31
0.16
0.04
0.04
0.19
0.22
0.16
0.08
0.20
0.23
0.31
0.42
0.30
0.22
0.07
0.23
0.30
0.35
0.25
0.61
0.42
0.23
0.34
0.60
0.59
0.12
0.33
0.12
0.48
0.65
0.15
0.12
0.31
0.30
0.22
0.33
0.29
0.25
0.23
0.34
0.34
0.31
0.12
0.27
0.08
0.42
0.34
0.29
0.15
0.31
0.20
0.08
0.25
0.33
0.34
0.38
0.44
0.46
0.19
0.39
0.54
0.45
0.12
0.49
0.49
0.27
0.38
0.42
0.16
0.26
0.19
0.08
0.34
0.30
0.23
0.11
0.26
0.23
0.22
0.78
0.23
0.53
0.42
0.23
0.23
0.38
0.35
0.20
0.30
0.18
0.14
0.12
0.11
0.45
0.12
0.16
0.11
0.07
0.20
0.08
0.22
0.27
0.15
0.14
0.12
0.10
0.14
0.08
0.22
0.11
0.07
0.15
0.11
0.07
0.03
0.04
0.20
0.23
0.25
0.25
0.31
0.31
0.39
0.49
0.68
0.44
0.07
0.29
0.50
0.38
0.84
1.73
