GUESS    :MOVING_ME
STARTTIME:1291048091284
ENDTIME  :1291048104163
LOCALSPD :0.0
LONGSPD  :1.3446134
LOCATION :Location[mProvider=network,mTime=1291048077635,mLatitude=55.7717764,mLongitude=12.501864900000001,mHasAltitude=false,mAltitude=0.0,mHasSpeed=false,mSpeed=0.0,mHasBearing=false,mBearing=0.0,mHasAccuracy=true,mAccuracy=60.0,mExtras=Bundle[mParcelledData.dataSize=148]]
ADDRESS :

1.84
2.65
1.73
1.21
0.77
0.49
0.35
0.33
0.37
0.37
0.30
0.48
0.47
0.42
0.48
0.51
0.65
0.63
0.26
0.14
0.28
0.31
0.28
0.35
0.46
0.62
0.73
0.69
0.66
0.52
0.34
0.15
0.07
0.22
0.35
0.42
0.40
0.40
0.45
0.51
0.63
0.71
0.73
0.64
0.48
0.26
0.11
0.21
0.34
0.31
0.16
0.13
0.17
0.15
0.21
0.32
0.43
0.46
0.41
0.33
0.18
0.06
0.10
0.12
0.08
0.10
0.13
0.20
0.27
0.20
0.10
0.03
0.17
0.24
0.26
0.20
0.17
0.21
0.15
0.12
0.14
0.24
0.34
0.33
0.31
0.29
0.24
0.14
0.17
0.30
0.34
0.27
0.27
0.34
0.27
0.19
0.19
0.09
0.08
0.09
0.19
0.25
0.23
0.23
0.15
0.10
0.09
0.19
0.28
0.29
0.27
0.28
0.23
0.11
0.12
0.09
0.07
0.11
0.04
0.09
0.13
0.13
0.13
0.17
0.16
0.10
0.07
0.15
