GUESS    :MOVING_SM
STARTTIME:1291048143240
ENDTIME  :1291048156083
LOCALSPD :0.0
LONGSPD  :1.2341131
LOCATION :Location[mProvider=network,mTime=1291048122640,mLatitude=55.7716923,mLongitude=12.5019828,mHasAltitude=false,mAltitude=0.0,mHasSpeed=false,mSpeed=0.0,mHasBearing=false,mBearing=0.0,mHasAccuracy=true,mAccuracy=60.0,mExtras=Bundle[mParcelledData.dataSize=148]]
ADDRESS :

1.34
1.30
0.46
0.57
0.90
0.85
0.67
0.22
0.26
0.39
0.32
0.24
0.33
0.39
0.51
0.59
0.55
0.42
0.53
0.61
0.57
0.47
0.48
0.55
0.52
0.32
0.10
0.10
0.23
0.32
0.32
0.24
0.19
0.23
0.39
0.50
0.48
0.39
0.39
0.38
0.37
0.37
0.29
0.28
0.32
0.22
0.13
0.18
0.21
0.23
0.23
0.19
0.15
0.23
0.29
0.25
0.21
0.22
0.21
0.29
0.25
0.11
0.08
0.24
0.21
0.18
0.16
0.11
0.07
0.16
0.14
0.16
0.24
0.21
0.12
0.14
0.24
0.28
0.23
0.19
0.19
0.29
0.20
0.13
0.11
0.09
0.08
0.14
0.14
0.10
0.07
0.13
0.13
0.15
0.13
0.16
0.13
0.10
0.12
0.14
0.12
0.10
0.08
0.09
0.10
0.05
0.03
0.10
0.07
0.06
0.08
0.10
0.13
0.05
0.09
0.13
0.21
0.13
0.01
0.11
0.13
0.04
0.05
0.02
0.08
0.10
0.06
0.01
