GUESS    :WALKING
STARTTIME:1291047310444
ENDTIME  :1291047323283
LOCALSPD :0.0
LONGSPD  :-1.0
LOCATION :Location[mProvider=network,mTime=1291047298662,mLatitude=55.782503559999995,mLongitude=12.513842469999998,mHasAltitude=false,mAltitude=0.0,mHasSpeed=false,mSpeed=0.0,mHasBearing=false,mBearing=0.0,mHasAccuracy=true,mAccuracy=53.0,mExtras=Bundle[mParcelledData.dataSize=148]]
ADDRESS :

2.76
4.41
2.07
2.85
0.57
1.68
2.23
2.70
4.34
1.13
2.36
1.24
1.46
1.08
0.19
3.43
2.32
2.86
3.76
2.02
2.19
1.80
1.20
1.42
0.65
0.80
0.61
1.46
0.52
3.81
2.00
2.71
3.45
4.26
2.82
2.71
0.91
1.57
3.62
3.28
4.71
1.81
10.72
8.06
10.28
8.73
7.38
0.79
1.42
1.39
2.23
2.07
5.18
4.99
10.28
7.23
4.02
5.35
4.22
1.54
2.41
4.22
2.78
2.52
7.72
7.64
5.26
5.42
4.48
3.49
1.73
1.46
3.70
7.59
2.87
7.90
5.52
9.49
3.88
5.72
3.51
0.91
2.55
3.58
3.09
2.76
9.03
10.96
8.16
6.40
4.60
3.13
0.91
1.27
1.58
9.08
6.46
13.76
7.59
5.13
4.28
4.29
3.45
1.80
2.74
4.58
6.02
5.60
16.10
12.45
5.94
4.18
6.02
4.05
3.72
0.89
7.71
5.05
15.79
6.36
5.28
2.52
4.84
3.87
1.57
1.87
1.58
11.50
24.61
21.66
9.90
8.13
5.30
6.76
3.49
6.25
26.55
5.52
20.83
7.14
5.09
2.34
0.93
2.00
7.59
2.48
12.44
15.09
5.54
5.20
4.99
2.33
2.71
3.65
5.13
2.34
5.78
10.19
9.38
7.12
4.99
3.68
0.95
1.04
7.14
2.37
4.29
15.10
11.26
7.31
5.56
4.82
2.11
0.84
5.11
8.05
6.59
24.37
14.08
8.95
5.60
5.16
1.99
2.30
8.92
4.88
4.33
14.11
14.04
8.01
6.92
5.30
1.96
2.44
5.33
4.29
0.53
3.15
16.51
15.70
4.55
6.59
4.33
0.83
4.06
7.23
4.86
8.16
15.96
4.11
5.05
4.71
3.17
3.27
3.32
6.78
3.00
9.49
9.92
4.64
8.00
4.75
1.31
3.76
7.23
4.03
3.55
12.48
12.22
5.54
4.41
5.01
1.57
2.68
3.76
7.57
1.16
7.82
5.90
5.72
7.72
4.20
1.17
4.21
10.00
4.25
3.51
13.09
9.62
6.48
6.35
3.30
1.72
1.08
7.31
4.41
