GUESS    :WALKING
STARTTIME:1288382722945
ENDTIME  :1288382737196
LOCALSPD :0.0
LONGSPD  :-1.0
LOCATION :Location[mProvider=network,mTime=1288382698112,mLatitude=55.579816666666666,mLongitude=13.428982566666667,mHasAltitude=false,mAltitude=0.0,mHasSpeed=false,mSpeed=0.0,mHasBearing=false,mBearing=0.0,mHasAccuracy=true,mAccuracy=75.0,mExtras=Bundle[mParcelledData.dataSize=148]]
ADDRESS :

2.10
2.00
1.16
0.89
1.23
1.99
1.66
1.24
1.62
1.08
0.83
2.15
1.12
0.87
0.76
1.16
0.63
1.10
0.79
0.39
0.19
0.59
0.46
0.74
1.46
1.02
1.44
0.75
1.25
1.14
0.50
1.29
0.38
0.65
1.16
0.46
0.84
1.04
0.74
0.65
0.91
1.51
0.33
0.11
0.83
0.67
0.69
0.22
1.27
0.53
0.99
1.92
1.04
1.08
1.01
1.80
0.64
0.93
0.53
1.10
0.95
1.10
1.50
2.26
0.72
0.84
1.61
4.02
1.84
2.18
2.85
2.00
2.52
1.29
1.50
0.94
4.96
3.00
1.33
2.32
0.74
2.19
0.80
1.97
0.89
2.12
1.09
1.55
1.47
0.84
1.12
0.42
0.31
0.35
0.94
1.38
0.80
0.57
0.57
0.23
0.74
0.82
0.65
0.29
0.68
0.54
0.57
0.76
0.79
0.44
1.10
0.95
1.04
1.63
2.14
0.93
0.87
1.31
0.69
0.78
1.14
1.72
2.56
1.68
1.27
1.91
1.83
1.17
1.14
1.08
1.65
1.33
1.32
1.01
3.19
1.81
1.99
1.95
1.14
2.08
0.37
0.46
1.25
1.08
0.22
2.83
0.26
2.26
3.17
2.85
3.87
1.80
0.91
1.84
2.64
1.10
1.83
1.50
3.23
0.87
4.02
2.83
2.33
1.27
2.37
1.96
3.08
1.92
3.72
2.83
1.23
1.48
1.16
1.47
1.39
3.08
2.76
3.06
2.33
0.90
1.35
2.18
1.04
0.89
0.50
1.18
2.21
1.43
1.27
0.87
3.57
5.53
1.31
1.91
1.65
1.46
2.49
2.03
5.35
5.26
1.31
2.10
2.81
2.63
1.72
1.24
1.21
1.50
1.76
1.80
0.84
3.49
1.35
4.84
3.46
3.17
2.94
0.69
1.35
0.84
1.35
1.02
4.70
4.22
4.26
2.26
2.52
1.84
1.61
0.83
2.11
1.05
2.56
2.10
4.29
3.91
0.46
1.08
0.59
0.41
1.35
0.99
0.59
0.26
0.61
1.04
1.10
0.41
0.27
0.59
0.23
0.15
0.18
0.27
1.31
0.65
