GUESS    :IDLE
STARTTIME:1288382531056
ENDTIME  :1288382544885
LOCALSPD :0.0
LONGSPD  :-1.0
LOCATION :Location[mProvider=network,mTime=1288382519242,mLatitude=55.58025056666667,mLongitude=13.428735833333334,mHasAltitude=false,mAltitude=0.0,mHasSpeed=false,mSpeed=0.0,mHasBearing=false,mBearing=0.0,mHasAccuracy=true,mAccuracy=75.0,mExtras=Bundle[mParcelledData.dataSize=148]]
ADDRESS :

0.14
0.03
0.07
0.01
0.06
0.04
0.07
0.03
0.06
0.02
0.04
0.03
0.03
0.03
0.02
0.02
0.03
0.01
0.03
0.00
0.02
0.02
0.02
0.01
0.02
0.01
0.03
0.02
0.03
0.02
0.02
0.02
0.02
0.03
0.03
0.02
0.01
0.03
0.01
0.02
0.01
0.02
0.01
0.02
0.01
0.02
0.01
0.01
0.01
0.01
0.00
0.01
0.01
0.01
0.01
0.01
0.01
0.00
0.01
0.01
0.01
0.01
0.01
0.01
0.00
0.01
0.01
0.01
0.01
0.00
0.01
0.00
0.00
0.00
0.00
0.00
0.01
0.01
0.01
0.01
0.01
0.01
0.00
0.00
0.00
0.00
0.01
0.00
0.00
0.01
0.01
0.01
0.01
0.01
0.01
0.00
0.01
0.01
0.00
0.00
0.01
0.00
0.00
0.01
0.01
0.00
0.00
0.01
0.01
0.01
0.00
0.00
0.00
0.01
0.00
0.00
0.00
0.00
0.00
0.00
0.00
0.00
0.00
0.00
0.00
0.00
0.00
0.00
