GUESS    :MOVING_SM
STARTTIME:1289600202565
ENDTIME  :1289600216555
LOCALSPD :0.0
LONGSPD  :0.0
LOCATION :Location[mProvider=network,mTime=1289600194828,mLatitude=55.74955208,mLongitude=12.37657768,mHasAltitude=false,mAltitude=0.0,mHasSpeed=false,mSpeed=0.0,mHasBearing=false,mBearing=0.0,mHasAccuracy=true,mAccuracy=50.0,mExtras=Bundle[mParcelledData.dataSize=148]]
ADDRESS :

0.51
0.44
0.35
0.32
0.22
0.16
0.22
0.19
0.13
0.11
0.15
0.13
0.09
0.03
0.08
0.04
0.08
0.06
0.06
0.07
0.03
0.03
0.05
0.05
0.04
0.11
0.02
0.02
0.05
0.06
0.06
0.10
0.12
0.08
0.05
0.05
0.06
0.07
0.03
0.10
0.10
0.09
0.12
0.14
0.12
0.05
0.05
0.03
0.06
0.05
0.04
0.03
0.07
0.03
0.01
0.03
0.01
0.01
0.03
0.02
0.03
0.02
0.05
0.04
0.06
0.01
0.04
0.04
0.05
0.04
0.02
0.03
0.00
0.01
0.02
0.01
0.04
0.05
0.07
0.07
0.09
0.09
0.08
0.09
0.06
0.07
0.05
0.06
0.07
0.06
0.04
0.03
0.04
0.04
0.05
0.05
0.03
0.03
0.03
0.02
0.03
0.02
0.03
0.03
0.02
0.04
0.02
0.03
0.03
0.02
0.03
0.01
0.02
0.04
0.05
0.06
0.04
0.06
0.05
0.06
0.03
0.04
0.03
0.03
0.01
0.01
0.04
0.03
