GUESS    :MOVING_SM
STARTTIME:1289599037998
ENDTIME  :1289599052004
LOCALSPD :0.0
LONGSPD  :0.0
LOCATION :Location[mProvider=network,mTime=1289599030361,mLatitude=55.7495518,mLongitude=12.376704733333334,mHasAltitude=false,mAltitude=0.0,mHasSpeed=false,mSpeed=0.0,mHasBearing=false,mBearing=0.0,mHasAccuracy=true,mAccuracy=50.0,mExtras=Bundle[mParcelledData.dataSize=148]]
ADDRESS :

0.16
0.04
0.01
0.03
0.05
0.01
0.00
0.01
0.03
0.02
0.05
0.02
0.01
0.01
0.01
0.01
0.01
0.00
0.01
0.01
0.01
0.01
0.01
0.01
0.01
0.01
0.01
0.01
0.02
0.01
0.02
0.01
0.01
0.01
0.01
0.01
0.01
0.02
0.00
0.00
0.01
0.00
0.01
0.00
0.01
0.01
0.01
0.01
0.02
0.01
0.00
0.01
0.01
0.01
0.01
0.00
0.00
0.01
0.01
0.01
0.01
0.00
0.01
0.00
0.01
0.01
0.00
0.01
0.01
0.02
0.01
0.01
0.00
0.01
0.01
0.00
0.01
0.01
0.00
0.00
0.01
0.01
0.00
0.00
0.01
0.01
0.01
0.01
0.00
0.01
0.01
0.00
0.00
0.00
0.00
0.01
0.01
0.01
0.01
0.01
0.01
0.01
0.00
0.01
0.01
0.00
0.01
0.00
0.01
0.01
0.01
0.01
0.01
0.01
0.01
0.01
0.01
0.00
0.01
0.01
0.03
0.00
0.01
0.02
0.01
0.01
0.01
0.00
