GUESS    :MOVING_ME
STARTTIME:1289204648921
ENDTIME  :1289204662418
LOCALSPD :0.0
LONGSPD  :0.0
LOCATION :Location[mProvider=network,mTime=1289204625055,mLatitude=55.7496045,mLongitude=12.3767543,mHasAltitude=false,mAltitude=0.0,mHasSpeed=false,mSpeed=0.0,mHasBearing=false,mBearing=0.0,mHasAccuracy=true,mAccuracy=50.0,mExtras=Bundle[mParcelledData.dataSize=148]]
ADDRESS :

2.29
1.72
1.73
3.43
1.08
3.64
1.29
2.72
1.29
3.00
0.45
3.41
2.36
1.18
1.35
3.38
5.75
0.93
1.66
0.99
5.09
3.17
6.44
1.18
3.76
1.61
2.15
2.42
1.08
1.77
2.02
0.99
1.77
1.92
2.06
0.95
2.11
0.84
1.88
1.40
3.49
6.48
1.28
1.25
1.80
3.41
4.40
1.66
5.72
2.26
5.26
2.78
4.28
2.03
2.07
2.14
3.94
2.72
4.29
1.80
2.11
0.89
0.99
1.57
1.01
1.78
0.91
0.23
1.18
1.38
0.50
2.90
0.99
2.11
1.18
3.65
1.65
2.94
4.64
6.24
3.04
2.07
2.15
1.62
1.65
1.24
1.02
1.53
1.08
1.47
0.30
1.21
0.95
1.50
2.30
2.26
0.50
1.27
1.69
0.57
0.95
1.80
0.71
1.50
1.27
2.07
0.68
3.06
2.52
1.58
1.78
1.62
1.25
2.68
3.28
1.33
2.14
0.89
1.47
0.91
0.93
0.91
1.16
1.51
1.40
1.24
0.72
1.50
1.06
0.12
1.10
0.52
1.50
0.69
0.30
1.04
1.05
0.26
0.93
1.89
0.87
1.54
0.50
0.80
0.64
0.61
0.34
0.72
0.41
0.99
1.29
1.36
0.59
0.52
0.38
1.48
0.84
1.54
0.49
0.61
1.18
0.54
0.89
1.08
0.87
1.08
1.21
1.59
1.05
1.18
2.48
1.04
2.03
1.05
0.18
1.55
0.82
0.69
1.27
2.57
0.95
0.50
2.00
2.23
3.88
1.42
1.25
1.69
2.25
0.31
1.47
1.73
1.46
2.18
1.81
1.54
1.35
1.42
0.98
0.68
1.61
0.80
1.68
1.33
0.97
1.04
0.95
2.42
2.06
0.84
2.07
1.35
0.80
1.48
0.80
0.89
1.20
0.97
0.45
0.89
0.71
1.35
0.69
1.28
0.97
0.97
1.84
0.61
1.55
0.59
1.50
2.10
4.33
3.79
3.84
5.26
3.36
6.02
8.99
1.72
1.44
1.80
6.33
7.67
3.26
0.53
0.56
4.60
1.72
2.25
2.10
1.20
4.30
1.65
2.52
0.31
