GUESS    :MOVING_SM
STARTTIME:1289204797248
ENDTIME  :1289204810804
LOCALSPD :0.0
LONGSPD  :0.0
LOCATION :Location[mProvider=network,mTime=1289204805282,mLatitude=55.7496045,mLongitude=12.3767543,mHasAltitude=false,mAltitude=0.0,mHasSpeed=false,mSpeed=0.0,mHasBearing=false,mBearing=0.0,mHasAccuracy=true,mAccuracy=50.0,mExtras=Bundle[mParcelledData.dataSize=148]]
ADDRESS :

0.53
0.97
0.89
0.39
0.30
0.64
0.49
0.48
0.16
0.37
0.35
0.42
0.45
0.27
0.50
0.71
0.69
0.31
0.31
0.34
0.19
0.42
0.26
0.12
0.27
0.45
1.78
1.61
0.53
0.79
0.61
0.54
0.34
0.22
0.16
0.18
0.27
0.30
0.27
0.18
0.27
0.22
0.12
0.26
0.31
0.27
0.23
0.34
0.22
0.23
0.12
0.16
0.04
0.12
0.20
0.27
0.15
0.49
0.39
0.68
0.41
0.23
0.19
0.14
0.16
0.16
0.04
0.72
2.07
0.91
0.19
0.46
1.27
0.15
0.61
0.07
0.31
0.34
0.23
0.20
0.11
0.34
0.11
0.07
0.27
0.11
0.27
0.08
0.07
0.22
0.16
0.11
0.30
0.30
0.71
0.56
0.63
0.35
0.26
0.23
0.42
0.29
0.12
0.25
0.19
0.04
0.12
0.15
0.14
0.07
0.07
0.08
0.12
0.08
0.16
0.23
0.16
0.23
0.19
0.08
0.18
0.33
0.53
0.19
0.27
0.19
0.11
0.19
0.19
0.20
0.34
0.16
0.27
0.27
0.26
0.33
0.16
0.12
0.12
0.25
0.35
0.29
0.80
0.98
1.21
0.64
0.93
0.19
0.53
0.35
0.12
0.31
0.38
0.46
0.27
0.53
0.15
0.23
0.38
0.22
0.54
0.15
0.34
0.20
0.20
0.08
0.31
0.20
0.19
0.23
0.49
0.18
0.27
0.11
0.31
0.16
0.27
0.07
0.23
0.08
0.14
0.04
0.12
0.23
0.15
0.08
0.04
0.25
0.27
0.31
0.54
0.27
0.30
0.27
0.16
0.16
0.23
0.15
0.12
0.25
0.27
0.30
0.65
0.53
0.65
1.20
0.83
0.95
0.72
0.69
0.83
1.25
0.76
1.96
2.07
1.29
5.48
4.58
1.25
2.75
1.40
1.83
2.49
0.93
1.66
1.95
1.20
1.78
0.84
2.81
2.85
1.10
2.34
1.23
0.76
1.10
1.77
2.78
2.76
1.14
2.75
2.85
1.92
0.49
2.07
1.33
0.94
1.58
6.78
2.07
1.72
2.75
2.86
0.69
1.69
1.12
