GUESS    :MOVING_ME
STARTTIME:1289204824235
ENDTIME  :1289204837644
LOCALSPD :0.0
LONGSPD  :0.0
LOCATION :Location[mProvider=network,mTime=1289204805282,mLatitude=55.7496045,mLongitude=12.3767543,mHasAltitude=false,mAltitude=0.0,mHasSpeed=false,mSpeed=0.0,mHasBearing=false,mBearing=0.0,mHasAccuracy=true,mAccuracy=50.0,mExtras=Bundle[mParcelledData.dataSize=148]]
ADDRESS :

4.55
5.97
5.33
1.77
4.32
2.02
3.65
1.31
2.75
2.98
1.61
5.48
3.30
3.30
5.08
3.28
3.24
4.81
2.18
3.08
1.96
2.56
1.81
2.10
1.99
2.14
1.23
2.14
1.25
0.75
2.48
1.38
1.12
0.61
1.12
0.84
0.54
0.45
1.72
0.80
0.61
1.31
1.13
1.31
1.23
1.04
2.29
3.41
1.12
2.17
1.16
1.17
1.87
1.40
0.15
0.89
3.55
2.48
2.66
1.88
0.78
1.84
1.58
1.46
2.22
0.93
1.66
0.76
1.76
0.74
2.07
0.93
1.25
3.26
0.69
5.23
4.70
0.64
1.39
2.27
1.20
1.76
2.22
1.18
2.98
1.91
2.26
0.87
4.77
3.00
3.36
3.09
10.04
11.97
5.63
3.36
5.33
2.86
3.38
4.54
1.65
0.52
3.79
1.91
3.17
1.29
2.75
4.17
0.97
1.58
1.74
0.89
2.03
1.06
1.12
1.53
1.54
1.92
1.29
1.50
2.07
0.49
0.89
1.10
0.87
3.21
3.39
3.02
4.37
2.11
3.66
1.95
0.53
1.08
0.80
1.27
0.89
0.19
1.14
1.08
4.56
6.88
5.00
7.06
2.19
8.09
5.61
4.82
6.97
4.52
5.91
4.14
3.21
4.37
5.37
4.59
3.75
6.37
4.26
3.31
1.10
7.74
4.56
6.50
6.82
1.46
2.83
2.19
0.93
1.43
3.76
4.58
4.88
3.72
4.60
3.75
0.80
3.23
1.35
3.06
5.33
2.83
1.87
1.58
1.62
2.90
2.55
2.71
2.96
4.94
5.05
4.10
0.33
1.57
2.11
4.70
3.62
1.29
3.08
3.57
0.68
2.33
4.96
1.84
3.99
5.69
2.82
10.61
5.09
5.18
1.61
2.79
1.10
1.10
1.31
2.60
1.23
0.95
1.44
1.38
1.46
1.25
1.02
1.08
3.04
1.96
1.08
1.32
1.85
2.48
1.73
6.21
7.57
3.06
0.93
2.60
2.44
1.91
1.23
1.87
2.71
3.02
1.23
1.01
3.06
1.31
1.10
1.23
0.41
1.68
0.80
0.99
0.95
0.82
1.08
0.64
