GUESS    :MOVING_ME
STARTTIME:1289205377336
ENDTIME  :1289205390797
LOCALSPD :0.0
LONGSPD  :0.0
LOCATION :Location[mProvider=network,mTime=1289205356208,mLatitude=55.7496045,mLongitude=12.3767543,mHasAltitude=false,mAltitude=0.0,mHasSpeed=false,mSpeed=0.0,mHasBearing=false,mBearing=0.0,mHasAccuracy=true,mAccuracy=50.0,mExtras=Bundle[mParcelledData.dataSize=148]]
ADDRESS :

1.27
2.66
3.51
1.31
6.07
5.09
2.83
1.48
3.62
2.11
2.62
1.96
0.67
1.83
1.48
1.06
2.74
3.76
2.87
1.54
2.96
1.36
1.99
1.12
2.11
3.02
3.11
2.94
4.10
1.51
1.53
1.99
3.28
1.77
2.56
2.42
1.77
2.17
1.95
2.23
3.17
1.25
1.76
2.19
2.15
1.05
1.04
1.06
1.10
3.49
0.69
1.31
1.40
3.01
2.10
2.98
0.94
1.12
0.78
2.11
2.03
2.19
2.89
3.73
0.90
1.87
1.80
1.43
2.87
1.33
4.21
3.51
3.95
2.93
2.02
1.76
2.97
1.99
2.12
2.64
1.42
0.35
1.04
1.27
3.17
1.57
1.31
1.27
1.50
3.02
2.66
0.87
1.38
3.54
5.43
5.76
2.14
2.49
2.11
1.66
1.53
2.11
1.93
3.72
1.77
2.38
0.84
1.84
2.07
1.23
3.24
1.57
1.43
2.72
1.65
0.31
2.72
1.95
2.38
3.90
2.64
4.77
0.48
0.46
1.80
1.68
2.49
0.59
1.21
1.50
1.10
0.91
1.57
1.04
3.15
1.57
2.72
1.43
2.30
3.70
0.94
1.33
3.64
3.32
1.77
4.17
5.33
5.28
2.79
1.39
1.02
1.14
3.06
5.49
2.11
1.53
3.39
1.72
1.73
3.28
1.65
1.43
2.96
4.94
2.41
2.41
1.65
3.38
2.07
1.91
1.08
0.80
1.46
1.18
1.27
2.48
1.57
1.99
0.84
1.53
3.11
1.53
0.23
2.12
2.18
2.44
4.29
1.50
2.79
2.72
2.19
1.16
2.34
2.98
3.21
4.32
2.15
2.21
0.84
3.91
2.49
2.04
2.87
1.01
2.06
2.03
1.69
1.63
2.63
2.19
3.87
3.64
4.47
3.88
2.76
2.37
0.80
0.95
1.83
4.14
3.13
1.50
4.06
6.37
2.17
5.48
4.02
2.96
2.21
1.17
1.32
1.76
1.85
4.37
5.54
4.05
2.02
1.02
5.00
1.88
4.33
4.02
3.04
1.46
2.22
1.87
1.53
0.89
2.38
3.88
1.73
4.24
4.73
3.60
6.70
5.41
