GUESS    :WALKING
STARTTIME:1289205580856
ENDTIME  :1289205594424
LOCALSPD :0.0
LONGSPD  :0.0
LOCATION :Location[mProvider=network,mTime=1289205536389,mLatitude=55.7496045,mLongitude=12.3767543,mHasAltitude=false,mAltitude=0.0,mHasSpeed=false,mSpeed=0.0,mHasBearing=false,mBearing=0.0,mHasAccuracy=true,mAccuracy=50.0,mExtras=Bundle[mParcelledData.dataSize=148]]
ADDRESS :

4.00
1.19
0.86
0.47
0.38
0.13
0.42
0.48
0.33
0.20
0.15
0.48
0.60
0.15
0.40
0.28
0.48
0.30
0.08
0.35
0.17
0.25
0.53
0.42
0.67
0.64
1.54
0.54
0.13
0.20
0.23
0.26
0.13
0.23
0.15
0.02
0.20
0.09
0.16
0.06
0.12
0.20
0.16
0.21
0.27
0.25
0.19
0.25
0.08
0.17
0.42
0.22
0.19
0.23
0.15
0.12
0.04
0.41
0.05
0.27
0.16
0.32
0.11
0.17
0.10
0.20
0.07
0.28
0.19
0.30
0.26
0.20
0.46
0.38
0.30
0.08
0.28
0.21
0.32
0.31
0.06
0.21
0.18
0.29
0.26
0.09
0.19
0.24
0.14
0.25
0.33
0.32
0.13
0.30
0.11
0.14
0.15
0.15
0.35
0.29
0.33
0.14
0.14
0.14
0.10
0.11
0.19
0.10
0.08
0.07
0.10
0.35
0.05
0.21
0.16
0.03
0.11
0.17
0.17
0.09
0.21
0.19
0.21
0.18
0.20
0.24
0.56
0.11
