GUESS    :MOVING_ME
STARTTIME:1289203082769
ENDTIME  :1289203096729
LOCALSPD :0.0
LONGSPD  :0.0
LOCATION :Location[mProvider=network,mTime=1289203094290,mLatitude=55.74958615,mLongitude=12.3767289,mHasAltitude=false,mAltitude=0.0,mHasSpeed=false,mSpeed=0.0,mHasBearing=false,mBearing=0.0,mHasAccuracy=true,mAccuracy=50.0,mExtras=Bundle[mParcelledData.dataSize=148]]
ADDRESS :

4.48
2.07
2.00
1.02
0.74
2.18
1.46
0.84
1.16
0.45
0.56
1.47
1.18
1.46
0.42
2.34
1.29
2.90
2.11
1.33
1.27
1.99
1.39
0.57
0.89
1.23
0.95
0.52
0.27
1.33
1.43
3.46
3.34
5.30
4.62
2.83
2.17
0.97
3.49
1.92
3.72
1.91
3.42
1.58
7.40
6.62
3.75
1.93
3.60
6.27
4.25
2.72
1.24
2.15
3.34
2.83
2.83
4.92
7.42
6.92
5.43
6.99
3.42
4.13
5.86
4.93
8.77
5.22
2.29
2.47
1.84
1.20
1.18
1.95
1.58
0.82
2.04
2.11
1.14
2.04
2.96
0.46
1.50
1.12
0.90
4.25
2.14
0.99
2.79
1.04
2.67
3.76
7.27
1.43
2.15
4.93
2.30
3.36
1.10
0.99
2.21
1.87
1.27
1.80
1.99
0.57
3.26
2.25
3.21
2.60
1.65
1.65
2.33
0.54
1.04
0.93
0.63
0.79
0.19
1.59
1.95
0.65
1.58
0.49
1.63
0.39
1.33
0.38
0.29
0.76
0.76
1.88
0.69
0.93
0.15
1.05
0.30
0.69
1.28
0.95
0.80
0.82
0.15
2.30
1.04
1.16
1.29
0.91
0.45
0.34
0.97
0.38
0.57
1.23
2.34
2.38
1.61
1.76
3.47
3.31
7.06
7.27
3.26
2.37
2.11
0.23
0.76
1.91
2.87
1.73
0.95
1.81
0.89
1.01
3.96
3.30
3.83
2.08
1.55
1.99
1.88
1.23
0.78
1.65
1.08
1.92
3.65
3.49
3.64
3.19
1.83
1.73
1.14
1.58
1.28
0.84
1.29
0.46
0.45
1.53
1.69
5.11
1.42
4.13
5.78
2.07
3.19
1.92
1.04
1.23
1.18
1.28
1.47
0.97
1.43
0.49
1.62
0.95
0.64
0.90
3.08
2.02
2.56
3.62
4.40
2.83
2.81
2.66
3.02
5.20
4.22
2.22
1.53
1.88
1.80
6.28
1.44
2.14
1.04
0.33
0.44
0.22
0.64
0.35
1.23
0.69
0.84
0.27
0.99
0.68
0.44
0.90
0.44
1.73
1.62
2.90
