GUESS    :MOVING_SM
STARTTIME:1289203233191
ENDTIME  :1289203246626
LOCALSPD :0.0
LONGSPD  :0.0
LOCATION :Location[mProvider=network,mTime=1289203221960,mLatitude=55.7496045,mLongitude=12.3767543,mHasAltitude=false,mAltitude=0.0,mHasSpeed=false,mSpeed=0.0,mHasBearing=false,mBearing=0.0,mHasAccuracy=true,mAccuracy=50.0,mExtras=Bundle[mParcelledData.dataSize=148]]
ADDRESS :

1.35
0.76
0.43
0.54
0.17
0.26
0.27
0.45
0.26
0.25
0.19
0.17
0.46
0.16
0.22
0.06
0.03
0.30
0.41
0.13
0.27
0.48
0.15
0.18
0.24
0.19
0.13
0.13
0.15
0.15
0.09
0.19
0.16
0.01
0.19
0.11
0.07
0.07
0.08
0.16
0.07
0.12
0.07
0.18
0.15
0.14
0.08
0.13
0.05
0.13
0.09
0.10
0.10
0.03
0.06
0.04
0.08
0.15
0.10
0.15
0.01
0.09
0.07
0.10
0.06
0.11
0.12
0.06
0.07
0.10
0.07
0.06
0.01
0.02
0.10
0.13
0.07
0.05
0.11
0.05
0.04
0.01
0.04
0.11
0.10
0.11
0.11
0.05
0.08
0.05
0.05
0.11
0.10
0.13
0.13
0.02
0.04
0.05
0.03
0.05
0.05
0.13
0.01
0.12
0.08
0.08
0.06
0.02
0.00
0.07
0.07
0.05
0.07
0.01
0.19
0.08
0.11
0.13
0.14
0.09
0.04
0.10
0.09
0.04
0.07
0.09
0.15
0.06
