GUESS    :MOVING_ME
STARTTIME:1289203570735
ENDTIME  :1289203584252
LOCALSPD :0.0
LONGSPD  :0.0
LOCATION :Location[mProvider=network,mTime=1289203526718,mLatitude=55.7496045,mLongitude=12.3767543,mHasAltitude=false,mAltitude=0.0,mHasSpeed=false,mSpeed=0.0,mHasBearing=false,mBearing=0.0,mHasAccuracy=true,mAccuracy=50.0,mExtras=Bundle[mParcelledData.dataSize=148]]
ADDRESS :

1.79
0.24
0.30
0.34
0.19
0.21
0.27
0.19
0.19
0.15
0.09
0.10
0.26
0.26
0.14
0.11
0.19
0.20
0.22
0.27
0.07
0.29
0.12
0.04
0.11
0.05
0.08
0.09
0.14
0.14
0.05
0.01
0.03
0.05
0.13
0.11
0.10
0.15
0.06
0.01
0.10
0.03
0.07
0.06
0.09
0.15
0.09
0.11
0.17
0.02
0.05
0.11
0.05
0.16
0.08
0.10
0.12
0.09
0.10
0.13
0.07
0.02
0.09
0.12
0.06
0.16
0.14
0.05
0.03
0.13
0.09
0.08
0.02
0.05
0.04
0.14
0.04
0.02
0.08
0.06
0.06
0.06
0.10
0.05
0.09
0.06
0.05
0.07
0.05
0.08
0.02
0.09
0.14
0.12
0.09
0.18
0.12
0.16
0.04
0.14
0.10
0.09
0.16
0.10
0.14
0.14
0.05
0.05
0.06
0.15
0.20
0.09
0.14
0.13
0.13
0.12
0.09
0.22
0.22
0.15
0.07
0.21
0.02
0.23
0.07
0.19
0.13
0.15
