GUESS    :MOVING_SM
STARTTIME:1288615902233
ENDTIME  :1288615916128
LOCALSPD :-1.0
LONGSPD  :-1.0
LOCATION :Location[mProvider=network,mTime=1288615893869,mLatitude=55.78251023,mLongitude=12.51395238,mHasAltitude=false,mAltitude=0.0,mHasSpeed=false,mSpeed=0.0,mHasBearing=false,mBearing=0.0,mHasAccuracy=true,mAccuracy=53.0,mExtras=Bundle[mParcelledData.dataSize=148]]
ADDRESS :

0.27
9.53
0.19
0.07
0.03
0.08
0.07
0.08
0.11
0.08
0.04
0.08
0.08
0.12
0.04
0.16
0.19
0.03
0.08
0.08
0.04
0.12
0.04
0.12
0.12
0.16
0.12
0.08
0.20
0.04
0.08
0.08
0.04
0.04
0.04
0.04
0.12
0.08
0.08
0.11
0.11
0.04
0.04
0.16
0.16
0.12
0.12
0.12
0.12
0.04
0.04
0.08
0.04
0.08
0.12
0.12
0.12
0.20
0.25
0.25
0.31
0.23
0.20
0.54
0.07
0.34
0.30
0.42
0.20
0.34
0.44
0.27
0.29
0.16
0.23
0.15
0.08
0.23
0.07
0.29
0.11
0.31
0.16
0.25
0.14
0.14
0.12
0.12
0.20
0.27
0.15
0.33
0.12
0.20
0.12
0.08
0.12
0.08
0.20
0.08
0.08
0.07
0.12
0.18
0.15
0.16
0.16
0.08
0.12
0.04
0.04
0.12
0.08
0.12
0.08
0.11
0.08
0.07
0.04
0.04
0.08
0.12
0.04
0.04
0.08
0.04
0.04
0.12
0.08
0.12
0.16
0.12
0.08
0.08
0.08
0.04
0.12
0.08
0.04
0.15
0.19
0.08
0.04
0.12
0.08
0.08
0.19
0.11
0.12
0.12
0.04
0.12
0.08
0.04
0.04
0.08
0.04
0.12
0.16
0.08
0.04
0.16
0.25
0.16
0.12
0.12
0.16
0.12
0.12
0.12
0.04
0.08
0.08
0.12
0.04
0.08
0.12
0.08
0.08
0.08
0.08
0.12
0.20
0.08
0.12
0.04
0.08
0.08
0.04
0.12
0.16
0.12
0.12
0.16
0.08
0.04
0.12
0.16
0.08
0.12
0.08
0.04
0.16
0.20
0.08
0.12
0.12
0.04
0.08
0.04
0.12
0.19
0.11
0.08
0.15
0.11
0.08
0.08
0.04
0.04
0.08
0.04
0.16
0.12
0.04
0.08
0.04
0.25
0.16
0.16
0.08
0.08
0.20
0.08
0.08
0.12
0.08
0.08
0.19
0.11
0.12
0.08
0.08
0.04
0.08
0.12
0.08
0.08
0.08
0.12
0.08
0.12
0.08
0.04
0.07
0.19
